8 16777216 70277.0 70277.0 70277.0 3.81967722014 3.81967722014 3.81967722014 0.954919305036 0.954919305036 0.954919305036
16 8388608 34977.0 34977.0 34977.0 7.67462778397 7.67462778397 7.67462778397 1.91865694599 1.91865694599 1.91865694599
24 4194304 17514.0 17514.0 17514.0 11.4951805413 11.4951805413 11.4951805413 2.87379513532 2.87379513532 2.87379513532
32 4194304 17635.0 17635.0 17635.0 15.2217440318 15.2217440318 15.2217440318 3.80543600794 3.80543600794 3.80543600794
40 2097152 8857.0 8857.0 8857.0 18.9423235859 18.9423235859 18.9423235859 4.73558089647 4.73558089647 4.73558089647
48 2097152 10220.0 10220.0 10220.0 19.6992751468 19.6992751468 19.6992751468 4.92481878669 4.92481878669 4.92481878669
56 2097152 8872.0 8872.0 8872.0 26.4744165915 26.4744165915 26.4744165915 6.61860414788 6.61860414788 6.61860414788
64 2097152 10795.0 10795.0 10795.0 24.8666471515 24.8666471515 24.8666471515 6.21666178786 6.21666178786 6.21666178786
72 1048576 6138.0 6138.0 6138.0 24.6000234604 24.6000234604 24.6000234604 6.1500058651 6.1500058651 6.1500058651
80 1048576 6996.0 6996.0 6996.0 23.9811549457 23.9811549457 23.9811549457 5.99528873642 5.99528873642 5.99528873642
88 1048576 6840.0 6840.0 6840.0 26.980902924 26.980902924 26.980902924 6.74522573099 6.74522573099 6.74522573099
96 1048576 6732.0 6732.0 6732.0 29.9059108734 29.9059108734 29.9059108734 7.47647771836 7.47647771836 7.47647771836
104 1048576 7098.0 7098.0 7098.0 30.7275018315 30.7275018315 30.7275018315 7.68187545788 7.68187545788 7.68187545788
112 1048576 7581.0 7581.0 7581.0 30.9828550323 30.9828550323 30.9828550323 7.74571375808 7.74571375808 7.74571375808
120 1048576 8076.0 8076.0 8076.0 31.1612481426 31.1612481426 31.1612481426 7.79031203566 7.79031203566 7.79031203566
128 1048576 4863.0 4863.0 4863.0 55.1995591199 55.1995591199 55.1995591199 13.79988978 13.79988978 13.79988978
136 524288 2456.0 2456.0 2456.0 58.0644690554 58.0644690554 58.0644690554 14.5161172638 14.5161172638 14.5161172638
144 524288 2478.0 2478.0 2478.0 60.9341985472 60.9341985472 60.9341985472 15.2335496368 15.2335496368 15.2335496368
152 524288 2458.0 2458.0 2458.0 64.8427794955 64.8427794955 64.8427794955 16.2106948739 16.2106948739 16.2106948739
160 524288 2421.0 2421.0 2421.0 69.2987030153 69.2987030153 69.2987030153 17.3246757538 17.3246757538 17.3246757538
176 524288 2467.0 2467.0 2467.0 74.8072055128 74.8072055128 74.8072055128 18.7018013782 18.7018013782 18.7018013782
192 524288 2819.0 2819.0 2819.0 71.4177339482 71.4177339482 71.4177339482 17.8544334871 17.8544334871 17.8544334871
208 524288 3960.0 3960.0 3960.0 55.0767191919 55.0767191919 55.0767191919 13.769179798 13.769179798 13.769179798
224 524288 4030.0 4030.0 4030.0 58.2831325062 58.2831325062 58.2831325062 14.5707831266 14.5707831266 14.5707831266
240 524288 4390.0 4390.0 4390.0 57.3253394077 57.3253394077 57.3253394077 14.3313348519 14.3313348519 14.3313348519
264 262144 1540.0 1540.0 1540.0 89.8779428571 89.8779428571 89.8779428571 22.4694857143 22.4694857143 22.4694857143
288 262144 1323.0 1323.0 1323.0 114.130721088 114.130721088 114.130721088 28.5326802721 28.5326802721 28.5326802721
312 262144 1680.0 1680.0 1680.0 97.3677714286 97.3677714286 97.3677714286 24.3419428571 24.3419428571 24.3419428571
336 262144 2144.0 2144.0 2144.0 82.1645373134 82.1645373134 82.1645373134 20.5411343284 20.5411343284 20.5411343284
368 262144 2449.0 2449.0 2449.0 78.7823536137 78.7823536137 78.7823536137 19.6955884034 19.6955884034 19.6955884034
400 262144 1610.0 1610.0 1610.0 130.257888199 130.257888199 130.257888199 32.5644720497 32.5644720497 32.5644720497
440 262144 3293.0 3293.0 3293.0 70.0536653507 70.0536653507 70.0536653507 17.5134163377 17.5134163377 17.5134163377
480 262144 2500.0 2500.0 2500.0 100.663296 100.663296 100.663296 25.165824 25.165824 25.165824
528 131072 1056.0 1056.0 1056.0 131.072 131.072 131.072 32.768 32.768 32.768
576 131072 1226.0 1226.0 1226.0 123.160639478 123.160639478 123.160639478 30.7901598695 30.7901598695 30.7901598695
632 131072 1638.0 1638.0 1638.0 101.144693529 101.144693529 101.144693529 25.2861733822 25.2861733822 25.2861733822
688 131072 1450.0 1450.0 1450.0 124.382808276 124.382808276 124.382808276 31.095702069 31.095702069 31.095702069
752 131072 1707.0 1707.0 1707.0 115.484644405 115.484644405 115.484644405 28.8711611013 28.8711611013 28.8711611013
824 131072 1674.0 1674.0 1674.0 129.03623417 129.03623417 129.03623417 32.2590585424 32.2590585424 32.2590585424
904 131072 1776.0 1776.0 1776.0 133.433657658 133.433657658 133.433657658 33.3584144144 33.3584144144 33.3584144144
992 131072 2098.0 2098.0 2098.0 123.949879886 123.949879886 123.949879886 30.9874699714 30.9874699714 30.9874699714
1088 65536 1107.0 1107.0 1107.0 128.822345077 128.822345077 128.822345077 32.2055862692 32.2055862692 32.2055862692
1192 65536 1213.0 1213.0 1213.0 128.802822754 128.802822754 128.802822754 32.2007056884 32.2007056884 32.2007056884
1304 65536 1276.0 1276.0 1276.0 133.948188088 133.948188088 133.948188088 33.4870470219 33.4870470219 33.4870470219
1432 65536 1405.0 1405.0 1405.0 133.590821352 133.590821352 133.590821352 33.3977053381 33.3977053381 33.3977053381
1568 65536 1525.0 1525.0 1525.0 134.767800656 134.767800656 134.767800656 33.6919501639 33.6919501639 33.6919501639
1720 65536 1684.0 1684.0 1684.0 133.874014252 133.874014252 133.874014252 33.4685035629 33.4685035629 33.4685035629
1888 65536 1889.0 1889.0 1889.0 131.002613023 131.002613023 131.002613023 32.7506532557 32.7506532557 32.7506532557
2072 32768 998.0 998.0 998.0 136.062717435 136.062717435 136.062717435 34.0156793587 34.0156793587 34.0156793587
2272 32768 1120.0 1120.0 1120.0 132.944457143 132.944457143 132.944457143 33.2361142857 33.2361142857 33.2361142857
2496 32768 1234.0 1234.0 1234.0 132.559040519 132.559040519 132.559040519 33.1397601297 33.1397601297 33.1397601297
2744 32768 1329.0 1329.0 1329.0 135.312854778 135.312854778 135.312854778 33.8282136945 33.8282136945 33.8282136945
3016 32768 1485.0 1485.0 1485.0 133.10207138 133.10207138 133.10207138 33.2755178451 33.2755178451 33.2755178451
3312 32768 1646.0 1646.0 1646.0 131.868306197 131.868306197 131.868306197 32.9670765492 32.9670765492 32.9670765492
3640 32768 1763.0 1763.0 1763.0 135.309722065 135.309722065 135.309722065 33.8274305162 33.8274305162 33.8274305162
4000 32768 1966.0 1966.0 1966.0 133.338758901 133.338758901 133.338758901 33.3346897253 33.3346897253 33.3346897253
4400 16384 1134.0 1134.0 1134.0 127.142151675 127.142151675 127.142151675 31.7855379189 31.7855379189 31.7855379189
4840 16384 1252.0 1252.0 1252.0 126.675015974 126.675015974 126.675015974 31.6687539936 31.6687539936 31.6687539936
5320 16384 1360.0 1360.0 1360.0 128.180705882 128.180705882 128.180705882 32.0451764706 32.0451764706 32.0451764706
5848 16384 1491.0 1491.0 1491.0 128.522645205 128.522645205 128.522645205 32.1306613011 32.1306613011 32.1306613011
6432 16384 1604.0 1604.0 1604.0 131.398862843 131.398862843 131.398862843 32.8497157107 32.8497157107 32.8497157107
7072 16384 1796.0 1796.0 1796.0 129.028561247 129.028561247 129.028561247 32.2571403118 32.2571403118 32.2571403118
7776 16384 1946.0 1946.0 1946.0 130.937290853 130.937290853 130.937290853 32.7343227133 32.7343227133 32.7343227133
8552 8192 1111.0 1111.0 1111.0 126.116982898 126.116982898 126.116982898 31.5292457246 31.5292457246 31.5292457246
9400 8192 1228.0 1228.0 1228.0 125.414983713 125.414983713 125.414983713 31.3537459283 31.3537459283 31.3537459283
10336 8192 1302.0 1302.0 1302.0 130.065302611 130.065302611 130.065302611 32.5163256528 32.5163256528 32.5163256528
11368 8192 1438.0 1438.0 1438.0 129.522470097 129.522470097 129.522470097 32.3806175243 32.3806175243 32.3806175243
12504 8192 1601.0 1601.0 1601.0 127.960984385 127.960984385 127.960984385 31.9902460962 31.9902460962 31.9902460962
13752 8192 1778.0 1778.0 1778.0 126.722591676 126.722591676 126.722591676 31.680647919 31.680647919 31.680647919
15120 8192 1901.0 1901.0 1901.0 130.313561284 130.313561284 130.313561284 32.5783903209 32.5783903209 32.5783903209
16632 4096 1145.0 1145.0 1145.0 118.995060262 118.995060262 118.995060262 29.7487650655 29.7487650655 29.7487650655
18288 4096 1174.0 1174.0 1174.0 127.610984668 127.610984668 127.610984668 31.902746167 31.902746167 31.902746167
20112 4096 1283.0 1283.0 1283.0 128.415825409 128.415825409 128.415825409 32.1039563523 32.1039563523 32.1039563523
22120 4096 1413.0 1413.0 1413.0 128.242774239 128.242774239 128.242774239 32.0606935598 32.0606935598 32.0606935598
24328 4096 1540.0 1540.0 1540.0 129.412322078 129.412322078 129.412322078 32.3530805195 32.3530805195 32.3530805195
26760 4096 1698.0 1698.0 1698.0 129.10360424 129.10360424 129.10360424 32.2759010601 32.2759010601 32.2759010601
29432 4096 1878.0 1878.0 1878.0 128.384954207 128.384954207 128.384954207 32.0962385517 32.0962385517 32.0962385517
32368 4096 2095.0 2095.0 2095.0 126.567377566 126.567377566 126.567377566 31.6418443914 31.6418443914 31.6418443914
35600 2048 1184.0 1184.0 1184.0 123.156756757 123.156756757 123.156756757 30.7891891892 30.7891891892 30.7891891892
39160 2048 1367.0 1367.0 1367.0 117.336766642 117.336766642 117.336766642 29.3341916606 29.3341916606 29.3341916606
43072 2048 1505.0 1505.0 1505.0 117.224526246 117.224526246 117.224526246 29.3061315615 29.3061315615 29.3061315615
47376 2048 1644.0 1644.0 1644.0 118.036554745 118.036554745 118.036554745 29.5091386861 29.5091386861 29.5091386861
52112 2048 1824.0 1824.0 1824.0 117.023438596 117.023438596 117.023438596 29.2558596491 29.2558596491 29.2558596491
57320 2048 1990.0 1990.0 1990.0 117.981266332 117.981266332 117.981266332 29.4953165829 29.4953165829 29.4953165829
63048 2048 2205.0 2205.0 2205.0 117.117736054 117.117736054 117.117736054 29.2794340136 29.2794340136 29.2794340136
69352 1024 1225.0 1225.0 1225.0 115.945221224 115.945221224 115.945221224 28.9863053061 28.9863053061 28.9863053061
76280 1024 1340.0 1340.0 1340.0 116.583164179 116.583164179 116.583164179 29.1457910448 29.1457910448 29.1457910448
83904 1024 1453.0 1453.0 1453.0 118.262485891 118.262485891 118.262485891 29.5656214728 29.5656214728 29.5656214728
92288 1024 1911.0 1911.0 1911.0 98.9041465201 98.9041465201 98.9041465201 24.72603663 24.72603663 24.72603663
101512 1024 1762.0 1762.0 1762.0 117.988976163 117.988976163 117.988976163 29.4972440409 29.4972440409 29.4972440409
111656 1024 1944.0 1944.0 1944.0 117.629366255 117.629366255 117.629366255 29.4073415638 29.4073415638 29.4073415638
122816 1024 2123.0 2123.0 2123.0 118.477234103 118.477234103 118.477234103 29.6193085257 29.6193085257 29.6193085257
135096 512 1186.0 1186.0 1186.0 116.642752108 116.642752108 116.642752108 29.160688027 29.160688027 29.160688027
148600 512 1294.0 1294.0 1294.0 117.59381762 117.59381762 117.59381762 29.3984544049 29.3984544049 29.3984544049
163456 512 1424.0 1424.0 1424.0 117.541393258 117.541393258 117.541393258 29.3853483146 29.3853483146 29.3853483146
179800 512 1544.0 1544.0 1544.0 119.245595855 119.245595855 119.245595855 29.8113989637 29.8113989637 29.8113989637
197776 512 1904.0 1904.0 1904.0 106.36692437 106.36692437 106.36692437 26.5917310924 26.5917310924 26.5917310924
217552 512 1899.0 1899.0 1899.0 117.310820432 117.310820432 117.310820432 29.327705108 29.327705108 29.327705108
239304 512 2225.0 2225.0 2225.0 110.13361618 110.13361618 110.13361618 27.5334040449 27.5334040449 27.5334040449
263232 256 1164.0 1164.0 1164.0 115.785896907 115.785896907 115.785896907 28.9464742268 28.9464742268 28.9464742268
289552 256 1335.0 1335.0 1335.0 111.049156554 111.049156554 111.049156554 27.7622891386 27.7622891386 27.7622891386
318504 256 1368.0 1368.0 1368.0 119.206175439 119.206175439 119.206175439 29.8015438596 29.8015438596 29.8015438596
350352 256 1508.0 1508.0 1508.0 118.952403183 118.952403183 118.952403183 29.7381007958 29.7381007958 29.7381007958
385384 256 1685.0 1685.0 1685.0 117.10184451 117.10184451 117.10184451 29.2754611276 29.2754611276 29.2754611276
423920 256 1848.0 1848.0 1848.0 117.44969697 117.44969697 117.44969697 29.3624242424 29.3624242424 29.3624242424
466312 256 2087.0 2087.0 2087.0 114.399494011 114.399494011 114.399494011 28.5998735026 28.5998735026 28.5998735026
512936 256 2273.0 2273.0 2273.0 115.540357237 115.540357237 115.540357237 28.8850893093 28.8850893093 28.8850893093
564224 128 1485.0 1485.0 1485.0 97.2668983165 97.2668983165 97.2668983165 24.3167245791 24.3167245791 24.3167245791
620640 128 1384.0 1384.0 1384.0 114.800462428 114.800462428 114.800462428 28.7001156069 28.7001156069 28.7001156069
682704 128 1571.0 1571.0 1571.0 111.249028644 111.249028644 111.249028644 27.812257161 27.812257161 27.812257161
750968 128 1671.0 1671.0 1671.0 115.049555955 115.049555955 115.049555955 28.7623889886 28.7623889886 28.7623889886
826064 128 1881.0 1881.0 1881.0 112.425509835 112.425509835 112.425509835 28.1063774588 28.1063774588 28.1063774588
908664 128 2020.0 2020.0 2020.0 115.157417822 115.157417822 115.157417822 28.7893544554 28.7893544554 28.7893544554
999528 128 2300.0 2300.0 2300.0 111.251812174 111.251812174 111.251812174 27.8129530435 27.8129530435 27.8129530435
1099480 64 1341.0 1341.0 1341.0 104.946636838 104.946636838 104.946636838 26.2366592095 26.2366592095 26.2366592095
1209424 64 1388.0 1388.0 1388.0 111.531896254 111.531896254 111.531896254 27.8829740634 27.8829740634 27.8829740634
1330360 64 1619.0 1619.0 1619.0 105.179789994 105.179789994 105.179789994 26.2949474985 26.2949474985 26.2949474985
1463392 64 1630.0 1630.0 1630.0 114.916672393 114.916672393 114.916672393 28.7291680982 28.7291680982 28.7291680982
1609728 64 1823.0 1823.0 1823.0 113.025334065 113.025334065 113.025334065 28.2563335162 28.2563335162 28.2563335162
1770696 64 2029.0 2029.0 2029.0 111.704824051 111.704824051 111.704824051 27.9262060128 27.9262060128 27.9262060128
1947760 64 2349.0 2349.0 2349.0 106.135921669 106.135921669 106.135921669 26.5339804172 26.5339804172 26.5339804172
2142536 32 1266.0 1266.0 1266.0 108.311456556 108.311456556 108.311456556 27.077864139 27.077864139 27.077864139
2356784 32 1309.0 1309.0 1309.0 115.228553094 115.228553094 115.228553094 28.8071382735 28.8071382735 28.8071382735
2592456 32 1481.0 1481.0 1481.0 112.030509115 112.030509115 112.030509115 28.0076272789 28.0076272789 28.0076272789
2851696 32 1665.0 1665.0 1665.0 109.614741141 109.614741141 109.614741141 27.4036852853 27.4036852853 27.4036852853
3136864 32 2148.0 2148.0 2148.0 93.4633594041 93.4633594041 93.4633594041 23.365839851 23.365839851 23.365839851
3450544 32 3243.0 3243.0 3243.0 68.0958421215 68.0958421215 68.0958421215 17.0239605304 17.0239605304 17.0239605304
3795592 32 4554.0 4554.0 4554.0 53.3416530523 53.3416530523 53.3416530523 13.3354132631 13.3354132631 13.3354132631
4175144 32 6618.0 6618.0 6618.0 40.3761281354 40.3761281354 40.3761281354 10.0940320338 10.0940320338 10.0940320338
4592656 16 6481.0 6481.0 6481.0 22.6762832896 22.6762832896 22.6762832896 5.6690708224 5.6690708224 5.6690708224
5051920 16 9345.0 9345.0 9345.0 17.2992445158 17.2992445158 17.2992445158 4.32481112895 4.32481112895 4.32481112895
5557112 16 12455.0 12455.0 12455.0 14.277606102 14.277606102 14.277606102 3.56940152549 3.56940152549 3.56940152549
6112816 16 16375.0 16375.0 16375.0 11.9456556947 11.9456556947 11.9456556947 2.98641392366 2.98641392366 2.98641392366
6724096 16 19162.0 19162.0 19162.0 11.2290508298 11.2290508298 11.2290508298 2.80726270744 2.80726270744 2.80726270744
7396504 16 22302.0 22302.0 22302.0 10.6128655726 10.6128655726 10.6128655726 2.65321639315 2.65321639315 2.65321639315
8136152 16 21847.0 21847.0 21847.0 11.9172821898 11.9172821898 11.9172821898 2.97932054744 2.97932054744 2.97932054744
8949760 8 11361.0 11361.0 11361.0 12.6041862512 12.6041862512 12.6041862512 3.1510465628 3.1510465628 3.1510465628
9844736 8 12938.0 12938.0 12938.0 12.1746619261 12.1746619261 12.1746619261 3.04366548153 3.04366548153 3.04366548153
10829208 8 14347.0 14347.0 14347.0 12.0769030459 12.0769030459 12.0769030459 3.01922576148 3.01922576148 3.01922576148
11912128 8 15334.0 15334.0 15334.0 12.4295061954 12.4295061954 12.4295061954 3.10737654885 3.10737654885 3.10737654885
13103336 8 17700.0 17700.0 17700.0 11.8448235028 11.8448235028 11.8448235028 2.96120587571 2.96120587571 2.96120587571
14413664 8 18982.0 18982.0 18982.0 12.1493322095 12.1493322095 12.1493322095 3.03733305237 3.03733305237 3.03733305237
15855024 8 21761.0 21761.0 21761.0 11.6575701484 11.6575701484 11.6575701484 2.91439253711 2.91439253711 2.91439253711
17440520 4 10883.0 10883.0 10883.0 12.8203767344 12.8203767344 12.8203767344 3.20509418359 3.20509418359 3.20509418359
19184568 4 10585.0 10585.0 10585.0 14.499437317 14.499437317 14.499437317 3.62485932924 3.62485932924 3.62485932924
21103024 4 11944.0 11944.0 11944.0 14.1346443403 14.1346443403 14.1346443403 3.53366108506 3.53366108506 3.53366108506
23213320 4 12284.0 12284.0 12284.0 15.1177596874 15.1177596874 15.1177596874 3.77943992185 3.77943992185 3.77943992185
25534648 4 12895.0 12895.0 12895.0 15.8415807677 15.8415807677 15.8415807677 3.96039519193 3.96039519193 3.96039519193
28088112 4 13817.0 13817.0 13817.0 16.2629294348 16.2629294348 16.2629294348 4.06573235869 4.06573235869 4.06573235869
30896920 4 15398.0 15398.0 15398.0 16.0524327835 16.0524327835 16.0524327835 4.01310819587 4.01310819587 4.01310819587
33986608 2 8123.0 8123.0 8123.0 16.7359881817 16.7359881817 16.7359881817 4.18399704543 4.18399704543 4.18399704543
37385264 2 8786.0 8786.0 8786.0 17.020379695 17.020379695 17.020379695 4.25509492374 4.25509492374 4.25509492374
41123784 2 9517.0 9517.0 9517.0 17.2843475885 17.2843475885 17.2843475885 4.32108689713 4.32108689713 4.32108689713
45236160 2 10156.0 10156.0 10156.0 17.8165261914 17.8165261914 17.8165261914 4.45413154785 4.45413154785 4.45413154785
49759776 2 11105.0 11105.0 11105.0 17.9233772175 17.9233772175 17.9233772175 4.48084430437 4.48084430437 4.48084430437
54735752 2 12868.0 12868.0 12868.0 17.0145327945 17.0145327945 17.0145327945 4.25363319863 4.25363319863 4.25363319863
60209320 2 14689.0 14689.0 14689.0 16.3957573695 16.3957573695 16.3957573695 4.09893934237 4.09893934237 4.09893934237
66230248 2 16677.0 16677.0 16677.0 15.8854105654 15.8854105654 15.8854105654 3.97135264136 3.97135264136 3.97135264136
72853272 1 9542.0 9542.0 9542.0 15.2700213792 15.2700213792 15.2700213792 3.81750534479 3.81750534479 3.81750534479
80138592 1 10723.0 10723.0 10723.0 14.9470469085 14.9470469085 14.9470469085 3.73676172713 3.73676172713 3.73676172713
88152448 1 12281.0 12281.0 12281.0 14.3559071737 14.3559071737 14.3559071737 3.58897679342 3.58897679342 3.58897679342
96967688 1 13611.0 13611.0 13611.0 14.2484296525 14.2484296525 14.2484296525 3.56210741312 3.56210741312 3.56210741312
106664456 1 15275.0 15275.0 15275.0 13.9658862193 13.9658862193 13.9658862193 3.49147155483 3.49147155483 3.49147155483
117330896 1 17272.0 17272.0 17272.0 13.5862547476 13.5862547476 13.5862547476 3.39656368689 3.39656368689 3.39656368689
129063984 1 19456.0 19456.0 19456.0 13.2672680921 13.2672680921 13.2672680921 3.31681702303 3.31681702303 3.31681702303

META_DATA
ERT_VERSION  1.1.0
HOSTNAME  ('af11b929b168', [], ['172.17.0.2'])
FLOPS          4
UNAME  ('Linux', 'af11b929b168', '5.4.72-microsoft-standard-WSL2', '#1 SMP Wed Oct 28 23:40:43 UTC 2020', 'x86_64', 'x86_64')
CONFIG  {'ERT_WORKING_SET_MIN': ['1'], 'ERT_CFLAGS': ['-Ofast', '-march=native'], 'ERT_CC': ['cc'], 'ERT_MPI_CFLAGS': [], 'ERT_MPI_LDFLAGS': [], 'ERT_MEMORY_MAX': ['134217728', '#', '128MB'], 'ERT_LDFLAGS': [], 'ERT_LDLIBS': [], 'ERT_RUN': ['./ERT_CODE'], 'ERT_FLOPS': ['1,4,16,64'], 'ERT_OPENMP_CFLAGS': ['-fopenmp'], 'ERT_MPI': ['False'], 'ERT_TRIALS_MIN': ['1'], 'ERT_DRIVER': ['driver1'], 'ERT_RESULTS': ['Sequential'], 'ERT_OPENMP': ['False'], 'ERT_KERNEL': ['kernel1'], 'ERT_GPU': [False], 'ERT_LD': ['cc'], 'ERT_NUM_EXPERIMENTS': ['1'], 'ERT_OPENMP_LDFLAGS': ['-fopenmp'], 'ERT_ALIGN': ['64'], 'ERT_GNUPLOT': ['gnuplot']}
TIMESTAMP_DATA  1619406537.76
