16 33554432 171730.995 171730.995 171730.995 6.25246376753 6.25246376753 6.25246376753 1.56311594188 1.56311594188 1.56311594188
32 16777216 73504.925 73504.925 73504.925 14.6077534805 14.6077534805 14.6077534805 3.65193837012 3.65193837012 3.65193837012
48 8388608 36309.958 36309.958 36309.958 22.1786642661 22.1786642661 22.1786642661 5.54466606654 5.54466606654 5.54466606654
64 8388608 37674.904 37674.904 37674.904 28.5001873926 28.5001873926 28.5001873926 7.12504684816 7.12504684816 7.12504684816
80 4194304 18211.842 18211.842 18211.842 36.8490260348 36.8490260348 36.8490260348 9.2122565087 9.2122565087 9.2122565087
96 4194304 18296.003 18296.003 18296.003 44.0154261015 44.0154261015 44.0154261015 11.0038565254 11.0038565254 11.0038565254
112 4194304 18372.059 18372.059 18372.059 51.1387480304 51.1387480304 51.1387480304 12.7846870076 12.7846870076 12.7846870076
128 4194304 18529.177 18529.177 18529.177 57.9487056549 57.9487056549 57.9487056549 14.4871764137 14.4871764137 14.4871764137
144 2097152 9550.095 9550.095 9550.095 63.24332648 63.24332648 63.24332648 15.81083162 15.81083162 15.81083162
160 2097152 19314.051 19314.051 19314.051 34.7461358573 34.7461358573 34.7461358573 8.68653396431 8.68653396431 8.68653396431
176 2097152 10626.078 10626.078 10626.078 69.4703637598 69.4703637598 69.4703637598 17.3675909399 17.3675909399 17.3675909399
192 2097152 12843.847 12843.847 12843.847 62.6997789681 62.6997789681 62.6997789681 15.674944742 15.674944742 15.674944742
208 2097152 12765.169 12765.169 12765.169 68.3434141765 68.3434141765 68.3434141765 17.0858535441 17.0858535441 17.0858535441
224 2097152 13270.855 13270.855 13270.855 70.7960486344 70.7960486344 70.7960486344 17.6990121586 17.6990121586 17.6990121586
240 2097152 14224.052 14224.052 14224.052 70.7697750261 70.7697750261 70.7697750261 17.6924437565 17.6924437565 17.6924437565
256 2097152 10172.844 10172.844 10172.844 105.549817141 105.549817141 105.549817141 26.3874542852 26.3874542852 26.3874542852
272 1048576 5175.829 5175.829 5175.829 110.209464803 110.209464803 110.209464803 27.5523662007 27.5523662007 27.5523662007
288 1048576 5284.786 5284.786 5284.786 114.286515291 114.286515291 114.286515291 28.5716288228 28.5716288228 28.5716288228
304 1048576 5331.039 5331.039 5331.039 119.58910974 119.58910974 119.58910974 29.897277435 29.897277435 29.897277435
320 1048576 5105.019 5105.019 5105.019 131.456639045 131.456639045 131.456639045 32.8641597612 32.8641597612 32.8641597612
352 1048576 5055.904 5055.904 5055.904 146.00702545 146.00702545 146.00702545 36.5017563625 36.5017563625 36.5017563625
384 1048576 9030.104 9030.104 9030.104 89.180187515 89.180187515 89.180187515 22.2950468788 22.2950468788 22.2950468788
416 1048576 6366.968 6366.968 6366.968 137.022085237 137.022085237 137.022085237 34.2555213094 34.2555213094 34.2555213094
448 1048576 7603.168 7603.168 7603.168 123.570082366 123.570082366 123.570082366 30.8925205914 30.8925205914 30.8925205914
480 1048576 8388.996 8388.996 8388.996 119.994449872 119.994449872 119.994449872 29.998612468 29.998612468 29.998612468
528 524288 2633.095 2633.095 2633.095 210.265154884 210.265154884 210.265154884 52.5662887211 52.5662887211 52.5662887211
576 524288 2740.145 2740.145 2740.145 220.418910678 220.418910678 220.418910678 55.1047276695 55.1047276695 55.1047276695
624 524288 3359.079 3359.079 3359.079 194.788935896 194.788935896 194.788935896 48.697233974 48.697233974 48.697233974
672 524288 3990.173 3990.173 3990.173 176.594616825 176.594616825 176.594616825 44.1486542062 44.1486542062 44.1486542062
736 524288 4783.869 4783.869 4783.869 161.323802136 161.323802136 161.323802136 40.330950534 40.330950534 40.330950534
800 524288 3333.092 3333.092 3333.092 251.676461376 251.676461376 251.676461376 62.919115344 62.919115344 62.919115344
880 524288 3946.066 3946.066 3946.066 233.839697562 233.839697562 233.839697562 58.4599243905 58.4599243905 58.4599243905
960 524288 5047.083 5047.083 5047.083 199.448465579 199.448465579 199.448465579 49.8621163948 49.8621163948 49.8621163948
1056 262144 2158.88 2158.88 2158.88 256.451552657 256.451552657 256.451552657 64.1128881642 64.1128881642 64.1128881642
1152 262144 3065.109 3065.109 3065.109 197.050015513 197.050015513 197.050015513 49.2625038783 49.2625038783 49.2625038783
1264 262144 3283.024 3283.024 3283.024 201.856590753 201.856590753 201.856590753 50.4641476882 50.4641476882 50.4641476882
1376 262144 2920.151 2920.151 2920.151 247.048966988 247.048966988 247.048966988 61.7622417471 61.7622417471 61.7622417471
1504 262144 3468.99 3468.99 3468.99 227.30799224 227.30799224 227.30799224 56.82699806 56.82699806 56.82699806
1648 262144 6221.056 6221.056 6221.056 138.887453191 138.887453191 138.887453191 34.7218632978 34.7218632978 34.7218632978
1808 262144 3594.875 3594.875 3594.875 263.684468584 263.684468584 263.684468584 65.9211171459 65.9211171459 65.9211171459
1984 262144 4333.973 4333.973 4333.973 240.007815462 240.007815462 240.007815462 60.0019538654 60.0019538654 60.0019538654
2176 131072 2297.163 2297.163 2297.163 248.317313138 248.317313138 248.317313138 62.0793282845 62.0793282845 62.0793282845
2384 131072 2563.0 2563.0 2563.0 243.835854858 243.835854858 243.835854858 60.9589637144 60.9589637144 60.9589637144
2608 131072 2956.867 2956.867 2956.867 231.214847337 231.214847337 231.214847337 57.8037118342 57.8037118342 57.8037118342
2864 131072 3221.989 3221.989 3221.989 233.017684418 233.017684418 233.017684418 58.2544211045 58.2544211045 58.2544211045
3136 131072 3301.859 3301.859 3301.859 248.975981106 248.975981106 248.975981106 62.2439952766 62.2439952766 62.2439952766
3440 131072 3654.003 3654.003 3654.003 246.791083642 246.791083642 246.791083642 61.6977709104 61.6977709104 61.6977709104
3776 131072 4274.845 4274.845 4274.845 231.553598785 231.553598785 231.553598785 57.8883996964 57.8883996964 57.8883996964
4144 65536 2112.15 2112.15 2112.15 257.160887248 257.160887248 257.160887248 64.2902218119 64.2902218119 64.2902218119
4544 65536 4666.805 4666.805 4666.805 127.62289575 127.62289575 127.62289575 31.9057239375 31.9057239375 31.9057239375
4992 65536 4940.033 4940.033 4940.033 132.45082047 132.45082047 132.45082047 33.1127051176 33.1127051176 33.1127051176
5488 65536 2796.888 2796.888 2796.888 257.186964941 257.186964941 257.186964941 64.2967412353 64.2967412353 64.2967412353
6032 65536 3049.135 3049.135 3049.135 259.295276857 259.295276857 259.295276857 64.8238192143 64.8238192143 64.8238192143
6624 65536 6360.054 6360.054 6360.054 136.511565468 136.511565468 136.511565468 34.127891367 34.127891367 34.127891367
7280 65536 3644.943 3644.943 3644.943 261.788499848 261.788499848 261.788499848 65.4471249619 65.4471249619 65.4471249619
8000 65536 3969.908 3969.908 3969.908 264.131057949 264.131057949 264.131057949 66.0327644872 66.0327644872 66.0327644872
8800 32768 2364.874 2364.874 2364.874 243.867876259 243.867876259 243.867876259 60.9669690647 60.9669690647 60.9669690647
9680 32768 2630.949 2630.949 2630.949 241.125342985 241.125342985 241.125342985 60.2813357462 60.2813357462 60.2813357462
10640 32768 2868.176 2868.176 2868.176 243.117242457 243.117242457 243.117242457 60.7793106141 60.7793106141 60.7793106141
11696 32768 5881.071 5881.071 5881.071 130.334943414 130.334943414 130.334943414 32.5837358536 32.5837358536 32.5837358536
12864 32768 3363.848 3363.848 3363.848 250.622235012 250.622235012 250.622235012 62.655558753 62.655558753 62.655558753
14144 32768 3655.195 3655.195 3655.195 253.595549348 253.595549348 253.595549348 63.3988873371 63.3988873371 63.3988873371
15552 32768 4031.181 4031.181 4031.181 252.833071003 252.833071003 252.833071003 63.2082677508 63.2082677508 63.2082677508
17104 16384 2363.92 2363.92 2363.92 237.090879556 237.090879556 237.090879556 59.272719889 59.272719889 59.272719889
18800 16384 2478.123 2478.123 2478.123 248.59072774 248.59072774 248.59072774 62.1476819351 62.1476819351 62.1476819351
20672 16384 2744.913 2744.913 2744.913 246.776526615 246.776526615 246.776526615 61.6941316537 61.6941316537 61.6941316537
22736 16384 3078.938 3078.938 3078.938 241.970850988 241.970850988 241.970850988 60.4927127471 60.4927127471 60.4927127471
25008 16384 4065.99 4065.99 4065.99 201.540619628 201.540619628 201.540619628 50.3851549069 50.3851549069 50.3851549069
27504 16384 3767.014 3767.014 3767.014 239.248134464 239.248134464 239.248134464 59.812033616 59.812033616 59.812033616
30240 16384 4291.058 4291.058 4291.058 230.923077712 230.923077712 230.923077712 57.730769428 57.730769428 57.730769428
33264 8192 2195.12 2195.12 2195.12 248.27680309 248.27680309 248.27680309 62.0692007726 62.0692007726 62.0692007726
36576 8192 2527.952 2527.952 2527.952 237.054020013 237.054020013 237.054020013 59.2635050033 59.2635050033 59.2635050033
40224 8192 2903.938 2903.938 2903.938 226.943555957 226.943555957 226.943555957 56.7358889894 56.7358889894 56.7358889894
44240 8192 2961.159 2961.159 2961.159 244.778534351 244.778534351 244.778534351 61.1946335877 61.1946335877 61.1946335877
48656 8192 3194.094 3194.094 3194.094 249.579349888 249.579349888 249.579349888 62.3948374719 62.3948374719 62.3948374719
53520 8192 3516.912 3516.912 3516.912 249.330003139 249.330003139 249.330003139 62.3325007848 62.3325007848 62.3325007848
58864 8192 7632.017 7632.017 7632.017 126.366041375 126.366041375 126.366041375 31.5915103439 31.5915103439 31.5915103439
64736 8192 4565.001 4565.001 4565.001 232.340502006 232.340502006 232.340502006 58.0851255016 58.0851255016 58.0851255016
71200 4096 2454.996 2454.996 2454.996 237.585071422 237.585071422 237.585071422 59.3962678554 59.3962678554 59.3962678554
78320 4096 2858.877 2858.877 2858.877 224.422890527 224.422890527 224.422890527 56.1057226316 56.1057226316 56.1057226316
86144 4096 3520.012 3520.012 3520.012 200.479898364 200.479898364 200.479898364 50.119974591 50.119974591 50.119974591
94752 4096 3613.949 3613.949 3613.949 214.781222425 214.781222425 214.781222425 53.6953056061 53.6953056061 53.6953056061
104224 4096 4214.048 4214.048 4214.048 202.608752439 202.608752439 202.608752439 50.6521881099 50.6521881099 50.6521881099
114640 4096 4276.991 4276.991 4276.991 219.577473976 219.577473976 219.577473976 54.8943684941 54.8943684941 54.8943684941
126096 4096 7832.05 7832.05 7832.05 131.89119477 131.89119477 131.89119477 32.9727986926 32.9727986926 32.9727986926
138704 2048 3062.01 3062.01 3062.01 185.542040686 185.542040686 185.542040686 46.3855101714 46.3855101714 46.3855101714
152560 2048 2747.059 2747.059 2747.059 227.474459049 227.474459049 227.474459049 56.8686147622 56.8686147622 56.8686147622
167808 2048 3249.884 3249.884 3249.884 211.497262056 211.497262056 211.497262056 52.874315514 52.874315514 52.874315514
184576 2048 4057.884 4057.884 4057.884 186.309735813 186.309735813 186.309735813 46.5774339533 46.5774339533 46.5774339533
203024 2048 4045.963 4045.963 4045.963 205.53482669 205.53482669 205.53482669 51.3837066726 51.3837066726 51.3837066726
223312 2048 5332.947 5332.947 5332.947 171.516040193 171.516040193 171.516040193 42.8790100483 42.8790100483 42.8790100483
245632 2048 5975.008 5975.008 5975.008 168.386163165 168.386163165 168.386163165 42.0965407912 42.0965407912 42.0965407912
270192 1024 2447.844 2447.844 2447.844 226.05738601 226.05738601 226.05738601 56.5143465025 56.5143465025 56.5143465025
297200 1024 3021.955 3021.955 3021.955 201.414514776 201.414514776 201.414514776 50.353628694 50.353628694 50.353628694
326912 1024 3582.001 3582.001 3582.001 186.911108065 186.911108065 186.911108065 46.7277770163 46.7277770163 46.7277770163
359600 1024 3281.832 3281.832 3281.832 224.405393085 224.405393085 224.405393085 56.1013482713 56.1013482713 56.1013482713
395552 1024 3609.896 3609.896 3609.896 224.408264393 224.408264393 224.408264393 56.1020660983 56.1020660983 56.1020660983
435104 1024 5184.889 5184.889 5184.889 171.863465544 171.863465544 171.863465544 42.965866386 42.965866386 42.965866386
478608 1024 4565.001 4565.001 4565.001 214.718284618 214.718284618 214.718284618 53.6795711545 53.6795711545 53.6795711545
526464 512 2600.193 2600.193 2600.193 207.330431241 207.330431241 207.330431241 51.8326078103 51.8326078103 51.8326078103
579104 512 4756.927 4756.927 4756.927 124.660835872 124.660835872 124.660835872 31.1652089679 31.1652089679 31.1652089679
637008 512 4197.121 4197.121 4197.121 155.415150528 155.415150528 155.415150528 38.853787632 38.853787632 38.853787632
700704 512 3346.92 3346.92 3346.92 214.38244595 214.38244595 214.38244595 53.5956114876 53.5956114876 53.5956114876
770768 512 3702.879 3702.879 3702.879 213.149398617 213.149398617 213.149398617 53.2873496541 53.2873496541 53.2873496541
847840 512 5281.925 5281.925 5281.925 164.369649323 164.369649323 164.369649323 41.0924123307 41.0924123307 41.0924123307
932624 512 4384.995 4384.995 4384.995 217.789752554 217.789752554 217.789752554 54.4474381385 54.4474381385 54.4474381385
1025872 512 4661.798 4661.798 4661.798 225.340722185 225.340722185 225.340722185 56.3351805462 56.3351805462 56.3351805462
1128448 256 2599.955 2599.955 2599.955 222.221298446 222.221298446 222.221298446 55.5553246114 55.5553246114 55.5553246114
1241280 256 3324.032 3324.032 3324.032 191.194116061 191.194116061 191.194116061 47.7985290154 47.7985290154 47.7985290154
1365408 256 5203.962 5203.962 5203.962 134.337817225 134.337817225 134.337817225 33.5844543062 33.5844543062 33.5844543062
1501936 256 4639.149 4639.149 4639.149 165.76127044 165.76127044 165.76127044 41.44031761 41.44031761 41.44031761
1652128 256 4343.033 4343.033 4343.033 194.769308914 194.769308914 194.769308914 48.6923272285 48.6923272285 48.6923272285
1817328 256 4328.012 4328.012 4328.012 214.988298554 214.988298554 214.988298554 53.7470746384 53.7470746384 53.7470746384
1999056 256 5573.988 5573.988 5573.988 183.623766682 183.623766682 183.623766682 45.9059416705 45.9059416705 45.9059416705
2198960 128 2743.006 2743.006 2743.006 205.225128928 205.225128928 205.225128928 51.306282232 51.306282232 51.306282232
2418848 128 2866.983 2866.983 2866.983 215.984917943 215.984917943 215.984917943 53.9962294858 53.9962294858 53.9962294858
2660720 128 3426.075 3426.075 3426.075 198.811853214 198.811853214 198.811853214 49.7029633035 49.7029633035 49.7029633035
2926784 128 3971.1 3971.1 3971.1 188.677369998 188.677369998 188.677369998 47.1693424996 47.1693424996 47.1693424996
3219456 128 7735.014 7735.014 7735.014 106.551938497 106.551938497 106.551938497 26.6379846242 26.6379846242 26.6379846242
3541392 128 14333.963 14333.963 14333.963 63.248129774 63.248129774 63.248129774 15.8120324435 15.8120324435 15.8120324435
3895520 128 12748.003 12748.003 12748.003 78.2281836614 78.2281836614 78.2281836614 19.5570459153 19.5570459153 19.5570459153
4285072 64 10823.011 10823.011 10823.011 50.6780614008 50.6780614008 50.6780614008 12.6695153502 12.6695153502 12.6695153502
4713568 64 20452.976 20452.976 20452.976 29.4987244888 29.4987244888 29.4987244888 7.3746811222 7.3746811222 7.3746811222
5184912 64 25163.889 25163.889 25163.889 26.3738540573 26.3738540573 26.3738540573 6.59346351432 6.59346351432 6.59346351432
5703392 64 38427.83 38427.83 38427.83 18.9975383986 18.9975383986 18.9975383986 4.74938459965 4.74938459965 4.74938459965
6273728 64 40340.9 40340.9 40340.9 19.9062783428 19.9062783428 19.9062783428 4.97656958571 4.97656958571 4.97656958571
6901088 64 49856.186 49856.186 49856.186 17.7177464798 17.7177464798 17.7177464798 4.42943661996 4.42943661996 4.42943661996
7591184 64 58516.026 58516.026 58516.026 16.6052211406 16.6052211406 16.6052211406 4.15130528515 4.15130528515 4.15130528515
8350288 64 60201.883 60201.883 60201.883 17.7542098476 17.7542098476 17.7542098476 4.43855246189 4.43855246189 4.43855246189
9185312 32 33350.945 33350.945 33350.945 17.6264860861 17.6264860861 17.6264860861 4.40662152152 4.40662152152 4.40662152152
10103840 32 39496.183 39496.183 39496.183 16.3723608431 16.3723608431 16.3723608431 4.09309021077 4.09309021077 4.09309021077
11114224 32 41639.09 41639.09 41639.09 17.082754114 17.082754114 17.082754114 4.2706885285 4.2706885285 4.2706885285
12225632 32 41682.959 41682.959 41682.959 18.7712309004 18.7712309004 18.7712309004 4.69280772509 4.69280772509 4.69280772509
13448192 32 47868.013 47868.013 47868.013 17.9803637974 17.9803637974 17.9803637974 4.49509094936 4.49509094936 4.49509094936
14793008 32 46349.049 46349.049 46349.049 20.4265790221 20.4265790221 20.4265790221 5.10664475554 5.10664475554 5.10664475554
16272304 32 56298.971 56298.971 56298.971 18.4981614673 18.4981614673 18.4981614673 4.62454036682 4.62454036682 4.62454036682
17899520 16 30720.949 30720.949 30720.949 18.6447573608 18.6447573608 18.6447573608 4.66118934021 4.66118934021 4.66118934021
19689472 16 34559.011 34559.011 34559.011 18.231514322 18.231514322 18.231514322 4.5578785805 4.5578785805 4.5578785805
21658416 16 39915.085 39915.085 39915.085 17.3635935386 17.3635935386 17.3635935386 4.34089838466 4.34089838466 4.34089838466
23824256 16 44844.151 44844.151 44844.151 17.0005714235 17.0005714235 17.0005714235 4.25014285587 4.25014285587 4.25014285587
26206672 16 50624.847 50624.847 50624.847 16.5652550812 16.5652550812 16.5652550812 4.14131377029 4.14131377029 4.14131377029
28827328 16 54554.939 54554.939 54554.939 16.9090922455 16.9090922455 16.9090922455 4.22727306138 4.22727306138 4.22727306138
31710048 16 63735.008 63735.008 63735.008 15.9209446714 15.9209446714 15.9209446714 3.98023616785 3.98023616785 3.98023616785
34881040 8 32037.02 32037.02 32037.02 17.4203668131 17.4203668131 17.4203668131 4.35509170329 4.35509170329 4.35509170329
38369136 8 33893.824 33893.824 33893.824 18.1126265363 18.1126265363 18.1126265363 4.52815663408 4.52815663408 4.52815663408
42206048 8 35987.854 35987.854 35987.854 18.7645745145 18.7645745145 18.7645745145 4.69114362863 4.69114362863 4.69114362863
46426640 8 46194.077 46194.077 46194.077 16.0805516257 16.0805516257 16.0805516257 4.02013790642 4.02013790642 4.02013790642
51069296 8 43412.209 43412.209 43412.209 18.8220953235 18.8220953235 18.8220953235 4.70552383087 4.70552383087 4.70552383087
56176224 8 51524.878 51524.878 51524.878 17.4443806349 17.4443806349 17.4443806349 4.36109515873 4.36109515873 4.36109515873
61793840 8 55723.906 55723.906 55723.906 17.7428595906 17.7428595906 17.7428595906 4.43571489766 4.43571489766 4.43571489766
67973216 4 29468.06 29468.06 29468.06 18.4533942173 18.4533942173 18.4533942173 4.61334855433 4.61334855433 4.61334855433
74770528 4 32429.934 32429.934 32429.934 18.4448178032 18.4448178032 18.4448178032 4.6112044508 4.6112044508 4.6112044508
82247568 4 36551.952 36551.952 36551.952 18.0012422866 18.0012422866 18.0012422866 4.50031057165 4.50031057165 4.50031057165
90472320 4 37549.019 37549.019 37549.019 19.2755650953 19.2755650953 19.2755650953 4.81889127383 4.81889127383 4.81889127383
99519552 4 44709.921 44709.921 44709.921 17.8071532714 17.8071532714 17.8071532714 4.45178831785 4.45178831785 4.45178831785
109471504 4 46622.038 46622.038 46622.038 18.7845077043 18.7845077043 18.7845077043 4.69612692607 4.69612692607 4.69612692607
120418640 4 49735.069 49735.069 49735.069 19.3696146275 19.3696146275 19.3696146275 4.84240365686 4.84240365686 4.84240365686
132460496 4 56866.884 56866.884 56866.884 18.6344651485 18.6344651485 18.6344651485 4.65861628712 4.65861628712 4.65861628712
145706544 2 32543.898 32543.898 32543.898 17.9089233871 17.9089233871 17.9089233871 4.47723084678 4.47723084678 4.47723084678
160277184 2 33056.974 33056.974 33056.974 19.3940539143 19.3940539143 19.3940539143 4.84851347858 4.84851347858 4.84851347858
176304896 2 35820.961 35820.961 35820.961 19.6873440665 19.6873440665 19.6873440665 4.92183601663 4.92183601663 4.92183601663
193935376 2 39885.998 39885.998 39885.998 19.4489681316 19.4489681316 19.4489681316 4.86224203291 4.86224203291 4.86224203291
213328912 2 41950.941 41950.941 41950.941 20.3407987439 20.3407987439 20.3407987439 5.08519968599 5.08519968599 5.08519968599
234661792 2 50086.975 50086.975 50086.975 18.7403445307 18.7403445307 18.7403445307 4.68508613267 4.68508613267 4.68508613267
258127968 2 51883.936 51883.936 51883.936 19.9004152653 19.9004152653 19.9004152653 4.97510381633 4.97510381633 4.97510381633
283940752 1 28840.78 28840.78 28840.78 19.6902269633 19.6902269633 19.6902269633 4.92255674084 4.92255674084 4.92255674084
312334816 1 33540.964 33540.964 33540.964 18.6240810491 18.6240810491 18.6240810491 4.65602026227 4.65602026227 4.65602026227
343568288 1 38265.228 38265.228 38265.228 17.9572058476 17.9572058476 17.9572058476 4.48930146189 4.48930146189 4.48930146189
377925104 1 37949.8 37949.8 37949.8 19.9171064933 19.9171064933 19.9171064933 4.97927662333 4.97927662333 4.97927662333
415717600 1 42425.156 42425.156 42425.156 19.5976934062 19.5976934062 19.5976934062 4.89942335156 4.89942335156 4.89942335156
457289360 1 45361.042 45361.042 45361.042 20.1622070322 20.1622070322 20.1622070322 5.04055175805 5.04055175805 5.04055175805
503018288 1 49478.054 49478.054 49478.054 20.3329859335 20.3329859335 20.3329859335 5.08324648338 5.08324648338 5.08324648338

META_DATA
ERT_VERSION  1.1.0
HOSTNAME  ('e828f4ff7df7', [], ['172.17.0.2'])
CONFIG  {'ERT_WORKING_SET_MIN': ['1'], 'ERT_CFLAGS': ['-Ofast', '-march=native'], 'ERT_CC': ['cc'], 'ERT_MPI_CFLAGS': [], 'ERT_MPI_LDFLAGS': [], 'ERT_MEMORY_MAX': ['536870912', '#', '512MB'], 'ERT_LDFLAGS': [], 'ERT_LDLIBS': [], 'ERT_RUN': ['export', 'OMP_NUM_THREADS=ERT_OPENMP_THREADS', ';', './ERT_CODE'], 'ERT_FLOPS': ['1,4,16,64'], 'ERT_OPENMP_CFLAGS': ['-fopenmp'], 'ERT_MPI': ['False'], 'ERT_TRIALS_MIN': ['1'], 'ERT_DRIVER': ['driver1'], 'ERT_RESULTS': ['OpenMP_4'], 'ERT_OPENMP': ['True'], 'ERT_OPENMP_THREADS': ['1,2,4'], 'ERT_KERNEL': ['kernel1'], 'ERT_GPU': [False], 'ERT_LD': ['cc'], 'ERT_NUM_EXPERIMENTS': ['1'], 'ERT_OPENMP_LDFLAGS': ['-fopenmp'], 'ERT_ALIGN': ['64'], 'ERT_GNUPLOT': ['gnuplot']}
OPENMP_THREADS 2
TIMESTAMP_DATA  1620700524.87
UNAME  ('Linux', 'e828f4ff7df7', '5.4.72-microsoft-standard-WSL2', '#1 SMP Wed Oct 28 23:40:43 UTC 2020', 'x86_64', 'x86_64')
FLOPS          4
