8 33554432 448789.12 448789.12 448789.12 1.19626543531 1.19626543531 1.19626543531 0.299066358828 0.299066358828 0.299066358828
16 16777216 225758.076 225758.076 225758.076 2.37808064948 2.37808064948 2.37808064948 0.594520162371 0.594520162371 0.594520162371
24 8388608 111978.054 111978.054 111978.054 3.59582230282 3.59582230282 3.59582230282 0.898955575706 0.898955575706 0.898955575706
32 8388608 113678.932 113678.932 113678.932 4.72269489654 4.72269489654 4.72269489654 1.18067372413 1.18067372413 1.18067372413
40 4194304 56341.887 56341.887 56341.887 5.95550376224 5.95550376224 5.95550376224 1.48887594056 1.48887594056 1.48887594056
48 4194304 57846.069 57846.069 57846.069 6.96077003953 6.96077003953 6.96077003953 1.74019250988 1.74019250988 1.74019250988
56 4194304 58482.885 58482.885 58482.885 8.03247049115 8.03247049115 8.03247049115 2.00811762279 2.00811762279 2.00811762279
64 4194304 58454.037 58454.037 58454.037 9.18449673544 9.18449673544 9.18449673544 2.29612418386 2.29612418386 2.29612418386
72 2097152 28774.023 28774.023 28774.023 10.4952264756 10.4952264756 10.4952264756 2.62380661891 2.62380661891 2.62380661891
80 2097152 29376.03 29376.03 29376.03 11.4223848491 11.4223848491 11.4223848491 2.85559621229 2.85559621229 2.85559621229
88 2097152 35732.031 35732.031 35732.031 10.3296325921 10.3296325921 10.3296325921 2.58240814803 2.58240814803 2.58240814803
96 2097152 36283.97 36283.97 36283.97 11.0972747469 11.0972747469 11.0972747469 2.77431868674 2.77431868674 2.77431868674
104 2097152 43107.986 43107.986 43107.986 10.1189514166 10.1189514166 10.1189514166 2.52973785414 2.52973785414 2.52973785414
112 2097152 39376.974 39376.974 39376.974 11.9298666271 11.9298666271 11.9298666271 2.98246665678 2.98246665678 2.98246665678
120 2097152 44651.031 44651.031 44651.031 11.2722252707 11.2722252707 11.2722252707 2.81805631767 2.81805631767 2.81805631767
128 2097152 32016.039 32016.039 32016.039 16.7688111574 16.7688111574 16.7688111574 4.19220278936 4.19220278936 4.19220278936
136 1048576 15160.799 15160.799 15160.799 18.8125092879 18.8125092879 18.8125092879 4.70312732198 4.70312732198 4.70312732198
144 1048576 15758.038 15758.038 15758.038 19.1641807184 19.1641807184 19.1641807184 4.79104517961 4.79104517961 4.79104517961
152 1048576 16482.83 16482.83 16482.83 19.3393430618 19.3393430618 19.3393430618 4.83483576546 4.83483576546 4.83483576546
160 1048576 16558.17 16558.17 16558.17 20.2645775469 20.2645775469 20.2645775469 5.06614438673 5.06614438673 5.06614438673
176 1048576 15671.968 15671.968 15671.968 23.5515253732 23.5515253732 23.5515253732 5.8878813433 5.8878813433 5.8878813433
192 1048576 16866.922 16866.922 16866.922 23.8723570311 23.8723570311 23.8723570311 5.96808925778 5.96808925778 5.96808925778
208 1048576 19449.949 19449.949 19449.949 22.4271855931 22.4271855931 22.4271855931 5.60679639828 5.60679639828 5.60679639828
224 1048576 24158.955 24158.955 24158.955 19.4446344223 19.4446344223 19.4446344223 4.86115860558 4.86115860558 4.86115860558
240 1048576 26700.02 26700.02 26700.02 18.8507903739 18.8507903739 18.8507903739 4.71269759348 4.71269759348 4.71269759348
264 524288 7740.021 7740.021 7740.021 35.7652859081 35.7652859081 35.7652859081 8.94132147703 8.94132147703 8.94132147703
288 524288 8286.953 8286.953 8286.953 36.441607428 36.441607428 36.441607428 9.11040185699 9.11040185699 9.11040185699
312 524288 11268.854 11268.854 11268.854 29.0318529284 29.0318529284 29.0318529284 7.25796323211 7.25796323211 7.25796323211
336 524288 12065.172 12065.172 12065.172 29.2015344663 29.2015344663 29.2015344663 7.30038361658 7.30038361658 7.30038361658
368 524288 15691.042 15691.042 15691.042 24.5921187388 24.5921187388 24.5921187388 6.14802968471 6.14802968471 6.14802968471
400 524288 10336.876 10336.876 10336.876 40.5761276424 40.5761276424 40.5761276424 10.1440319106 10.1440319106 10.1440319106
440 524288 11950.97 11950.97 11950.97 38.6055223969 38.6055223969 38.6055223969 9.65138059923 9.65138059923 9.65138059923
480 524288 17763.853 17763.853 17763.853 28.333744937 28.333744937 28.333744937 7.08343623424 7.08343623424 7.08343623424
528 262144 6809.95 6809.95 6809.95 40.6499407485 40.6499407485 40.6499407485 10.1624851871 10.1624851871 10.1624851871
576 262144 7736.921 7736.921 7736.921 39.0323085889 39.0323085889 39.0323085889 9.75807714723 9.75807714723 9.75807714723
632 262144 10251.045 10251.045 10251.045 32.3235354054 32.3235354054 32.3235354054 8.08088385135 8.08088385135 8.08088385135
688 262144 8784.771 8784.771 8784.771 41.0608476874 41.0608476874 41.0608476874 10.2652119219 10.2652119219 10.2652119219
752 262144 12866.02 12866.02 12866.02 30.6438646916 30.6438646916 30.6438646916 7.66096617291 7.66096617291 7.66096617291
824 262144 11147.022 11147.022 11147.022 38.7559396581 38.7559396581 38.7559396581 9.68898491454 9.68898491454 9.68898491454
904 262144 10972.023 10972.023 10972.023 43.1968062772 43.1968062772 43.1968062772 10.7992015693 10.7992015693 10.7992015693
992 262144 13723.85 13723.85 13723.85 37.8970694084 37.8970694084 37.8970694084 9.47426735209 9.47426735209 9.47426735209
1088 131072 6937.981 6937.981 6937.981 41.1088862884 41.1088862884 41.1088862884 10.2772215721 10.2772215721 10.2772215721
1192 131072 7665.873 7665.873 7665.873 40.7619129615 40.7619129615 40.7619129615 10.1904782404 10.1904782404 10.1904782404
1304 131072 7905.96 7905.96 7905.96 43.2377315342 43.2377315342 43.2377315342 10.8094328835 10.8094328835 10.8094328835
1432 131072 8741.14 8741.14 8741.14 42.9452231631 42.9452231631 42.9452231631 10.7363057908 10.7363057908 10.7363057908
1568 131072 10087.013 10087.013 10087.013 40.7496046649 40.7496046649 40.7496046649 10.1874011662 10.1874011662 10.1874011662
1720 131072 13132.095 13132.095 13132.095 34.334786643 34.334786643 34.334786643 8.58369666074 8.58369666074 8.58369666074
1888 131072 12501.955 12501.955 12501.955 39.5880381908 39.5880381908 39.5880381908 9.89700954771 9.89700954771 9.89700954771
2072 65536 6475.925 6475.925 6475.925 41.937048993 41.937048993 41.937048993 10.4842622483 10.4842622483 10.4842622483
2272 65536 6992.102 6992.102 6992.102 42.5902802905 42.5902802905 42.5902802905 10.6475700726 10.6475700726 10.6475700726
2496 65536 7859.945 7859.945 7859.945 41.6231553783 41.6231553783 41.6231553783 10.4057888446 10.4057888446 10.4057888446
2744 65536 8634.806 8634.806 8634.806 41.6525360269 41.6525360269 41.6525360269 10.4131340067 10.4131340067 10.4131340067
3016 65536 9212.017 9212.017 9212.017 42.9127683981 42.9127683981 42.9127683981 10.7281920995 10.7281920995 10.7281920995
3312 65536 11198.044 11198.044 11198.044 38.7666331727 38.7666331727 38.7666331727 9.69165829318 9.69165829318 9.69165829318
3640 65536 11193.991 11193.991 11193.991 42.6212670709 42.6212670709 42.6212670709 10.6553167677 10.6553167677 10.6553167677
4000 65536 11986.971 11986.971 11986.971 43.7381553689 43.7381553689 43.7381553689 10.9345388422 10.9345388422 10.9345388422
4400 32768 8139.133 8139.133 8139.133 35.4286384066 35.4286384066 35.4286384066 8.85715960164 8.85715960164 8.85715960164
4840 32768 7998.943 7998.943 7998.943 39.6545193534 39.6545193534 39.6545193534 9.91362983834 9.91362983834 9.91362983834
5320 32768 8454.084 8454.084 8454.084 41.2406027667 41.2406027667 41.2406027667 10.3101506917 10.3101506917 10.3101506917
5848 32768 12001.991 12001.991 12001.991 31.9325791862 31.9325791862 31.9325791862 7.98314479656 7.98314479656 7.98314479656
6432 32768 12174.845 12174.845 12174.845 34.6228269847 34.6228269847 34.6228269847 8.65570674616 8.65570674616 8.65570674616
7072 32768 11193.037 11193.037 11193.037 41.4070454694 41.4070454694 41.4070454694 10.3517613674 10.3517613674 10.3517613674
7776 32768 14605.999 14605.999 14605.999 34.890317054 34.890317054 34.890317054 8.72257926349 8.72257926349 8.72257926349
8552 16384 6953.001 6953.001 6953.001 40.3037387741 40.3037387741 40.3037387741 10.0759346935 10.0759346935 10.0759346935
9400 16384 7524.967 7524.967 7524.967 40.9329635598 40.9329635598 40.9329635598 10.23324089 10.23324089 10.23324089
10336 16384 9541.988 9541.988 9541.988 35.494704877 35.494704877 35.494704877 8.87367621925 8.87367621925 8.87367621925
11368 16384 9172.916 9172.916 9172.916 40.60940098 40.60940098 40.60940098 10.152350245 10.152350245 10.152350245
12504 16384 10410.07 10410.07 10410.07 39.3591082481 39.3591082481 39.3591082481 9.83977706202 9.83977706202 9.83977706202
13752 16384 12197.018 12197.018 12197.018 36.9455498057 36.9455498057 36.9455498057 9.23638745142 9.23638745142 9.23638745142
15120 16384 12345.076 12345.076 12345.076 40.1335852448 40.1335852448 40.1335852448 10.0333963112 10.0333963112 10.0333963112
16632 8192 6997.108 6997.108 6997.108 38.9444736311 38.9444736311 38.9444736311 9.73611840778 9.73611840778 9.73611840778
18288 8192 7422.924 7422.924 7422.924 40.3655745364 40.3655745364 40.3655745364 10.0913936341 10.0913936341 10.0913936341
20112 8192 8333.921 8333.921 8333.921 39.5390126688 39.5390126688 39.5390126688 9.88475316721 9.88475316721 9.88475316721
22120 8192 9220.123 9220.123 9220.123 39.3068595723 39.3068595723 39.3068595723 9.82671489307 9.82671489307 9.82671489307
24328 8192 11242.151 11242.151 11242.151 35.4549544834 35.4549544834 35.4549544834 8.86373862084 8.86373862084 8.86373862084
26760 8192 12490.988 12490.988 12490.988 35.1001730207 35.1001730207 35.1001730207 8.77504325519 8.77504325519 8.77504325519
29432 8192 13720.989 13720.989 13720.989 35.1442514822 35.1442514822 35.1442514822 8.78606287054 8.78606287054 8.78606287054
32368 8192 13372.183 13372.183 13372.183 39.6582451796 39.6582451796 39.6582451796 9.91456129489 9.91456129489 9.91456129489
35600 4096 7601.023 7601.023 7601.023 38.3678881119 38.3678881119 38.3678881119 9.59197202798 9.59197202798 9.59197202798
39160 4096 10903.835 10903.835 10903.835 29.420723993 29.420723993 29.420723993 7.35518099825 7.35518099825 7.35518099825
43072 4096 10215.998 10215.998 10215.998 34.5385564876 34.5385564876 34.5385564876 8.63463912189 8.63463912189 8.63463912189
47376 4096 10388.136 10388.136 10388.136 37.3603302845 37.3603302845 37.3603302845 9.34008257112 9.34008257112 9.34008257112
52112 4096 11340.141 11340.141 11340.141 37.6451671985 37.6451671985 37.6451671985 9.41129179963 9.41129179963 9.41129179963
57320 4096 12629.032 12629.032 12629.032 37.1814276819 37.1814276819 37.1814276819 9.29535692047 9.29535692047 9.29535692047
63048 4096 13674.974 13674.974 13674.974 37.7689358678 37.7689358678 37.7689358678 9.44223396695 9.44223396695 9.44223396695
69352 2048 7539.988 7539.988 7539.988 37.6745681823 37.6745681823 37.6745681823 9.41864204558 9.41864204558 9.41864204558
76280 2048 8264.065 8264.065 8264.065 37.8074083396 37.8074083396 37.8074083396 9.4518520849 9.4518520849 9.4518520849
83904 2048 11137.962 11137.962 11137.962 30.8558050387 30.8558050387 30.8558050387 7.71395125966 7.71395125966 7.71395125966
92288 2048 9945.869 9945.869 9945.869 38.0068999501 38.0068999501 38.0068999501 9.50172498753 9.50172498753 9.50172498753
101512 2048 11103.868 11103.868 11103.868 37.4457938441 37.4457938441 37.4457938441 9.36144846102 9.36144846102 9.36144846102
111656 2048 12158.871 12158.871 12158.871 37.6139343858 37.6139343858 37.6139343858 9.40348359646 9.40348359646 9.40348359646
122816 2048 13287.067 13287.067 13287.067 37.860450015 37.860450015 37.860450015 9.46511250376 9.46511250376 9.46511250376
135096 1024 7434.13 7434.13 7434.13 37.2170796045 37.2170796045 37.2170796045 9.30426990112 9.30426990112 9.30426990112
148600 1024 8258.104 8258.104 8258.104 36.8526237984 36.8526237984 36.8526237984 9.2131559496 9.2131559496 9.2131559496
163456 1024 9031.057 9031.057 9031.057 37.0674094959 37.0674094959 37.0674094959 9.26685237398 9.26685237398 9.26685237398
179800 1024 10427.952 10427.952 10427.952 35.3118618114 35.3118618114 35.3118618114 8.82796545285 8.82796545285 8.82796545285
197776 1024 11705.16 11705.16 11705.16 34.6039907186 34.6039907186 34.6039907186 8.65099767966 8.65099767966 8.65099767966
217552 1024 12803.078 12803.078 12803.078 34.7999516991 34.7999516991 34.7999516991 8.69998792478 8.69998792478 8.69998792478
239304 1024 13720.036 13720.036 13720.036 35.7210864461 35.7210864461 35.7210864461 8.93027161153 8.93027161153 8.93027161153
263232 512 7807.016 7807.016 7807.016 34.5265807064 34.5265807064 34.5265807064 8.6316451766 8.6316451766 8.6316451766
289552 512 8225.918 8225.918 8225.918 36.0447609616 36.0447609616 36.0447609616 9.01119024041 9.01119024041 9.01119024041
318504 512 8850.098 8850.098 8850.098 36.8524841194 36.8524841194 36.8524841194 9.21312102985 9.21312102985 9.21312102985
350352 512 10720.015 10720.015 10720.015 33.4664128735 33.4664128735 33.4664128735 8.36660321837 8.36660321837 8.36660321837
385384 512 10753.87 10753.87 10753.87 36.6968557366 36.6968557366 36.6968557366 9.17421393415 9.17421393415 9.17421393415
423920 512 11806.011 11806.011 11806.011 36.7689035695 36.7689035695 36.7689035695 9.19222589239 9.19222589239 9.19222589239
466312 512 14626.98 14626.98 14626.98 32.6453914615 32.6453914615 32.6453914615 8.16134786538 8.16134786538 8.16134786538
512936 512 15614.033 15614.033 15614.033 33.6393847765 33.6393847765 33.6393847765 8.40984619413 8.40984619413 8.40984619413
564224 256 8330.107 8330.107 8330.107 34.6793490168 34.6793490168 34.6793490168 8.66983725419 8.66983725419 8.66983725419
620640 256 10156.155 10156.155 10156.155 31.288187311 31.288187311 31.288187311 7.82204682776 7.82204682776 7.82204682776
682704 256 10039.091 10039.091 10039.091 34.818336441 34.818336441 34.818336441 8.70458411025 8.70458411025 8.70458411025
750968 256 14359.951 14359.951 14359.951 26.7755520893 26.7755520893 26.7755520893 6.69388802232 6.69388802232 6.69388802232
826064 256 11605.978 11605.978 11605.978 36.4419756784 36.4419756784 36.4419756784 9.1104939196 9.1104939196 9.1104939196
908664 256 13026.953 13026.953 13026.953 35.7133374167 35.7133374167 35.7133374167 8.92833435417 8.92833435417 8.92833435417
999528 256 14034.986 14034.986 14034.986 36.4630457059 36.4630457059 36.4630457059 9.11576142648 9.11576142648 9.11576142648
1099480 128 7694.006 7694.006 7694.006 36.5826176897 36.5826176897 36.5826176897 9.14565442242 9.14565442242 9.14565442242
1209424 128 8615.971 8615.971 8615.971 35.9347244785 35.9347244785 35.9347244785 8.98368111963 8.98368111963 8.98368111963
1330360 128 9441.853 9441.853 9441.853 36.0704789621 36.0704789621 36.0704789621 9.01761974053 9.01761974053 9.01761974053
1463392 128 10550.976 10550.976 10550.976 35.5065116251 35.5065116251 35.5065116251 8.87662790627 8.87662790627 8.87662790627
1609728 128 12103.081 12103.081 12103.081 34.0483855309 34.0483855309 34.0483855309 8.51209638273 8.51209638273 8.51209638273
1770696 128 13617.992 13617.992 13617.992 33.2867118735 33.2867118735 33.2867118735 8.32167796838 8.32167796838 8.32167796838
1947760 128 15892.982 15892.982 15892.982 31.3740089808 31.3740089808 31.3740089808 7.8435022452 7.8435022452 7.8435022452
2142536 64 9481.192 9481.192 9481.192 28.92511912 28.92511912 28.92511912 7.23127978001 7.23127978001 7.23127978001
2356784 64 10221.958 10221.958 10221.958 29.5117972506 29.5117972506 29.5117972506 7.37794931265 7.37794931265 7.37794931265
2592456 64 16482.115 16482.115 16482.115 20.1329967665 20.1329967665 20.1329967665 5.03324919162 5.03324919162 5.03324919162
2851696 64 24392.843 24392.843 24392.843 14.964105988 14.964105988 14.964105988 3.74102649699 3.74102649699 3.74102649699
3136864 64 27240.038 27240.038 27240.038 14.7400158546 14.7400158546 14.7400158546 3.68500396365 3.68500396365 3.68500396365
3450544 64 36509.991 36509.991 36509.991 12.0972265373 12.0972265373 12.0972265373 3.02430663431 3.02430663431 3.02430663431
3795592 64 64281.94 64281.94 64281.94 7.55788913651 7.55788913651 7.55788913651 1.88947228413 1.88947228413 1.88947228413
4175144 64 68258.047 68258.047 68258.047 7.82938357436 7.82938357436 7.82938357436 1.95734589359 1.95734589359 1.95734589359
4592656 32 36239.147 36239.147 36239.147 8.11084168179 8.11084168179 8.11084168179 2.02771042045 2.02771042045 2.02771042045
5051920 32 40139.914 40139.914 40139.914 8.05489717791 8.05489717791 8.05489717791 2.01372429448 2.01372429448 2.01372429448
5557112 32 68330.05 68330.05 68330.05 5.20495986758 5.20495986758 5.20495986758 1.3012399669 1.3012399669 1.3012399669
6112816 32 52896.023 52896.023 52896.023 7.39602340236 7.39602340236 7.39602340236 1.84900585059 1.84900585059 1.84900585059
6724096 32 54604.053 54604.053 54604.053 7.88113922606 7.88113922606 7.88113922606 1.97028480651 1.97028480651 1.97028480651
7396504 32 80070.972 80070.972 80070.972 5.9119584061 5.9119584061 5.9119584061 1.47798960153 1.47798960153 1.47798960153
8136152 32 51378.012 51378.012 51378.012 10.1349528277 10.1349528277 10.1349528277 2.53373820692 2.53373820692 2.53373820692
8949760 16 28712.988 28712.988 28712.988 9.97431266993 9.97431266993 9.97431266993 2.49357816748 2.49357816748 2.49357816748
9844736 16 29287.1 29287.1 29287.1 10.7566659724 10.7566659724 10.7566659724 2.6891664931 2.6891664931 2.6891664931
10829208 16 39999.008 39999.008 39999.008 8.66358125682 8.66358125682 8.66358125682 2.1658953142 2.1658953142 2.1658953142
11912128 16 42065.859 42065.859 42065.859 9.06169765843 9.06169765843 9.06169765843 2.26542441461 2.26542441461 2.26542441461
13103336 16 44682.98 44682.98 44682.98 9.38403732249 9.38403732249 9.38403732249 2.34600933062 2.34600933062 2.34600933062
14413664 16 43379.068 43379.068 43379.068 10.6327145618 10.6327145618 10.6327145618 2.65817864044 2.65817864044 2.65817864044
15855024 16 49949.884 49949.884 49949.884 10.1573963215 10.1573963215 10.1573963215 2.53934908037 2.53934908037 2.53934908037
17440520 8 27841.806 27841.806 27841.806 10.0226371809 10.0226371809 10.0226371809 2.50565929523 2.50565929523 2.50565929523
19184568 8 29947.996 29947.996 29947.996 10.2495368304 10.2495368304 10.2495368304 2.56238420761 2.56238420761 2.56238420761
21103024 8 32305.002 32305.002 32305.002 10.4518917535 10.4518917535 10.4518917535 2.61297293837 2.61297293837 2.61297293837
23213320 8 32890.797 32890.797 32890.797 11.2923113417 11.2923113417 11.2923113417 2.82307783542 2.82307783542 2.82307783542
25534648 8 36748.171 36748.171 36748.171 11.1176789724 11.1176789724 11.1176789724 2.77941974309 2.77941974309 2.77941974309
28088112 8 40760.04 40760.04 40760.04 11.0257446264 11.0257446264 11.0257446264 2.75643615659 2.75643615659 2.75643615659
30896920 8 43478.012 43478.012 43478.012 11.3701316426 11.3701316426 11.3701316426 2.84253291066 2.84253291066 2.84253291066
33986608 4 25573.015 25573.015 25573.015 10.6320222312 10.6320222312 10.6320222312 2.65800555781 2.65800555781 2.65800555781
37385264 4 26930.094 26930.094 26930.094 11.1058695896 11.1058695896 11.1058695896 2.7764673974 2.7764673974 2.7764673974
41123784 4 29119.015 29119.015 29119.015 11.2981250224 11.2981250224 11.2981250224 2.82453125561 2.82453125561 2.82453125561
45236160 4 38461.924 38461.924 38461.924 9.40902696391 9.40902696391 9.40902696391 2.35225674098 2.35225674098 2.35225674098
49759776 4 41375.16 41375.16 41375.16 9.62118836519 9.62118836519 9.62118836519 2.4052970913 2.4052970913 2.4052970913
54735752 4 43284.893 43284.893 43284.893 10.1163705314 10.1163705314 10.1163705314 2.52909263285 2.52909263285 2.52909263285
60209320 4 45172.215 45172.215 45172.215 10.6630715363 10.6630715363 10.6630715363 2.66576788409 2.66576788409 2.66576788409
66230248 4 46427.011 46427.011 46427.011 11.4123647546 11.4123647546 11.4123647546 2.85309118866 2.85309118866 2.85309118866
72853272 2 28234.005 28234.005 28234.005 10.3213514342 10.3213514342 10.3213514342 2.58033785855 2.58033785855 2.58033785855
80138592 2 28468.132 28468.132 28468.132 11.2601124654 11.2601124654 11.2601124654 2.81502811635 2.81502811635 2.81502811635
88152448 2 31648.874 31648.874 31648.874 11.1413060698 11.1413060698 11.1413060698 2.78532651746 2.78532651746 2.78532651746
96967688 2 33927.917 33927.917 33927.917 11.432200568 11.432200568 11.432200568 2.85805014201 2.85805014201 2.85805014201
106664456 2 37064.075 37064.075 37064.075 11.5113576691 11.5113576691 11.5113576691 2.87783941728 2.87783941728 2.87783941728
117330896 2 40846.825 40846.825 40846.825 11.4898424541 11.4898424541 11.4898424541 2.87246061352 2.87246061352 2.87246061352
129063984 2 45171.022 45171.022 45171.022 11.428918655 11.428918655 11.428918655 2.85722966374 2.85722966374 2.85722966374
141970376 1 25374.889 25374.889 25374.889 11.1898322787 11.1898322787 11.1898322787 2.79745806967 2.79745806967 2.79745806967
156167408 1 27263.88 27263.88 27263.88 11.4559929108 11.4559929108 11.4559929108 2.86399822769 2.86399822769 2.86399822769
171784144 1 29918.909 29918.909 29918.909 11.4833160527 11.4833160527 11.4833160527 2.87082901318 2.87082901318 2.87082901318
188962552 1 33042.192 33042.192 33042.192 11.4376523204 11.4376523204 11.4376523204 2.8594130801 2.8594130801 2.8594130801
207858800 1 35806.894 35806.894 35806.894 11.6099877303 11.6099877303 11.6099877303 2.90249693257 2.90249693257 2.90249693257
228644680 1 50628.901 50628.901 50628.901 9.0321802561 9.0321802561 9.0321802561 2.25804506402 2.25804506402 2.25804506402
251509144 1 45154.095 45154.095 45154.095 11.1400369778 11.1400369778 11.1400369778 2.78500924446 2.78500924446 2.78500924446

META_DATA
ERT_VERSION  1.1.0
UNAME  ('Linux', '5a481ab6924f', '5.4.72-microsoft-standard-WSL2', '#1 SMP Wed Oct 28 23:40:43 UTC 2020', 'x86_64', 'x86_64')
HOSTNAME  ('5a481ab6924f', [], ['172.17.0.4'])
OPENMP_THREADS 1
FLOPS          4
CONFIG  {'ERT_WORKING_SET_MIN': ['1'], 'ERT_CFLAGS': ['-Ofast', '-march=native'], 'ERT_CC': ['cc'], 'ERT_MPI_CFLAGS': [], 'ERT_MPI_LDFLAGS': [], 'ERT_MEMORY_MAX': ['268435456', '#', '256MB'], 'ERT_LDFLAGS': [], 'ERT_LDLIBS': [], 'ERT_RUN': ['export', 'OMP_NUM_THREADS=ERT_OPENMP_THREADS', ';', './ERT_CODE'], 'ERT_FLOPS': ['1,4,16,64'], 'ERT_OPENMP_CFLAGS': ['-fopenmp'], 'ERT_MPI': ['False'], 'ERT_TRIALS_MIN': ['1'], 'ERT_DRIVER': ['driver1'], 'ERT_RESULTS': ['OpenMP_2'], 'ERT_OPENMP': ['True'], 'ERT_OPENMP_THREADS': ['1,2'], 'ERT_KERNEL': ['kernel1'], 'ERT_GPU': [False], 'ERT_LD': ['cc'], 'ERT_NUM_EXPERIMENTS': ['1'], 'ERT_OPENMP_LDFLAGS': ['-fopenmp'], 'ERT_ALIGN': ['64'], 'ERT_GNUPLOT': ['gnuplot']}
TIMESTAMP_DATA  1620609630.6
