64 16777216 692193.031 692193.031 692193.031 3.10243465598 3.10243465598 3.10243465598 12.4097386239 12.4097386239 12.4097386239
128 8388608 354711.056 354711.056 354711.056 6.05417736965 6.05417736965 6.05417736965 24.2167094786 24.2167094786 24.2167094786
192 4194304 235944.986 235944.986 235944.986 6.82622149894 6.82622149894 6.82622149894 27.3048859958 27.3048859958 27.3048859958
256 4194304 174074.888 174074.888 174074.888 12.3365505081 12.3365505081 12.3365505081 49.3462020323 49.3462020323 49.3462020323
320 2097152 91223.001 91223.001 91223.001 14.713145427 14.713145427 14.713145427 58.852581708 58.852581708 58.852581708
384 2097152 123600.96 123600.96 123600.96 13.030746169 13.030746169 13.030746169 52.1229846758 52.1229846758 52.1229846758
448 2097152 158845.901 158845.901 158845.901 11.8293779076 11.8293779076 11.8293779076 47.3175116303 47.3175116303 47.3175116303
512 2097152 89460.85 89460.85 89460.85 24.0047310975 24.0047310975 24.0047310975 96.0189243898 96.0189243898 96.0189243898
576 1048576 63871.145 63871.145 63871.145 18.9124455496 18.9124455496 18.9124455496 75.6497821982 75.6497821982 75.6497821982
640 1048576 83893.061 83893.061 83893.061 15.9986685907 15.9986685907 15.9986685907 63.9946743629 63.9946743629 63.9946743629
704 1048576 103217.84 103217.84 103217.84 14.3036805265 14.3036805265 14.3036805265 57.2147221062 57.2147221062 57.2147221062
768 1048576 61475.992 61475.992 61475.992 26.1990524041 26.1990524041 26.1990524041 104.796209616 104.796209616 104.796209616
832 1048576 85850.0 85850.0 85850.0 20.3241754688 20.3241754688 20.3241754688 81.2967018754 81.2967018754 81.2967018754
896 1048576 97754.955 97754.955 97754.955 19.2220250319 19.2220250319 19.2220250319 76.8881001275 76.8881001275 76.8881001275
960 1048576 122018.099 122018.099 122018.099 16.4997318963 16.4997318963 16.4997318963 65.9989275853 65.9989275853 65.9989275853
1024 1048576 83814.859 83814.859 83814.859 25.6217533934 25.6217533934 25.6217533934 102.487013574 102.487013574 102.487013574
1088 524288 51884.174 51884.174 51884.174 21.988413808 21.988413808 21.988413808 87.9536552321 87.9536552321 87.9536552321
1152 524288 60750.961 60750.961 60750.961 19.8837933115 19.8837933115 19.8837933115 79.5351732461 79.5351732461 79.5351732461
1216 524288 69190.025 69190.025 69190.025 18.4285005823 18.4285005823 18.4285005823 73.7140023291 73.7140023291 73.7140023291
1280 524288 53602.934 53602.934 53602.934 25.0392502769 25.0392502769 25.0392502769 100.157001107 100.157001107 100.157001107
1408 524288 71860.075 71860.075 71860.075 20.5454142373 20.5454142373 20.5454142373 82.1816569493 82.1816569493 82.1816569493
1536 524288 61535.12 61535.12 61535.12 26.1738782016 26.1738782016 26.1738782016 104.695512806 104.695512806 104.695512806
1664 524288 79534.054 79534.054 79534.054 21.938155749 21.938155749 21.938155749 87.7526229959 87.7526229959 87.7526229959
1792 524288 72669.983 72669.983 72669.983 25.8572812932 25.8572812932 25.8572812932 103.429125173 103.429125173 103.429125173
1920 524288 92257.977 92257.977 92257.977 21.8221338194 21.8221338194 21.8221338194 87.2885352776 87.2885352776 87.2885352776
2112 262144 47854.185 47854.185 47854.185 23.1389638336 23.1389638336 23.1389638336 92.5558553343 92.5558553343 92.5558553343
2304 262144 45606.136 45606.136 45606.136 26.4867769548 26.4867769548 26.4867769548 105.947107819 105.947107819 105.947107819
2496 262144 60696.84 60696.84 60696.84 21.5599831556 21.5599831556 21.5599831556 86.2399326225 86.2399326225 86.2399326225
2688 262144 62958.002 62958.002 62958.002 22.3845436518 22.3845436518 22.3845436518 89.5381746073 89.5381746073 89.5381746073
2944 262144 68068.027 68068.027 68068.027 22.6759014478 22.6759014478 22.6759014478 90.7036057913 90.7036057913 90.7036057913
3200 262144 70297.003 70297.003 70297.003 23.8661895728 23.8661895728 23.8661895728 95.4647582913 95.4647582913 95.4647582913
3520 262144 78100.92 78100.92 78100.92 23.6296033389 23.6296033389 23.6296033389 94.5184133554 94.5184133554 94.5184133554
3840 262144 78289.986 78289.986 78289.986 25.715497254 25.715497254 25.715497254 102.861989016 102.861989016 102.861989016
4224 131072 43829.918 43829.918 43829.918 25.2634799819 25.2634799819 25.2634799819 101.053919927 101.053919927 101.053919927
4608 131072 45890.093 45890.093 45890.093 26.3228830676 26.3228830676 26.3228830676 105.29153227 105.29153227 105.29153227
5056 131072 57945.013 57945.013 57945.013 22.8734104176 22.8734104176 22.8734104176 91.4936416703 91.4936416703 91.4936416703
5504 131072 61066.866 61066.866 61066.866 23.6272248849 23.6272248849 23.6272248849 94.5088995397 94.5088995397 94.5088995397
6016 131072 69032.907 69032.907 69032.907 22.8450223601 22.8450223601 22.8450223601 91.3800894405 91.3800894405 91.3800894405
6592 131072 72512.15 72512.15 72512.15 23.8312234295 23.8312234295 23.8312234295 95.3248937178 95.3248937178 95.3248937178
7232 131072 79196.93 79196.93 79196.93 23.9381173992 23.9381173992 23.9381173992 95.752469597 95.752469597 95.752469597
7936 131072 80096.006 80096.006 80096.006 25.9735146344 25.9735146344 25.9735146344 103.894058538 103.894058538 103.894058538
8704 65536 46471.119 46471.119 46471.119 24.5496711194 24.5496711194 24.5496711194 98.1986844776 98.1986844776 98.1986844776
9536 65536 50997.972 50997.972 50997.972 24.5088685487 24.5088685487 24.5088685487 98.0354741949 98.0354741949 98.0354741949
10432 65536 55493.116 55493.116 55493.116 24.6398689164 24.6398689164 24.6398689164 98.5594756654 98.5594756654 98.5594756654
11456 65536 63405.991 63405.991 63405.991 23.6816869876 23.6816869876 23.6816869876 94.7267479504 94.7267479504 94.7267479504
12544 65536 67389.965 67389.965 67389.965 24.3978041538 24.3978041538 24.3978041538 97.5912166151 97.5912166151 97.5912166151
13760 65536 74759.007 74759.007 74759.007 24.1248619046 24.1248619046 24.1248619046 96.4994476184 96.4994476184 96.4994476184
15104 65536 73897.839 73897.839 73897.839 26.789842772 26.789842772 26.789842772 107.159371088 107.159371088 107.159371088
16576 32768 43369.055 43369.055 43369.055 25.0483838304 25.0483838304 25.0483838304 100.193535321 100.193535321 100.193535321
18176 32768 45417.786 45417.786 45417.786 26.2272215559 26.2272215559 26.2272215559 104.908886224 104.908886224 104.908886224
19968 32768 50783.157 50783.157 50783.157 25.768836073 25.768836073 25.768836073 103.075344292 103.075344292 103.075344292
21952 32768 58021.069 58021.069 58021.069 24.7952389847 24.7952389847 24.7952389847 99.1809559386 99.1809559386 99.1809559386
24128 32768 60467.958 60467.958 60467.958 26.1502564383 26.1502564383 26.1502564383 104.601025753 104.601025753 104.601025753
26496 32768 70417.166 70417.166 70417.166 24.6593544534 24.6593544534 24.6593544534 98.6374178137 98.6374178137 98.6374178137
29120 32768 73410.034 73410.034 73410.034 25.9965595439 25.9965595439 25.9965595439 103.986238176 103.986238176 103.986238176
32000 32768 78130.007 78130.007 78130.007 26.8418253182 26.8418253182 26.8418253182 107.367301273 107.367301273 107.367301273
35200 16384 45001.984 45001.984 45001.984 25.6307277475 25.6307277475 25.6307277475 102.52291099 102.52291099 102.52291099
38720 16384 48827.887 48827.887 48827.887 25.9846787964 25.9846787964 25.9846787964 103.938715185 103.938715185 103.938715185
42560 16384 55186.033 55186.033 55186.033 25.2709971017 25.2709971017 25.2709971017 101.083988407 101.083988407 101.083988407
46784 16384 60091.972 60091.972 60091.972 25.5111966038 25.5111966038 25.5111966038 102.044786415 102.044786415 102.044786415
51456 16384 67185.163 67185.163 67185.163 25.0964667303 25.0964667303 25.0964667303 100.385866921 100.385866921 100.385866921
56576 16384 71317.196 71317.196 71317.196 25.9948858337 25.9948858337 25.9948858337 103.979543335 103.979543335 103.979543335
62208 16384 79837.084 79837.084 79837.084 25.5323922402 25.5323922402 25.5323922402 102.129568961 102.129568961 102.129568961
68416 8192 38974.047 38974.047 38974.047 28.7608762826 28.7608762826 28.7608762826 115.04350513 115.04350513 115.04350513
75200 8192 47250.032 47250.032 47250.032 26.0756818112 26.0756818112 26.0756818112 104.302727245 104.302727245 104.302727245
82688 8192 51259.041 51259.041 51259.041 26.4296827559 26.4296827559 26.4296827559 105.718731023 105.718731023 105.718731023
90944 8192 54478.884 54478.884 54478.884 27.3505326578 27.3505326578 27.3505326578 109.402130631 109.402130631 109.402130631
100032 8192 61965.942 61965.942 61965.942 26.4487916281 26.4487916281 26.4487916281 105.795166513 105.795166513 105.795166513
110016 8192 68494.081 68494.081 68494.081 26.3161738603 26.3161738603 26.3161738603 105.264695441 105.264695441 105.264695441
120960 8192 76154.947 76154.947 76154.947 26.0233736359 26.0233736359 26.0233736359 104.093494543 104.093494543 104.093494543
133056 4096 42796.85 42796.85 42796.85 25.4690415767 25.4690415767 25.4690415767 101.876166307 101.876166307 101.876166307
146304 4096 47013.044 47013.044 47013.044 25.4934006826 25.4934006826 25.4934006826 101.97360273 101.97360273 101.97360273
160896 4096 51060.915 51060.915 51060.915 25.8134824258 25.8134824258 25.8134824258 103.253929703 103.253929703 103.253929703
176960 4096 58241.129 58241.129 58241.129 24.8905944114 24.8905944114 24.8905944114 99.5623776455 99.5623776455 99.5623776455
194624 4096 59782.982 59782.982 59782.982 26.6691248021 26.6691248021 26.6691248021 106.676499208 106.676499208 106.676499208
214080 4096 71791.887 71791.887 71791.887 24.4281552315 24.4281552315 24.4281552315 97.7126209261 97.7126209261 97.7126209261
235456 4096 81200.838 81200.838 81200.838 23.7541335719 23.7541335719 23.7541335719 95.0165342875 95.0165342875 95.0165342875
258944 4096 85088.968 85088.968 85088.968 24.9300149932 24.9300149932 24.9300149932 99.720059973 99.720059973 99.720059973
284800 2048 47690.868 47690.868 47690.868 24.460464842 24.460464842 24.460464842 97.8418593681 97.8418593681 97.8418593681
313280 2048 44091.94 44091.94 44091.94 29.1027085676 29.1027085676 29.1027085676 116.41083427 116.41083427 116.41083427
344576 2048 52819.014 52819.014 52819.014 26.7211216022 26.7211216022 26.7211216022 106.884486409 106.884486409 106.884486409
379008 2048 60077.906 60077.906 60077.906 25.8400612032 25.8400612032 25.8400612032 103.360244813 103.360244813 103.360244813
416896 2048 65979.004 65979.004 65979.004 25.8810517358 25.8810517358 25.8810517358 103.524206943 103.524206943 103.524206943
458560 2048 77940.941 77940.941 77940.941 24.0985255746 24.0985255746 24.0985255746 96.3941022986 96.3941022986 96.3941022986
504384 2048 78176.975 78176.975 78176.975 26.4266667264 26.4266667264 26.4266667264 105.706666905 105.706666905 105.706666905
554816 1024 45255.899 45255.899 45255.899 25.1075151109 25.1075151109 25.1075151109 100.430060444 100.430060444 100.430060444
610240 1024 49484.015 49484.015 49484.015 25.2560654183 25.2560654183 25.2560654183 101.024261673 101.024261673 101.024261673
671232 1024 55480.957 55480.957 55480.957 24.7775671209 24.7775671209 24.7775671209 99.1102684837 99.1102684837 99.1102684837
738304 1024 62795.877 62795.877 62795.877 24.0787558712 24.0787558712 24.0787558712 96.3150234847 96.3150234847 96.3150234847
812096 1024 66228.867 66228.867 66228.867 25.1125028003 25.1125028003 25.1125028003 100.450011201 100.450011201 100.450011201
893248 1024 73884.01 73884.01 73884.01 24.7600516539 24.7600516539 24.7600516539 99.0402066157 99.0402066157 99.0402066157
982528 1024 76174.974 76174.974 76174.974 26.415727349 26.415727349 26.415727349 105.662909396 105.662909396 105.662909396
1080768 512 43554.068 43554.068 43554.068 25.4099440723 25.4099440723 25.4099440723 101.639776289 101.639776289 101.639776289
1188800 512 48675.06 48675.06 48675.06 25.0093415396 25.0093415396 25.0093415396 100.037366158 100.037366158 100.037366158
1307648 512 51615.0 51615.0 51615.0 25.9426823985 25.9426823985 25.9426823985 103.770729594 103.770729594 103.770729594
1438400 512 58236.122 58236.122 58236.122 25.2922335728 25.2922335728 25.2922335728 101.168934291 101.168934291 101.168934291
1582208 512 66078.901 66078.901 66078.901 24.5188852641 24.5188852641 24.5188852641 98.0755410566 98.0755410566 98.0755410566
1740416 512 72946.787 72946.787 72946.787 24.4313157206 24.4313157206 24.4313157206 97.7252628824 97.7252628824 97.7252628824
1914432 512 76771.021 76771.021 76771.021 25.5353952893 25.5353952893 25.5353952893 102.141581157 102.141581157 102.141581157
2105856 256 38599.968 38599.968 38599.968 27.9326208768 27.9326208768 27.9326208768 111.730483507 111.730483507 111.730483507
2316416 256 47602.892 47602.892 47602.892 24.9145575441 24.9145575441 24.9145575441 99.6582301764 99.6582301764 99.6582301764
2548032 256 51922.083 51922.083 51922.083 25.1259639179 25.1259639179 25.1259639179 100.503855672 100.503855672 100.503855672
2802816 256 54682.016 54682.016 54682.016 26.2433958543 26.2433958543 26.2433958543 104.973583417 104.973583417 104.973583417
3083072 256 64117.908 64117.908 64117.908 24.6192197038 24.6192197038 24.6192197038 98.4768788152 98.4768788152 98.4768788152
3391360 256 67730.904 67730.904 67730.904 25.636396644 25.636396644 25.636396644 102.545586576 102.545586576 102.545586576
3730496 256 75307.846 75307.846 75307.846 25.362748418 25.362748418 25.362748418 101.450993672 101.450993672 101.450993672
4103488 256 81189.156 81189.156 81189.156 25.8776659287 25.8776659287 25.8776659287 103.510663715 103.510663715 103.510663715
4513792 128 46113.968 46113.968 46113.968 25.0581505369 25.0581505369 25.0581505369 100.232602148 100.232602148 100.232602148
4965120 128 51192.045 51192.045 51192.045 24.82945778 24.82945778 24.82945778 99.3178311201 99.3178311201 99.3178311201
5461632 128 53439.856 53439.856 53439.856 26.1635770875 26.1635770875 26.1635770875 104.65430835 104.65430835 104.65430835
6007744 128 62030.077 62030.077 62030.077 24.7941408166 24.7941408166 24.7941408166 99.1765632662 99.1765632662 99.1765632662
6608512 128 66666.842 66666.842 66666.842 25.3766193395 25.3766193395 25.3766193395 101.506477358 101.506477358 101.506477358
7269312 128 78032.97 78032.97 78032.97 23.8481743294 23.8481743294 23.8481743294 95.3926973176 95.3926973176 95.3926973176
7996224 128 124996.901 124996.901 124996.901 16.3766727625 16.3766727625 16.3766727625 65.5066910499 65.5066910499 65.5066910499
8795840 64 48509.121 48509.121 48509.121 23.2093984964 23.2093984964 23.2093984964 92.8375939857 92.8375939857 92.8375939857
9675392 64 61609.03 61609.03 61609.03 20.1017639135 20.1017639135 20.1017639135 80.407055654 80.407055654 80.407055654
10642880 64 59555.054 59555.054 59555.054 22.8744421926 22.8744421926 22.8744421926 91.4977687704 91.4977687704 91.4977687704
11707136 64 67045.927 67045.927 67045.927 22.3505509589 22.3505509589 22.3505509589 89.4022038356 89.4022038356 89.4022038356
12877824 64 76880.932 76880.932 76880.932 21.4404460133 21.4404460133 21.4404460133 85.7617840533 85.7617840533 85.7617840533
14165568 64 86078.882 86078.882 86078.882 21.0643152173 21.0643152173 21.0643152173 84.2572608692 84.2572608692 84.2572608692
15582080 64 93545.914 93545.914 93545.914 21.3211476024 21.3211476024 21.3211476024 85.2845904098 85.2845904098 85.2845904098
17140288 32 55552.959 55552.959 55552.959 19.7465346895 19.7465346895 19.7465346895 78.9861387582 78.9861387582 78.9861387582
18854272 32 61945.915 61945.915 61945.915 19.4794670157 19.4794670157 19.4794670157 77.9178680628 77.9178680628 77.9178680628
20739648 32 65294.981 65294.981 65294.981 20.3283231218 20.3283231218 20.3283231218 81.3132924872 81.3132924872 81.3132924872
22813568 32 68325.996 68325.996 68325.996 21.3691484571 21.3691484571 21.3691484571 85.4765938282 85.4765938282 85.4765938282
25094912 32 106360.912 106360.912 106360.912 15.1002312579 15.1002312579 15.1002312579 60.4009250316 60.4009250316 60.4009250316
27604352 32 89189.053 89189.053 89189.053 19.8082440454 19.8082440454 19.8082440454 79.2329761815 79.2329761815 79.2329761815
30364736 32 84102.869 84102.869 84102.869 23.1067397237 23.1067397237 23.1067397237 92.4269588948 92.4269588948 92.4269588948
33401152 32 115885.019 115885.019 115885.019 18.4465062563 18.4465062563 18.4465062563 73.7860250254 73.7860250254 73.7860250254
36741248 16 59717.178 59717.178 59717.178 19.6881362344 19.6881362344 19.6881362344 78.7525449377 78.7525449377 78.7525449377
40415360 16 59744.12 59744.12 59744.12 21.6471766594 21.6471766594 21.6471766594 86.5887066376 86.5887066376 86.5887066376
44456896 16 66620.111 66620.111 66620.111 21.354222481 21.354222481 21.354222481 85.4168899238 85.4168899238 85.4168899238
48902528 16 69099.903 69099.903 69099.903 22.6466438889 22.6466438889 22.6466438889 90.5865755557 90.5865755557 90.5865755557
53792768 16 90439.081 90439.081 90439.081 19.0334593957 19.0334593957 19.0334593957 76.1338375829 76.1338375829 76.1338375829
59172032 16 110978.127 110978.127 110978.127 17.0619659494 17.0619659494 17.0619659494 68.2478637975 68.2478637975 68.2478637975
65089216 16 101346.97 101346.97 101346.97 20.551723569 20.551723569 20.551723569 82.2068942762 82.2068942762 82.2068942762
71598080 8 56035.995 56035.995 56035.995 20.4434538907 20.4434538907 20.4434538907 81.7738155627 81.7738155627 81.7738155627
78757888 8 61745.882 61745.882 61745.882 20.4082631454 20.4082631454 20.4082631454 81.6330525815 81.6330525815 81.6330525815
86633664 8 75259.924 75259.924 75259.924 18.418017855 18.418017855 18.418017855 73.6720714201 73.6720714201 73.6720714201
95297024 8 90511.799 90511.799 90511.799 16.8458963455 16.8458963455 16.8458963455 67.3835853821 67.3835853821 67.3835853821
104826688 8 86803.913 86803.913 86803.913 19.3220207481 19.3220207481 19.3220207481 77.2880829923 77.2880829923 77.2880829923
115309312 8 99846.125 99846.125 99846.125 18.4779228237 18.4779228237 18.4779228237 73.911691295 73.911691295 73.911691295
126840192 8 99558.83 99558.83 99558.83 20.3843604028 20.3843604028 20.3843604028 81.5374416112 81.5374416112 81.5374416112
139524160 4 52545.071 52545.071 52545.071 21.2425877205 21.2425877205 21.2425877205 84.9703508822 84.9703508822 84.9703508822
153476544 4 59387.922 59387.922 59387.922 20.6744454201 20.6744454201 20.6744454201 82.6977816803 82.6977816803 82.6977816803
168824192 4 62494.993 62494.993 62494.993 21.6112278947 21.6112278947 21.6112278947 86.4449115788 86.4449115788 86.4449115788
185706560 4 70086.956 70086.956 70086.956 21.1972749965 21.1972749965 21.1972749965 84.789099986 84.789099986 84.789099986
204277184 4 73090.076 73090.076 73090.076 22.3589516038 22.3589516038 22.3589516038 89.4358064151 89.4358064151 89.4358064151
224704896 4 82224.131 82224.131 82224.131 21.8626715313 21.8626715313 21.8626715313 87.4506861252 87.4506861252 87.4506861252
247175360 4 88624.001 88624.001 88624.001 22.3122727217 22.3122727217 22.3122727217 89.2490908868 89.2490908868 89.2490908868
271892864 2 49823.999 49823.999 49823.999 21.8282650495 21.8282650495 21.8282650495 87.3130601982 87.3130601982 87.3130601982
299082112 2 54938.793 54938.793 54938.793 21.7756594689 21.7756594689 21.7756594689 87.1026378756 87.1026378756 87.1026378756
328990272 2 59815.168 59815.168 59815.168 22.000457944 22.000457944 22.000457944 88.0018317762 88.0018317762 88.0018317762
361889280 2 63368.082 63368.082 63368.082 22.8436315936 22.8436315936 22.8436315936 91.3745263743 91.3745263743 91.3745263743
398078208 2 77607.87 77607.87 77607.87 20.5174144323 20.5174144323 20.5174144323 82.0696577293 82.0696577293 82.0696577293
437886016 2 78674.793 78674.793 78674.793 22.2630908479 22.2630908479 22.2630908479 89.0523633917 89.0523633917 89.0523633917
481674560 2 84424.019 84424.019 84424.019 22.8216834832 22.8216834832 22.8216834832 91.2867339329 91.2867339329 91.2867339329
529841984 2 102483.034 102483.034 102483.034 20.6801833755 20.6801833755 20.6801833755 82.7207335021 82.7207335021 82.7207335021
582826176 1 57491.064 57491.064 57491.064 20.2753657855 20.2753657855 20.2753657855 81.1014631422 81.1014631422 81.1014631422
641108736 1 73172.092 73172.092 73172.092 17.5233130139 17.5233130139 17.5233130139 70.0932520557 70.0932520557 70.0932520557
705219584 1 83337.069 83337.069 83337.069 16.924511324 16.924511324 16.924511324 67.698045296 67.698045296 67.698045296
775741504 1 86585.999 86585.999 86585.999 17.9184051223 17.9184051223 17.9184051223 71.6736204892 71.6736204892 71.6736204892
853315648 1 91423.988 91423.988 91423.988 18.6672156109 18.6672156109 18.6672156109 74.6688624434 74.6688624434 74.6688624434
938647168 1 107210.159 107210.159 107210.159 17.510414624 17.510414624 17.510414624 70.0416584962 70.0416584962 70.0416584962
1032511872 1 114984.989 114984.989 114984.989 17.9590724142 17.9590724142 17.9590724142 71.8362896569 71.8362896569 71.8362896569

META_DATA
ERT_VERSION  1.1.0
OPENMP_THREADS 8
TIMESTAMP_DATA  1620702640.21
UNAME  ('Linux', '3689e1d83645', '5.4.72-microsoft-standard-WSL2', '#1 SMP Wed Oct 28 23:40:43 UTC 2020', 'x86_64', 'x86_64')
HOSTNAME  ('3689e1d83645', [], ['172.17.0.2'])
FLOPS          64
CONFIG  {'ERT_WORKING_SET_MIN': ['1'], 'ERT_CFLAGS': ['-Ofast', '-march=native'], 'ERT_CC': ['cc'], 'ERT_MPI_CFLAGS': [], 'ERT_MPI_LDFLAGS': [], 'ERT_MEMORY_MAX': ['1073741824', '#', '1GB'], 'ERT_LDFLAGS': [], 'ERT_LDLIBS': [], 'ERT_RUN': ['export', 'OMP_NUM_THREADS=ERT_OPENMP_THREADS', ';', './ERT_CODE'], 'ERT_FLOPS': ['1,8,64'], 'ERT_OPENMP_CFLAGS': ['-fopenmp'], 'ERT_MPI': ['False'], 'ERT_TRIALS_MIN': ['1'], 'ERT_DRIVER': ['driver1'], 'ERT_RESULTS': ['OpenMP'], 'ERT_OPENMP': ['True'], 'ERT_OPENMP_THREADS': ['1,2,4,8'], 'ERT_KERNEL': ['kernel1'], 'ERT_GPU': [False], 'ERT_LD': ['cc'], 'ERT_NUM_EXPERIMENTS': ['1'], 'ERT_OPENMP_LDFLAGS': ['-fopenmp'], 'ERT_ALIGN': ['64'], 'ERT_GNUPLOT': ['gnuplot']}
