32 33554432 88860.035 88860.035 88860.035 24.1670358109 24.1670358109 24.1670358109 1.51043973818 1.51043973818 1.51043973818
64 16777216 46200.991 46200.991 46200.991 46.4813330086 46.4813330086 46.4813330086 2.90508331304 2.90508331304 2.90508331304
96 8388608 28307.199 28307.199 28307.199 56.8976370993 56.8976370993 56.8976370993 3.55610231871 3.55610231871 3.55610231871
128 8388608 24510.145 24510.145 24510.145 87.6161135726 87.6161135726 87.6161135726 5.47600709829 5.47600709829 5.47600709829
160 4194304 13650.894 13650.894 13650.894 98.3215663384 98.3215663384 98.3215663384 6.14509789615 6.14509789615 6.14509789615
192 4194304 29165.03 29165.03 29165.03 55.2241069527 55.2241069527 55.2241069527 3.45150668455 3.45150668455 3.45150668455
224 4194304 33550.024 33550.024 33550.024 56.0073576102 56.0073576102 56.0073576102 3.50045985064 3.50045985064 3.50045985064
256 4194304 33317.804 33317.804 33317.804 64.4545375199 64.4545375199 64.4545375199 4.028408595 4.028408595 4.028408595
288 2097152 17708.778 17708.778 17708.778 68.2124736105 68.2124736105 68.2124736105 4.26327960066 4.26327960066 4.26327960066
320 2097152 24101.019 24101.019 24101.019 55.689648641 55.689648641 55.689648641 3.48060304006 3.48060304006 3.48060304006
352 2097152 24927.855 24927.855 24927.855 59.2267167793 59.2267167793 59.2267167793 3.70166979871 3.70166979871 3.70166979871
384 2097152 26259.899 26259.899 26259.899 61.3335464847 61.3335464847 61.3335464847 3.83334665529 3.83334665529 3.83334665529
416 2097152 28536.081 28536.081 28536.081 61.144712338 61.144712338 61.144712338 3.82154452113 3.82154452113 3.82154452113
448 2097152 31497.955 31497.955 31497.955 59.6561964737 59.6561964737 59.6561964737 3.72851227961 3.72851227961 3.72851227961
480 2097152 34363.985 34363.985 34363.985 58.5865091025 58.5865091025 58.5865091025 3.66165681891 3.66165681891 3.66165681891
512 2097152 8138.895 8138.895 8138.895 263.854448055 263.854448055 263.854448055 16.4909030034 16.4909030034 16.4909030034
544 1048576 4596.949 4596.949 4596.949 248.175624311 248.175624311 248.175624311 15.5109765194 15.5109765194 15.5109765194
576 1048576 4966.021 4966.021 4966.021 243.244954462 243.244954462 243.244954462 15.2028096538 15.2028096538 15.2028096538
608 1048576 4247.904 4247.904 4247.904 300.164131769 300.164131769 300.164131769 18.7602582356 18.7602582356 18.7602582356
640 1048576 4043.102 4043.102 4043.102 331.967207357 331.967207357 331.967207357 20.7479504598 20.7479504598 20.7479504598
704 1048576 9083.033 9083.033 9083.033 162.544274363 162.544274363 162.544274363 10.1590171477 10.1590171477 10.1590171477
768 1048576 10504.961 10504.961 10504.961 153.319249448 153.319249448 153.319249448 9.5824530905 9.5824530905 9.5824530905
832 1048576 13147.831 13147.831 13147.831 132.708616653 132.708616653 132.708616653 8.29428854082 8.29428854082 8.29428854082
896 1048576 12709.141 12709.141 12709.141 147.85013338 147.85013338 147.85013338 9.24063333627 9.24063333627 9.24063333627
960 1048576 17232.18 17232.18 17232.18 116.831760114 116.831760114 116.831760114 7.30198500712 7.30198500712 7.30198500712
1056 524288 4334.927 4334.927 4334.927 255.435963743 255.435963743 255.435963743 15.9647477339 15.9647477339 15.9647477339
1152 524288 4418.85 4418.85 4418.85 273.365140704 273.365140704 273.365140704 17.085321294 17.085321294 17.085321294
1248 524288 5570.173 5570.173 5570.173 234.933968478 234.933968478 234.933968478 14.6833730299 14.6833730299 14.6833730299
1344 524288 7116.079 7116.079 7116.079 198.042509646 198.042509646 198.042509646 12.3776568529 12.3776568529 12.3776568529
1472 524288 9156.942 9156.942 9156.942 168.561062416 168.561062416 168.561062416 10.535066401 10.535066401 10.535066401
1600 524288 6587.982 6587.982 6587.982 254.663962348 254.663962348 254.663962348 15.9164976468 15.9164976468 15.9164976468
1760 524288 7869.005 7869.005 7869.005 234.526952264 234.526952264 234.526952264 14.6579345165 14.6579345165 14.6579345165
1920 524288 9157.181 9157.181 9157.181 219.856516978 219.856516978 219.856516978 13.7410323111 13.7410323111 13.7410323111
2112 262144 2368.927 2368.927 2368.927 467.42523345 467.42523345 467.42523345 29.2140770906 29.2140770906 29.2140770906
2304 262144 2781.153 2781.153 2781.153 434.337683687 434.337683687 434.337683687 27.1461052305 27.1461052305 27.1461052305
2528 262144 5454.063 5454.063 5454.063 243.011506101 243.011506101 243.011506101 15.1882191313 15.1882191313 15.1882191313
2752 262144 2995.968 2995.968 2995.968 481.594121166 481.594121166 481.594121166 30.0996325728 30.0996325728 30.0996325728
3008 262144 6111.86 6111.86 6111.86 258.032465403 258.032465403 258.032465403 16.1270290877 16.1270290877 16.1270290877
3296 262144 6994.963 6994.963 6994.963 247.042514449 247.042514449 247.042514449 15.4401571531 15.4401571531 15.4401571531
3616 262144 7196.903 7196.903 7196.903 263.42239266 263.42239266 263.42239266 16.4638995412 16.4638995412 16.4638995412
3968 262144 8637.905 8637.905 8637.905 240.842517254 240.842517254 240.842517254 15.0526573284 15.0526573284 15.0526573284
4352 131072 4553.08 4553.08 4553.08 250.566800495 250.566800495 250.566800495 15.660425031 15.660425031 15.660425031
4768 131072 4884.005 4884.005 4884.005 255.917549634 255.917549634 255.917549634 15.9948468521 15.9948468521 15.9948468521
5216 131072 2912.045 2912.045 2912.045 469.547381308 469.547381308 469.547381308 29.3467113317 29.3467113317 29.3467113317
5728 131072 3391.981 3391.981 3391.981 442.679611708 442.679611708 442.679611708 27.6674757317 27.6674757317 27.6674757317
6272 131072 5395.174 5395.174 5395.174 304.747755679 304.747755679 304.747755679 19.04673473 19.04673473 19.04673473
6880 131072 6155.968 6155.968 6155.968 292.975973884 292.975973884 292.975973884 18.3109983678 18.3109983678 18.3109983678
7552 131072 6361.961 6361.961 6361.961 311.1794442 311.1794442 311.1794442 19.4487152625 19.4487152625 19.4487152625
8288 65536 4153.013 4153.013 4153.013 261.57508681 261.57508681 261.57508681 16.3484429257 16.3484429257 16.3484429257
9088 65536 4435.062 4435.062 4435.062 268.58301778 268.58301778 268.58301778 16.7864386112 16.7864386112 16.7864386112
9984 65536 4528.046 4528.046 4528.046 289.003876727 289.003876727 289.003876727 18.0627422955 18.0627422955 18.0627422955
10976 65536 5504.847 5504.847 5504.847 261.34173611 261.34173611 261.34173611 16.3338585069 16.3338585069 16.3338585069
12064 65536 3824.949 3824.949 3824.949 413.404886706 413.404886706 413.404886706 25.8378054191 25.8378054191 25.8378054191
13248 65536 5842.924 5842.924 5842.924 297.187137125 297.187137125 297.187137125 18.5741960703 18.5741960703 18.5741960703
14560 65536 6320.953 6320.953 6320.953 301.917815241 301.917815241 301.917815241 18.8698634526 18.8698634526 18.8698634526
16000 65536 7963.181 7963.181 7963.181 263.356063362 263.356063362 263.356063362 16.4597539601 16.4597539601 16.4597539601
17600 32768 3695.965 3695.965 3695.965 312.079145771 312.079145771 312.079145771 19.5049466107 19.5049466107 19.5049466107
19360 32768 3841.877 3841.877 3841.877 330.24924015 330.24924015 330.24924015 20.6405775094 20.6405775094 20.6405775094
21280 32768 4393.101 4393.101 4393.101 317.453680214 317.453680214 317.453680214 19.8408550133 19.8408550133 19.8408550133
23392 32768 5904.198 5904.198 5904.198 259.64883156 259.64883156 259.64883156 16.2280519725 16.2280519725 16.2280519725
25728 32768 4220.009 4220.009 4220.009 399.551329867 399.551329867 399.551329867 24.9719581167 24.9719581167 24.9719581167
28288 32768 5784.035 5784.035 5784.035 320.517142099 320.517142099 320.517142099 20.0323213812 20.0323213812 20.0323213812
31104 32768 7707.119 7707.119 7707.119 264.486865196 264.486865196 264.486865196 16.5304290747 16.5304290747 16.5304290747
34208 16384 4309.893 4309.893 4309.893 260.082499496 260.082499496 260.082499496 16.2551562185 16.2551562185 16.2551562185
37600 16384 4672.05 4672.05 4672.05 263.71224623 263.71224623 263.71224623 16.4820153894 16.4820153894 16.4820153894
41344 16384 5069.971 5069.971 5069.971 267.21261167 267.21261167 267.21261167 16.7007882294 16.7007882294 16.7007882294
45472 16384 5728.96 5728.96 5728.96 260.086734067 260.086734067 260.086734067 16.2554208792 16.2554208792 16.2554208792
50016 16384 6249.905 6249.905 6249.905 262.231872004 262.231872004 262.231872004 16.3894920003 16.3894920003 16.3894920003
55008 16384 6327.868 6327.868 6327.868 284.851413462 284.851413462 284.851413462 17.8032133414 17.8032133414 17.8032133414
60480 16384 5186.081 5186.081 5186.081 382.139931868 382.139931868 382.139931868 23.8837457417 23.8837457417 23.8837457417
66528 8192 3747.94 3747.94 3747.94 290.825027082 290.825027082 290.825027082 18.1765641926 18.1765641926 18.1765641926
73152 8192 4749.06 4749.06 4749.06 252.370441308 252.370441308 252.370441308 15.7731525818 15.7731525818 15.7731525818
80448 8192 5476.952 5476.952 5476.952 240.655757436 240.655757436 240.655757436 15.0409848397 15.0409848397 15.0409848397
88480 8192 5723.953 5723.953 5723.953 253.261394704 253.261394704 253.261394704 15.828837169 15.828837169 15.828837169
97312 8192 6270.885 6270.885 6270.885 254.247974249 254.247974249 254.247974249 15.8904983906 15.8904983906 15.8904983906
107040 8192 5055.904 5055.904 5055.904 346.870383615 346.870383615 346.870383615 21.6793989759 21.6793989759 21.6793989759
117728 8192 7719.04 7719.04 7719.04 249.882828953 249.882828953 249.882828953 15.6176768096 15.6176768096 15.6176768096
129472 8192 6754.875 6754.875 6754.875 314.035307537 314.035307537 314.035307537 19.6272067211 19.6272067211 19.6272067211
142400 4096 4806.995 4806.995 4806.995 242.675684081 242.675684081 242.675684081 15.1672302551 15.1672302551 15.1672302551
156640 4096 3039.837 3039.837 3039.837 422.126212688 422.126212688 422.126212688 26.382888293 26.382888293 26.382888293
172288 4096 3125.906 3125.906 3125.906 451.511752433 451.511752433 451.511752433 28.219484527 28.219484527 28.219484527
189504 4096 6106.853 6106.853 6106.853 254.208962947 254.208962947 254.208962947 15.8880601842 15.8880601842 15.8880601842
208448 4096 5752.802 5752.802 5752.802 296.830312602 296.830312602 296.830312602 18.5518945377 18.5518945377 18.5518945377
229280 4096 7354.975 7354.975 7354.975 255.372963198 255.372963198 255.372963198 15.9608101999 15.9608101999 15.9608101999
252192 4096 7833.958 7833.958 7833.958 263.718144008 263.718144008 263.718144008 16.4823840005 16.4823840005 16.4823840005
277408 2048 4461.05 4461.05 4461.05 254.707561673 254.707561673 254.707561673 15.9192226045 15.9192226045 15.9192226045
305120 2048 3642.082 3642.082 3642.082 343.147551318 343.147551318 343.147551318 21.4467219574 21.4467219574 21.4467219574
335616 2048 3983.021 3983.021 3983.021 345.135799184 345.135799184 345.135799184 21.570987449 21.570987449 21.570987449
369152 2048 5928.993 5928.993 5928.993 255.02586898 255.02586898 255.02586898 15.9391168112 15.9391168112 15.9391168112
406048 2048 6526.947 6526.947 6526.947 254.81631887 254.81631887 254.81631887 15.9260199294 15.9260199294 15.9260199294
446624 2048 7146.12 7146.12 7146.12 255.995127986 255.995127986 255.995127986 15.9996954991 15.9996954991 15.9996954991
491264 2048 7860.184 7860.184 7860.184 256.001302768 256.001302768 256.001302768 16.000081423 16.000081423 16.000081423
540384 1024 4377.127 4377.127 4377.127 252.838547294 252.838547294 252.838547294 15.8024092059 15.8024092059 15.8024092059
594400 1024 4817.009 4817.009 4817.009 252.715159968 252.715159968 252.715159968 15.794697498 15.794697498 15.794697498
653824 1024 5289.078 5289.078 5289.078 253.169182228 253.169182228 253.169182228 15.8230738892 15.8230738892 15.8230738892
719200 1024 5789.995 5789.995 5789.995 254.390824172 254.390824172 254.390824172 15.8994265107 15.8994265107 15.8994265107
791104 1024 6596.088 6596.088 6596.088 245.627558638 245.627558638 245.627558638 15.3517224149 15.3517224149 15.3517224149
870208 1024 7121.086 7121.086 7121.086 250.268847195 250.268847195 250.268847195 15.6418029497 15.6418029497 15.6418029497
957216 1024 7752.18 7752.18 7752.18 252.88091453 252.88091453 252.88091453 15.8050571581 15.8050571581 15.8050571581
1052928 512 4265.785 4265.785 4265.785 252.754949441 252.754949441 252.754949441 15.79718434 15.79718434 15.79718434
1158208 512 4694.939 4694.939 4694.939 252.613504031 252.613504031 252.613504031 15.7883440019 15.7883440019 15.7883440019
1274016 512 3880.978 3880.978 3880.978 336.150419817 336.150419817 336.150419817 21.0094012386 21.0094012386 21.0094012386
1401408 512 5707.026 5707.026 5707.026 251.451770502 251.451770502 251.451770502 15.7157356564 15.7157356564 15.7157356564
1541536 512 6274.939 6274.939 6274.939 251.561467609 251.561467609 251.561467609 15.7225917256 15.7225917256 15.7225917256
1695680 512 3974.915 3974.915 3974.915 436.833572542 436.833572542 436.833572542 27.3020982839 27.3020982839 27.3020982839
1865248 512 4287.004 4287.004 4287.004 445.535845546 445.535845546 445.535845546 27.8459903466 27.8459903466 27.8459903466
2051744 512 4868.031 4868.031 4868.031 431.588429901 431.588429901 431.588429901 26.9742768688 26.9742768688 26.9742768688
2256896 256 2607.822 2607.822 2607.822 443.101849743 443.101849743 443.101849743 27.6938656089 27.6938656089 27.6938656089
2482560 256 4363.06 4363.06 4363.06 291.325519246 291.325519246 291.325519246 18.2078449529 18.2078449529 18.2078449529
2730816 256 4478.931 4478.931 4478.931 312.167745384 312.167745384 312.167745384 19.5104840865 19.5104840865 19.5104840865
3003872 256 6135.225 6135.225 6135.225 250.680694514 250.680694514 250.680694514 15.6675434071 15.6675434071 15.6675434071
3304256 256 7168.055 7168.055 7168.055 236.016474762 236.016474762 236.016474762 14.7510296726 14.7510296726 14.7510296726
3634656 256 8497.0 8497.0 8497.0 219.011871484 219.011871484 219.011871484 13.6882419678 13.6882419678 13.6882419678
3998112 256 7810.116 7810.116 7810.116 262.100248447 262.100248447 262.100248447 16.3812655279 16.3812655279 16.3812655279
4397920 128 5527.973 5527.973 5527.973 203.667333397 203.667333397 203.667333397 12.7292083373 12.7292083373 12.7292083373
4837696 128 7608.891 7608.891 7608.891 162.763558579 162.763558579 162.763558579 10.1727224112 10.1727224112 10.1727224112
5321440 128 7225.99 7225.99 7225.99 188.52622824 188.52622824 188.52622824 11.782889265 11.782889265 11.782889265
5853568 128 10763.168 10763.168 10763.168 139.22605389 139.22605389 139.22605389 8.70162836815 8.70162836815 8.70162836815
6438912 128 9366.035 9366.035 9366.035 175.993520417 175.993520417 175.993520417 10.9995950261 10.9995950261 10.9995950261
7082784 128 35045.147 35045.147 35045.147 51.7387672536 51.7387672536 51.7387672536 3.23367295335 3.23367295335 3.23367295335
7791040 128 21654.844 21654.844 21654.844 92.1043919781 92.1043919781 92.1043919781 5.75652449863 5.75652449863 5.75652449863
8570144 64 22391.081 22391.081 22391.081 48.9917584595 48.9917584595 48.9917584595 3.06198490372 3.06198490372 3.06198490372
9427136 64 30366.898 30366.898 30366.898 39.7364725235 39.7364725235 39.7364725235 2.48352953272 2.48352953272 2.48352953272
10369824 64 37372.112 37372.112 37372.112 35.5167904881 35.5167904881 35.5167904881 2.2197994055 2.2197994055 2.2197994055
11406784 64 62203.169 62203.169 62203.169 23.4725718235 23.4725718235 23.4725718235 1.46703573897 1.46703573897 1.46703573897
12547456 64 50770.998 50770.998 50770.998 31.6336970173 31.6336970173 31.6336970173 1.97710606358 1.97710606358 1.97710606358
13802176 64 53462.982 53462.982 53462.982 33.0448931562 33.0448931562 33.0448931562 2.06530582226 2.06530582226 2.06530582226
15182368 64 71955.919 71955.919 71955.919 27.0074113569 27.0074113569 27.0074113569 1.68796320981 1.68796320981 1.68796320981
16700576 64 71222.067 71222.067 71222.067 30.0142051199 30.0142051199 30.0142051199 1.87588781999 1.87588781999 1.87588781999
18370624 32 50798.893 50798.893 50798.893 23.1445975801 23.1445975801 23.1445975801 1.44653734876 1.44653734876 1.44653734876
20207680 32 52327.871 52327.871 52327.871 24.7151564794 24.7151564794 24.7151564794 1.54469727996 1.54469727996 1.54469727996
22228448 32 60158.014 60158.014 60158.014 23.6480657756 23.6480657756 23.6480657756 1.47800411097 1.47800411097 1.47800411097
24451264 32 71614.027 71614.027 71614.027 21.8515975369 21.8515975369 21.8515975369 1.36572484606 1.36572484606 1.36572484606
26896384 32 71913.004 71913.004 71913.004 23.9368192156 23.9368192156 23.9368192156 1.49605120098 1.49605120098 1.49605120098
29586016 32 88344.097 88344.097 88344.097 21.4332942245 21.4332942245 21.4332942245 1.33958088903 1.33958088903 1.33958088903
32544608 32 96340.895 96340.895 96340.895 21.6196342374 21.6196342374 21.6196342374 1.35122713984 1.35122713984 1.35122713984
35799040 16 56339.025 56339.025 56339.025 20.3334949442 20.3334949442 20.3334949442 1.27084343401 1.27084343401 1.27084343401
39378944 16 65004.11 65004.11 65004.11 19.3853312967 19.3853312967 19.3853312967 1.21158320605 1.21158320605 1.21158320605
43316832 16 68518.162 68518.162 68518.162 20.230236532 20.230236532 20.230236532 1.26438978325 1.26438978325 1.26438978325
47648512 16 73415.041 73415.041 73415.041 20.7689373081 20.7689373081 20.7689373081 1.29805858176 1.29805858176 1.29805858176
52413344 16 88752.031 88752.031 88752.031 18.8979000154 18.8979000154 18.8979000154 1.18111875096 1.18111875096 1.18111875096
57654656 16 98171.949 98171.949 98171.949 18.7930362063 18.7930362063 18.7930362063 1.17456476289 1.17456476289 1.17456476289
63420096 16 109427.214 109427.214 109427.214 18.546054476 18.546054476 18.546054476 1.15912840475 1.15912840475 1.15912840475
69762080 8 58809.042 58809.042 58809.042 18.9799602585 18.9799602585 18.9799602585 1.18624751616 1.18624751616 1.18624751616
76738272 8 62724.113 62724.113 62724.113 19.5748061356 19.5748061356 19.5748061356 1.22342538347 1.22342538347 1.22342538347
84412096 8 66946.03 66946.03 66946.03 20.174363379 20.174363379 20.174363379 1.26089771119 1.26089771119 1.26089771119
92853280 8 104325.771 104325.771 104325.771 14.2405128259 14.2405128259 14.2405128259 0.89003205162 0.89003205162 0.89003205162
102138592 8 90516.09 90516.09 90516.09 18.0544417241 18.0544417241 18.0544417241 1.12840260776 1.12840260776 1.12840260776
112352448 8 111669.064 111669.064 111669.064 16.0979156053 16.0979156053 16.0979156053 1.00611972533 1.00611972533 1.00611972533
123587680 8 100109.1 100109.1 100109.1 19.7524788456 19.7524788456 19.7524788456 1.23452992785 1.23452992785 1.23452992785
135946432 4 55805.922 55805.922 55805.922 19.4884595939 19.4884595939 19.4884595939 1.21802872462 1.21802872462 1.21802872462
149541056 4 62792.778 62792.778 62792.778 19.0520070318 19.0520070318 19.0520070318 1.19075043949 1.19075043949 1.19075043949
164495136 4 68474.054 68474.054 68474.054 19.2183901949 19.2183901949 19.2183901949 1.20114938718 1.20114938718 1.20114938718
180944640 4 71491.957 71491.957 71491.957 20.2478317946 20.2478317946 20.2478317946 1.26548948716 1.26548948716 1.26548948716
199039104 4 87397.814 87397.814 87397.814 18.2191379752 18.2191379752 18.2191379752 1.13869612345 1.13869612345 1.13869612345
218943008 4 85415.125 85415.125 85415.125 20.5062518377 20.5062518377 20.5062518377 1.28164073986 1.28164073986 1.28164073986
240837280 4 91571.093 91571.093 91571.093 21.0404635009 21.0404635009 21.0404635009 1.3150289688 1.3150289688 1.3150289688
264920992 4 108396.053 108396.053 108396.053 19.5520766425 19.5520766425 19.5520766425 1.22200479016 1.22200479016 1.22200479016
291413088 2 60105.085 60105.085 60105.085 19.3935729731 19.3935729731 19.3935729731 1.21209831082 1.21209831082 1.21209831082
320554368 2 61002.016 61002.016 61002.016 21.0192638879 21.0192638879 21.0192638879 1.313703993 1.313703993 1.313703993
352609792 2 69072.008 69072.008 69072.008 20.4198373384 20.4198373384 20.4198373384 1.27623983365 1.27623983365 1.27623983365
387870752 2 74328.899 74328.899 74328.899 20.873213903 20.873213903 20.873213903 1.30457586894 1.30457586894 1.30457586894
426657824 2 82244.158 82244.158 82244.158 20.7507905425 20.7507905425 20.7507905425 1.2969244089 1.2969244089 1.2969244089
469323584 2 90623.14 90623.14 90623.14 20.7153971491 20.7153971491 20.7153971491 1.29471232182 1.29471232182 1.29471232182
516255936 2 103611.946 103611.946 103611.946 19.9303634737 19.9303634737 19.9303634737 1.24564771711 1.24564771711 1.24564771711
567881504 1 57111.025 57111.025 57111.025 19.8869309034 19.8869309034 19.8869309034 1.24293318147 1.24293318147 1.24293318147
624669632 1 61442.137 61442.137 61442.137 20.3335906757 20.3335906757 20.3335906757 1.27084941723 1.27084941723 1.27084941723
687136576 1 62199.116 62199.116 62199.116 22.0947376808 22.0947376808 22.0947376808 1.38092110505 1.38092110505 1.38092110505
755850208 1 63380.003 63380.003 63380.003 23.8513781074 23.8513781074 23.8513781074 1.49071113171 1.49071113171 1.49071113171
831435200 1 72387.934 72387.934 72387.934 22.9716516015 22.9716516015 22.9716516015 1.43572822509 1.43572822509 1.43572822509
914578720 1 75227.976 75227.976 75227.976 24.3148564837 24.3148564837 24.3148564837 1.51967853023 1.51967853023 1.51967853023
1006036576 1 95613.956 95613.956 95613.956 21.0437182622 21.0437182622 21.0437182622 1.31523239139 1.31523239139 1.31523239139

META_DATA
ERT_VERSION  1.1.0
TIMESTAMP_DATA  1620702308.62
UNAME  ('Linux', '3689e1d83645', '5.4.72-microsoft-standard-WSL2', '#1 SMP Wed Oct 28 23:40:43 UTC 2020', 'x86_64', 'x86_64')
FLOPS          1
OPENMP_THREADS 4
HOSTNAME  ('3689e1d83645', [], ['172.17.0.2'])
CONFIG  {'ERT_WORKING_SET_MIN': ['1'], 'ERT_CFLAGS': ['-Ofast', '-march=native'], 'ERT_CC': ['cc'], 'ERT_MPI_CFLAGS': [], 'ERT_MPI_LDFLAGS': [], 'ERT_MEMORY_MAX': ['1073741824', '#', '1GB'], 'ERT_LDFLAGS': [], 'ERT_LDLIBS': [], 'ERT_RUN': ['export', 'OMP_NUM_THREADS=ERT_OPENMP_THREADS', ';', './ERT_CODE'], 'ERT_FLOPS': ['1,8,64'], 'ERT_OPENMP_CFLAGS': ['-fopenmp'], 'ERT_MPI': ['False'], 'ERT_TRIALS_MIN': ['1'], 'ERT_DRIVER': ['driver1'], 'ERT_RESULTS': ['OpenMP'], 'ERT_OPENMP': ['True'], 'ERT_OPENMP_THREADS': ['1,2,4,8'], 'ERT_KERNEL': ['kernel1'], 'ERT_GPU': [False], 'ERT_LD': ['cc'], 'ERT_NUM_EXPERIMENTS': ['1'], 'ERT_OPENMP_LDFLAGS': ['-fopenmp'], 'ERT_ALIGN': ['64'], 'ERT_GNUPLOT': ['gnuplot']}
