8 16777216 653502.0 653502.0 653502.0 0.4107645516 0.4107645516 0.4107645516 1.6430582064 1.6430582064 1.6430582064
16 8388608 326157.0 326157.0 326157.0 0.823025279237 0.823025279237 0.823025279237 3.29210111695 3.29210111695 3.29210111695
24 4194304 164347.0 164347.0 164347.0 1.22500923047 1.22500923047 1.22500923047 4.90003692188 4.90003692188 4.90003692188
32 4194304 164431.0 164431.0 164431.0 1.6325112418 1.6325112418 1.6325112418 6.53004496719 6.53004496719 6.53004496719
40 2097152 82099.0 82099.0 82099.0 2.04353475682 2.04353475682 2.04353475682 8.17413902727 8.17413902727 8.17413902727
48 2097152 82120.0 82120.0 82120.0 2.45161461276 2.45161461276 2.45161461276 9.80645845105 9.80645845105 9.80645845105
56 2097152 104299.0 104299.0 104299.0 2.25199689355 2.25199689355 2.25199689355 9.00798757419 9.00798757419 9.00798757419
64 2097152 82501.0 82501.0 82501.0 3.25372366396 3.25372366396 3.25372366396 13.0148946558 13.0148946558 13.0148946558
72 1048576 41429.0 41429.0 41429.0 3.64466784137 3.64466784137 3.64466784137 14.5786713655 14.5786713655 14.5786713655
80 1048576 52618.0 52618.0 52618.0 3.18849367137 3.18849367137 3.18849367137 12.7539746855 12.7539746855 12.7539746855
88 1048576 65236.0 65236.0 65236.0 2.82894990496 2.82894990496 2.82894990496 11.3157996198 11.3157996198 11.3157996198
96 1048576 41239.0 41239.0 41239.0 4.88194650695 4.88194650695 4.88194650695 19.5277860278 19.5277860278 19.5277860278
104 1048576 52224.0 52224.0 52224.0 4.17631372549 4.17631372549 4.17631372549 16.705254902 16.705254902 16.705254902
112 1048576 65345.0 65345.0 65345.0 3.5944758436 3.5944758436 3.5944758436 14.3779033744 14.3779033744 14.3779033744
120 1048576 78117.0 78117.0 78117.0 3.22155535927 3.22155535927 3.22155535927 12.8862214371 12.8862214371 12.8862214371
128 1048576 52173.0 52173.0 52173.0 5.14510294597 5.14510294597 5.14510294597 20.5804117839 20.5804117839 20.5804117839
136 524288 32701.0 32701.0 32701.0 4.36091666922 4.36091666922 4.36091666922 17.4436666769 17.4436666769 17.4436666769
144 524288 39038.0 39038.0 39038.0 3.86789651109 3.86789651109 3.86789651109 15.4715860444 15.4715860444 15.4715860444
152 524288 45515.0 45515.0 45515.0 3.50178077557 3.50178077557 3.50178077557 14.0071231023 14.0071231023 14.0071231023
160 524288 32867.0 32867.0 32867.0 5.10457784404 5.10457784404 5.10457784404 20.4183113762 20.4183113762 20.4183113762
176 524288 45505.0 45505.0 45505.0 4.05558457312 4.05558457312 4.05558457312 16.2223382925 16.2223382925 16.2223382925
192 524288 39074.0 39074.0 39074.0 5.15244387572 5.15244387572 5.15244387572 20.6097755029 20.6097755029 20.6097755029
208 524288 51919.0 51919.0 51919.0 4.20084762804 4.20084762804 4.20084762804 16.8033905121 16.8033905121 16.8033905121
224 524288 45447.0 45447.0 45447.0 5.16824045592 5.16824045592 5.16824045592 20.6729618237 20.6729618237 20.6729618237
240 524288 58885.0 58885.0 58885.0 4.27372403838 4.27372403838 4.27372403838 17.0948961535 17.0948961535 17.0948961535
264 262144 29161.0 29161.0 29161.0 4.74647755564 4.74647755564 4.74647755564 18.9859102226 18.9859102226 18.9859102226
288 262144 29184.0 29184.0 29184.0 5.17389473684 5.17389473684 5.17389473684 20.6955789474 20.6955789474 20.6955789474
312 262144 38817.0 38817.0 38817.0 4.21407774944 4.21407774944 4.21407774944 16.8563109978 16.8563109978 16.8563109978
336 262144 38841.0 38841.0 38841.0 4.53543338225 4.53543338225 4.53543338225 18.141733529 18.141733529 18.141733529
368 262144 42071.0 42071.0 42071.0 4.58600898481 4.58600898481 4.58600898481 18.3440359392 18.3440359392 18.3440359392
400 262144 45300.0 45300.0 45300.0 4.62947461369 4.62947461369 4.62947461369 18.5178984547 18.5178984547 18.5178984547
440 262144 51934.0 51934.0 51934.0 4.4419208996 4.4419208996 4.4419208996 17.7676835984 17.7676835984 17.7676835984
480 262144 48478.0 48478.0 48478.0 5.1911844548 5.1911844548 5.1911844548 20.7647378192 20.7647378192 20.7647378192
528 131072 29065.0 29065.0 29065.0 4.7621548942 4.7621548942 4.7621548942 19.0486195768 19.0486195768 19.0486195768
576 131072 29032.0 29032.0 29032.0 5.20098319096 5.20098319096 5.20098319096 20.8039327638 20.8039327638 20.8039327638
632 131072 35486.0 35486.0 35486.0 4.66874282816 4.66874282816 4.66874282816 18.6749713126 18.6749713126 18.6749713126
688 131072 37064.0 37064.0 37064.0 4.86604446363 4.86604446363 4.86604446363 19.4641778545 19.4641778545 19.4641778545
752 131072 40329.0 40329.0 40329.0 4.88810255647 4.88810255647 4.88810255647 19.5524102259 19.5524102259 19.5524102259
824 131072 45129.0 45129.0 45129.0 4.78642682089 4.78642682089 4.78642682089 19.1457072836 19.1457072836 19.1457072836
904 131072 46793.0 46793.0 46793.0 5.06439373411 5.06439373411 5.06439373411 20.2575749364 20.2575749364 20.2575749364
992 131072 49996.0 49996.0 49996.0 5.20135306825 5.20135306825 5.20135306825 20.805412273 20.805412273 20.805412273
1088 65536 27387.0 27387.0 27387.0 5.20708131595 5.20708131595 5.20708131595 20.8283252638 20.8283252638 20.8283252638
1192 65536 30638.0 30638.0 30638.0 5.09947855604 5.09947855604 5.09947855604 20.3979142242 20.3979142242 20.3979142242
1304 65536 34577.0 34577.0 34577.0 4.94310923446 4.94310923446 4.94310923446 19.7724369378 19.7724369378 19.7724369378
1432 65536 38416.0 38416.0 38416.0 4.88585755935 4.88585755935 4.88585755935 19.5434302374 19.5434302374 19.5434302374
1568 65536 39412.0 39412.0 39412.0 5.21467816909 5.21467816909 5.21467816909 20.8587126763 20.8587126763 20.8587126763
1720 65536 45078.0 45078.0 45078.0 5.0011943742 5.0011943742 5.0011943742 20.0047774968 20.0047774968 20.0047774968
1888 65536 47471.0 47471.0 47471.0 5.21294971667 5.21294971667 5.21294971667 20.8517988667 20.8517988667 20.8517988667
2072 32768 26926.0 26926.0 26926.0 5.0431030231 5.0431030231 5.0431030231 20.1724120924 20.1724120924 20.1724120924
2272 32768 28541.0 28541.0 28541.0 5.21697880242 5.21697880242 5.21697880242 20.8679152097 20.8679152097 20.8679152097
2496 32768 31366.0 31366.0 31366.0 5.21513281898 5.21513281898 5.21513281898 20.8605312759 20.8605312759 20.8605312759
2744 32768 35670.0 35670.0 35670.0 5.04151342865 5.04151342865 5.04151342865 20.1660537146 20.1660537146 20.1660537146
3016 32768 38201.0 38201.0 38201.0 5.17412046805 5.17412046805 5.17412046805 20.6964818722 20.6964818722 20.6964818722
3312 32768 42228.0 42228.0 42228.0 5.14007843137 5.14007843137 5.14007843137 20.5603137255 20.5603137255 20.5603137255
3640 32768 46667.0 46667.0 46667.0 5.11177148735 5.11177148735 5.11177148735 20.4470859494 20.4470859494 20.4470859494
4000 32768 50347.0 50347.0 50347.0 5.20674518839 5.20674518839 5.20674518839 20.8269807536 20.8269807536 20.8269807536
4400 16384 27954.0 27954.0 27954.0 5.15773055734 5.15773055734 5.15773055734 20.6309222294 20.6309222294 20.6309222294
4840 16384 30896.0 30896.0 30896.0 5.1332573796 5.1332573796 5.1332573796 20.5330295184 20.5330295184 20.5330295184
5320 16384 33565.0 33565.0 33565.0 5.19367674661 5.19367674661 5.19367674661 20.7747069864 20.7747069864 20.7747069864
5848 16384 37184.0 37184.0 37184.0 5.15348709122 5.15348709122 5.15348709122 20.6139483649 20.6139483649 20.6139483649
6432 16384 40374.0 40374.0 40374.0 5.2202847377 5.2202847377 5.2202847377 20.8811389508 20.8811389508 20.8811389508
7072 16384 44420.0 44420.0 44420.0 5.2169134624 5.2169134624 5.2169134624 20.8676538496 20.8676538496 20.8676538496
7776 16384 48853.0 48853.0 48853.0 5.21572816408 5.21572816408 5.21572816408 20.8629126563 20.8629126563 20.8629126563
8552 8192 26930.0 26930.0 26930.0 5.20296947642 5.20296947642 5.20296947642 20.8118779057 20.8118779057 20.8118779057
9400 8192 30313.0 30313.0 30313.0 5.08064526771 5.08064526771 5.08064526771 20.3225810708 20.3225810708 20.3225810708
10336 8192 32438.0 32438.0 32438.0 5.22057537456 5.22057537456 5.22057537456 20.8823014982 20.8823014982 20.8823014982
11368 8192 35783.0 35783.0 35783.0 5.20507816561 5.20507816561 5.20507816561 20.8203126624 20.8203126624 20.8203126624
12504 8192 39506.0 39506.0 39506.0 5.18568156736 5.18568156736 5.18568156736 20.7427262694 20.7427262694 20.7427262694
13752 8192 43431.0 43431.0 43431.0 5.1878328383 5.1878328383 5.1878328383 20.7513313532 20.7513313532 20.7513313532
15120 8192 47599.0 47599.0 47599.0 5.20443874871 5.20443874871 5.20443874871 20.8177549949 20.8177549949 20.8177549949
16632 4096 26210.0 26210.0 26210.0 5.19837252957 5.19837252957 5.19837252957 20.7934901183 20.7934901183 20.7934901183
18288 4096 29301.0 29301.0 29301.0 5.11297552985 5.11297552985 5.11297552985 20.4519021194 20.4519021194 20.4519021194
20112 4096 31627.0 31627.0 31627.0 5.2093939988 5.2093939988 5.2093939988 20.8375759952 20.8375759952 20.8375759952
22120 4096 34754.0 34754.0 34754.0 5.21399090752 5.21399090752 5.21399090752 20.8559636301 20.8559636301 20.8559636301
24328 4096 38285.0 38285.0 38285.0 5.20556290976 5.20556290976 5.20556290976 20.822251639 20.822251639 20.822251639
26760 4096 42075.0 42075.0 42075.0 5.21017040998 5.21017040998 5.21017040998 20.8406816399 20.8406816399 20.8406816399
29432 4096 46309.0 46309.0 46309.0 5.20648133192 5.20648133192 5.20648133192 20.8259253277 20.8259253277 20.8259253277
32368 4096 51079.0 51079.0 51079.0 5.19114814307 5.19114814307 5.19114814307 20.7645925723 20.7645925723 20.7645925723
35600 2048 27989.0 27989.0 27989.0 5.20981814284 5.20981814284 5.20981814284 20.8392725714 20.8392725714 20.8392725714
39160 2048 30793.0 30793.0 30793.0 5.20895528204 5.20895528204 5.20895528204 20.8358211282 20.8358211282 20.8358211282
43072 2048 33796.0 33796.0 33796.0 5.22023055983 5.22023055983 5.22023055983 20.8809222393 20.8809222393 20.8809222393
47376 2048 37229.0 37229.0 37229.0 5.21239077064 5.21239077064 5.21239077064 20.8495630825 20.8495630825 20.8495630825
52112 2048 40918.0 40918.0 40918.0 5.21654900044 5.21654900044 5.21654900044 20.8661960018 20.8661960018 20.8661960018
57320 2048 45021.0 45021.0 45021.0 5.21496012972 5.21496012972 5.21496012972 20.8598405189 20.8598405189 20.8598405189
63048 2048 50134.0 50134.0 50134.0 5.15108724618 5.15108724618 5.15108724618 20.6043489847 20.6043489847 20.6043489847
69352 1024 27269.0 27269.0 27269.0 5.20858469324 5.20858469324 5.20858469324 20.834338773 20.834338773 20.834338773
76280 1024 29956.0 29956.0 29956.0 5.21503004406 5.21503004406 5.21503004406 20.8601201763 20.8601201763 20.8601201763
83904 1024 32924.0 32924.0 32924.0 5.21915295833 5.21915295833 5.21915295833 20.8766118333 20.8766118333 20.8766118333
92288 1024 36262.0 36262.0 36262.0 5.21222833821 5.21222833821 5.21222833821 20.8489133528 20.8489133528 20.8489133528
101512 1024 39852.0 39852.0 39852.0 5.21671625013 5.21671625013 5.21671625013 20.8668650005 20.8668650005 20.8668650005
111656 1024 43798.0 43798.0 43798.0 5.22104863236 5.22104863236 5.22104863236 20.8841945294 20.8841945294 20.8841945294
122816 1024 48824.0 48824.0 48824.0 5.15171161724 5.15171161724 5.15171161724 20.6068464689 20.6068464689 20.6068464689
135096 512 26509.0 26509.0 26509.0 5.2185410238 5.2185410238 5.2185410238 20.8741640952 20.8741640952 20.8741640952
148600 512 29155.0 29155.0 29155.0 5.21922140285 5.21922140285 5.21922140285 20.8768856114 20.8768856114 20.8768856114
163456 512 32093.0 32093.0 32093.0 5.21543464307 5.21543464307 5.21543464307 20.8617385723 20.8617385723 20.8617385723
179800 512 35336.0 35336.0 35336.0 5.21041430835 5.21041430835 5.21041430835 20.8416572334 20.8416572334 20.8416572334
197776 512 38877.0 38877.0 38877.0 5.20931717982 5.20931717982 5.20931717982 20.8372687193 20.8372687193 20.8372687193
217552 512 42683.0 42683.0 42683.0 5.21925000586 5.21925000586 5.21925000586 20.8770000234 20.8770000234 20.8770000234
239304 512 47611.0 47611.0 47611.0 5.14686303585 5.14686303585 5.14686303585 20.5874521434 20.5874521434 20.5874521434
263232 256 25830.0 25830.0 25830.0 5.21776167247 5.21776167247 5.21776167247 20.8710466899 20.8710466899 20.8710466899
289552 256 28454.0 28454.0 28454.0 5.21018570324 5.21018570324 5.21018570324 20.840742813 20.840742813 20.840742813
318504 256 31291.0 31291.0 31291.0 5.21153200601 5.21153200601 5.21153200601 20.846128024 20.846128024 20.846128024
350352 256 34461.0 34461.0 34461.0 5.20531104727 5.20531104727 5.20531104727 20.8212441891 20.8212441891 20.8212441891
385384 256 37887.0 37887.0 37887.0 5.20802935044 5.20802935044 5.20802935044 20.8321174017 20.8321174017 20.8321174017
423920 256 41594.0 41594.0 41594.0 5.21822955234 5.21822955234 5.21822955234 20.8729182094 20.8729182094 20.8729182094
466312 256 46337.0 46337.0 46337.0 5.15250758573 5.15250758573 5.15250758573 20.6100303429 20.6100303429 20.6100303429
512936 256 50469.0 50469.0 50469.0 5.20365436208 5.20365436208 5.20365436208 20.8146174483 20.8146174483 20.8146174483
564224 128 27776.0 27776.0 27776.0 5.20022119816 5.20022119816 5.20022119816 20.8008847926 20.8008847926 20.8008847926
620640 128 30607.0 30607.0 30607.0 5.19109484758 5.19109484758 5.19109484758 20.7643793903 20.7643793903 20.7643793903
682704 128 33576.0 33576.0 33576.0 5.20527233738 5.20527233738 5.20527233738 20.8210893495 20.8210893495 20.8210893495
750968 128 36905.0 36905.0 36905.0 5.20926183444 5.20926183444 5.20926183444 20.8370473378 20.8370473378 20.8370473378
826064 128 40657.0 40657.0 40657.0 5.20137698305 5.20137698305 5.20137698305 20.8055079322 20.8055079322 20.8055079322
908664 128 45095.0 45095.0 45095.0 5.15839858077 5.15839858077 5.15839858077 20.6335943231 20.6335943231 20.6335943231
999528 128 49147.0 49147.0 49147.0 5.20640462287 5.20640462287 5.20640462287 20.8256184915 20.8256184915 20.8256184915
1099480 64 27040.0 27040.0 27040.0 5.20463905325 5.20463905325 5.20463905325 20.818556213 20.818556213 20.818556213
1209424 64 29785.0 29785.0 29785.0 5.19745751217 5.19745751217 5.19745751217 20.7898300487 20.7898300487 20.7898300487
1330360 64 32697.0 32697.0 32697.0 5.20800318072 5.20800318072 5.20800318072 20.8320127229 20.8320127229 20.8320127229
1463392 64 35971.0 35971.0 35971.0 5.20736637847 5.20736637847 5.20736637847 20.8294655139 20.8294655139 20.8294655139
1609728 64 39594.0 39594.0 39594.0 5.20394968935 5.20394968935 5.20394968935 20.8157987574 20.8157987574 20.8157987574
1770696 64 44074.0 44074.0 44074.0 5.14246694196 5.14246694196 5.14246694196 20.5698677678 20.5698677678 20.5698677678
1947760 64 47951.0 47951.0 47951.0 5.19933432045 5.19933432045 5.19933432045 20.7973372818 20.7973372818 20.7973372818
2142536 32 26339.0 26339.0 26339.0 5.20605581077 5.20605581077 5.20605581077 20.8242232431 20.8242232431 20.8242232431
2356784 32 28996.0 28996.0 28996.0 5.20189598565 5.20189598565 5.20189598565 20.8075839426 20.8075839426 20.8075839426
2592456 32 31861.0 31861.0 31861.0 5.20753221807 5.20753221807 5.20753221807 20.8301288723 20.8301288723 20.8301288723
2851696 32 35129.0 35129.0 35129.0 5.19538113809 5.19538113809 5.19538113809 20.7815245524 20.7815245524 20.7815245524
3136864 32 38692.0 38692.0 38692.0 5.18865129743 5.18865129743 5.18865129743 20.7546051897 20.7546051897 20.7546051897
3450544 32 43065.0 43065.0 43065.0 5.12794185533 5.12794185533 5.12794185533 20.5117674213 20.5117674213 20.5117674213
3795592 32 46905.0 46905.0 46905.0 5.17893375973 5.17893375973 5.17893375973 20.7157350389 20.7157350389 20.7157350389
4175144 32 51781.0 51781.0 51781.0 5.16037187385 5.16037187385 5.16037187385 20.6414874954 20.6414874954 20.6414874954
4592656 16 28554.0 28554.0 28554.0 5.14691433775 5.14691433775 5.14691433775 20.587657351 20.587657351 20.587657351
5051920 16 31575.0 31575.0 31575.0 5.1199189232 5.1199189232 5.1199189232 20.4796756928 20.4796756928 20.4796756928
5557112 16 34805.0 34805.0 34805.0 5.10925395776 5.10925395776 5.10925395776 20.4370158311 20.4370158311 20.4370158311
6112816 16 38263.0 38263.0 38263.0 5.11225235868 5.11225235868 5.11225235868 20.4490094347 20.4490094347 20.4490094347
6724096 16 42237.0 42237.0 42237.0 5.09437393754 5.09437393754 5.09437393754 20.3774957502 20.3774957502 20.3774957502
7396504 16 46422.0 46422.0 46422.0 5.09861979234 5.09861979234 5.09861979234 20.3944791694 20.3944791694 20.3944791694
8136152 16 51229.0 51229.0 51229.0 5.08221640087 5.08221640087 5.08221640087 20.3288656035 20.3288656035 20.3288656035
8949760 8 28073.0 28073.0 28073.0 5.10084992698 5.10084992698 5.10084992698 20.4033997079 20.4033997079 20.4033997079
9844736 8 30880.0 30880.0 30880.0 5.10089948187 5.10089948187 5.10089948187 20.4035979275 20.4035979275 20.4035979275
10829208 8 34054.0 34054.0 34054.0 5.08801691431 5.08801691431 5.08801691431 20.3520676573 20.3520676573 20.3520676573
11912128 8 37301.0 37301.0 37301.0 5.10962301279 5.10962301279 5.10962301279 20.4384920512 20.4384920512 20.4384920512
13103336 8 41140.0 41140.0 41140.0 5.09609567331 5.09609567331 5.09609567331 20.3843826932 20.3843826932 20.3843826932
14413664 8 45402.0 45402.0 45402.0 5.07948160874 5.07948160874 5.07948160874 20.317926435 20.317926435 20.317926435
15855024 8 49957.0 49957.0 49957.0 5.07797473827 5.07797473827 5.07797473827 20.3118989531 20.3118989531 20.3118989531
17440520 4 27568.0 27568.0 27568.0 5.06109112014 5.06109112014 5.06109112014 20.2443644806 20.2443644806 20.2443644806
19184568 4 30240.0 30240.0 30240.0 5.07528253968 5.07528253968 5.07528253968 20.3011301587 20.3011301587 20.3011301587
21103024 4 33011.0 33011.0 33011.0 5.11417987943 5.11417987943 5.11417987943 20.4567195177 20.4567195177 20.4567195177
23213320 4 36406.0 36406.0 36406.0 5.10098774927 5.10098774927 5.10098774927 20.4039509971 20.4039509971 20.4039509971
25534648 4 40493.0 40493.0 40493.0 5.04475301904 5.04475301904 5.04475301904 20.1790120762 20.1790120762 20.1790120762
28088112 4 43854.0 43854.0 43854.0 5.12393159119 5.12393159119 5.12393159119 20.4957263648 20.4957263648 20.4957263648
30896920 4 48226.0 48226.0 48226.0 5.12535478787 5.12535478787 5.12535478787 20.5014191515 20.5014191515 20.5014191515
33986608 2 26529.0 26529.0 26529.0 5.12444615327 5.12444615327 5.12444615327 20.4977846131 20.4977846131 20.4977846131
37385264 2 29212.0 29212.0 29212.0 5.11916527454 5.11916527454 5.11916527454 20.4766610982 20.4766610982 20.4766610982
41123784 2 32063.0 32063.0 32063.0 5.13037257899 5.13037257899 5.13037257899 20.5214903159 20.5214903159 20.5214903159
45236160 2 36090.0 36090.0 36090.0 5.01370573566 5.01370573566 5.01370573566 20.0548229426 20.0548229426 20.0548229426
49759776 2 38838.0 38838.0 38838.0 5.12485462691 5.12485462691 5.12485462691 20.4994185076 20.4994185076 20.4994185076
54735752 2 42688.0 42688.0 42688.0 5.12891229385 5.12891229385 5.12891229385 20.5156491754 20.5156491754 20.5156491754
60209320 2 47069.0 47069.0 47069.0 5.11668571671 5.11668571671 5.11668571671 20.4667428669 20.4667428669 20.4667428669
66230248 2 51707.0 51707.0 51707.0 5.1235034328 5.1235034328 5.1235034328 20.4940137312 20.4940137312 20.4940137312
72853272 1 28437.0 28437.0 28437.0 5.12383669163 5.12383669163 5.12383669163 20.4953467665 20.4953467665 20.4953467665
80138592 1 31330.0 31330.0 31330.0 5.11577350782 5.11577350782 5.11577350782 20.4630940313 20.4630940313 20.4630940313
88152448 1 34423.0 34423.0 34423.0 5.12171792116 5.12171792116 5.12171792116 20.4868716846 20.4868716846 20.4868716846
96967688 1 37889.0 37889.0 37889.0 5.11851397503 5.11851397503 5.11851397503 20.4740559001 20.4740559001 20.4740559001
106664456 1 41723.0 41723.0 41723.0 5.1129811375 5.1129811375 5.1129811375 20.45192455 20.45192455 20.45192455
117330896 1 45880.0 45880.0 45880.0 5.11468596338 5.11468596338 5.11468596338 20.4587438535 20.4587438535 20.4587438535
129063984 1 50502.0 50502.0 50502.0 5.11124248545 5.11124248545 5.11124248545 20.4449699418 20.4449699418 20.4449699418

META_DATA
ERT_VERSION  1.1.0
HOSTNAME  ('af11b929b168', [], ['172.17.0.2'])
FLOPS          64
UNAME  ('Linux', 'af11b929b168', '5.4.72-microsoft-standard-WSL2', '#1 SMP Wed Oct 28 23:40:43 UTC 2020', 'x86_64', 'x86_64')
TIMESTAMP_DATA  1619406543.78
CONFIG  {'ERT_WORKING_SET_MIN': ['1'], 'ERT_CFLAGS': ['-Ofast', '-march=native'], 'ERT_CC': ['cc'], 'ERT_MPI_CFLAGS': [], 'ERT_MPI_LDFLAGS': [], 'ERT_MEMORY_MAX': ['134217728', '#', '128MB'], 'ERT_LDFLAGS': [], 'ERT_LDLIBS': [], 'ERT_RUN': ['./ERT_CODE'], 'ERT_FLOPS': ['1,4,16,64'], 'ERT_OPENMP_CFLAGS': ['-fopenmp'], 'ERT_MPI': ['False'], 'ERT_TRIALS_MIN': ['1'], 'ERT_DRIVER': ['driver1'], 'ERT_RESULTS': ['Sequential'], 'ERT_OPENMP': ['False'], 'ERT_KERNEL': ['kernel1'], 'ERT_GPU': [False], 'ERT_LD': ['cc'], 'ERT_NUM_EXPERIMENTS': ['1'], 'ERT_OPENMP_LDFLAGS': ['-fopenmp'], 'ERT_ALIGN': ['64'], 'ERT_GNUPLOT': ['gnuplot']}
