32 16777216 74667.931 74667.931 74667.931 14.3802273562 14.3802273562 14.3802273562 3.59505683906 3.59505683906 3.59505683906
64 8388608 36401.033 36401.033 36401.033 29.4975646433 29.4975646433 29.4975646433 7.37439116082 7.37439116082 7.37439116082
96 4194304 18918.991 18918.991 18918.991 42.5660315606 42.5660315606 42.5660315606 10.6415078901 10.6415078901 10.6415078901
128 4194304 18478.87 18478.87 18478.87 58.106465601 58.106465601 58.106465601 14.5266164002 14.5266164002 14.5266164002
160 2097152 10192.156 10192.156 10192.156 65.843638971 65.843638971 65.843638971 16.4609097427 16.4609097427 16.4609097427
192 2097152 11768.103 11768.103 11768.103 68.4312814053 68.4312814053 68.4312814053 17.1078203513 17.1078203513 17.1078203513
224 2097152 14279.127 14279.127 14279.127 65.7970263868 65.7970263868 65.7970263868 16.4492565967 16.4492565967 16.4492565967
256 2097152 14078.14 14078.14 14078.14 76.2701481872 76.2701481872 76.2701481872 19.0675370468 19.0675370468 19.0675370468
288 1048576 8644.104 8644.104 8644.104 69.8718775248 69.8718775248 69.8718775248 17.4679693812 17.4679693812 17.4679693812
320 1048576 9651.899 9651.899 9651.899 69.5291817703 69.5291817703 69.5291817703 17.3822954426 17.3822954426 17.3822954426
352 1048576 10184.05 10184.05 10184.05 72.4856519754 72.4856519754 72.4856519754 18.1214129938 18.1214129938 18.1214129938
384 1048576 11298.895 11298.895 11298.895 71.2730198838 71.2730198838 71.2730198838 17.818254971 17.818254971 17.818254971
416 1048576 11436.939 11436.939 11436.939 76.2804830908 76.2804830908 76.2804830908 19.0701207727 19.0701207727 19.0701207727
448 1048576 12710.81 12710.81 12710.81 73.9153599181 73.9153599181 73.9153599181 18.4788399795 18.4788399795 18.4788399795
480 1048576 10780.096 10780.096 10780.096 93.3788493164 93.3788493164 93.3788493164 23.3447123291 23.3447123291 23.3447123291
512 1048576 5115.986 5115.986 5115.986 209.879742439 209.879742439 209.879742439 52.4699356097 52.4699356097 52.4699356097
544 524288 2795.935 2795.935 2795.935 204.019529782 204.019529782 204.019529782 51.0048824454 51.0048824454 51.0048824454
576 524288 3041.029 3041.029 3041.029 198.610330911 198.610330911 198.610330911 49.6525827278 49.6525827278 49.6525827278
608 524288 3443.003 3443.003 3443.003 185.168066365 185.168066365 185.168066365 46.2920165913 46.2920165913 46.2920165913
640 524288 3844.976 3844.976 3844.976 174.536496457 174.536496457 174.536496457 43.6341241142 43.6341241142 43.6341241142
704 524288 4296.064 4296.064 4296.064 171.831123559 171.831123559 171.831123559 42.9577808897 42.9577808897 42.9577808897
768 524288 5733.013 5733.013 5733.013 140.468261279 140.468261279 140.468261279 35.1170653198 35.1170653198 35.1170653198
832 524288 6517.887 6517.887 6517.887 133.849395057 133.849395057 133.849395057 33.4623487643 33.4623487643 33.4623487643
896 524288 7219.076 7219.076 7219.076 130.144646766 130.144646766 130.144646766 32.5361616916 32.5361616916 32.5361616916
960 524288 8134.127 8134.127 8134.127 123.754271356 123.754271356 123.754271356 30.9385678389 30.9385678389 30.9385678389
1056 262144 2177.0 2177.0 2177.0 254.317008728 254.317008728 254.317008728 63.5792521819 63.5792521819 63.5792521819
1152 262144 2684.116 2684.116 2684.116 225.019997645 225.019997645 225.019997645 56.2549994114 56.2549994114 56.2549994114
1248 262144 3304.958 3304.958 3304.958 197.978741031 197.978741031 197.978741031 49.4946852577 49.4946852577 49.4946852577
1344 262144 4011.869 4011.869 4011.869 175.639601393 175.639601393 175.639601393 43.9099003482 43.9099003482 43.9099003482
1472 262144 4787.922 4787.922 4787.922 161.187240728 161.187240728 161.187240728 40.296810182 40.296810182 40.296810182
1600 262144 4194.021 4194.021 4194.021 200.013495402 200.013495402 200.013495402 50.0033738505 50.0033738505 50.0033738505
1760 262144 3936.052 3936.052 3936.052 234.434626372 234.434626372 234.434626372 58.608656593 58.608656593 58.608656593
1920 262144 5002.975 5002.975 5002.975 201.20687391 201.20687391 201.20687391 50.3017184775 50.3017184775 50.3017184775
2112 131072 2178.907 2178.907 2178.907 254.094428078 254.094428078 254.094428078 63.5236070195 63.5236070195 63.5236070195
2304 131072 2533.913 2533.913 2533.913 238.358529279 238.358529279 238.358529279 59.5896323197 59.5896323197 59.5896323197
2528 131072 3174.067 3174.067 3174.067 208.785772953 208.785772953 208.785772953 52.1964432383 52.1964432383 52.1964432383
2752 131072 2920.866 2920.866 2920.866 246.988491769 246.988491769 246.988491769 61.7471229423 61.7471229423 61.7471229423
3008 131072 2182.961 2182.961 2182.961 361.219990646 361.219990646 361.219990646 90.3049976614 90.3049976614 90.3049976614
3296 131072 3492.117 3492.117 3492.117 247.422014784 247.422014784 247.422014784 61.8555036959 61.8555036959 61.8555036959
3616 131072 3597.975 3597.975 3597.975 263.457279164 263.457279164 263.457279164 65.864319791 65.864319791 65.864319791
3968 131072 4347.086 4347.086 4347.086 239.283831054 239.283831054 239.283831054 59.8209577634 59.8209577634 59.8209577634
4352 65536 2280.951 2280.951 2280.951 250.082243766 250.082243766 250.082243766 62.5205609415 62.5205609415 62.5205609415
4768 65536 2439.022 2439.022 2439.022 256.230282466 256.230282466 256.230282466 64.0575706164 64.0575706164 64.0575706164
5216 65536 2633.095 2633.095 2633.095 259.645607925 259.645607925 259.645607925 64.9114019813 64.9114019813 64.9114019813
5728 65536 2882.004 2882.004 2882.004 260.506375425 260.506375425 260.506375425 65.1265938562 65.1265938562 65.1265938562
6272 65536 3174.782 3174.782 3174.782 258.941742772 258.941742772 258.941742772 64.7354356929 64.7354356929 64.7354356929
6880 65536 3551.96 3551.96 3551.96 253.881057219 253.881057219 253.881057219 63.4702643048 63.4702643048 63.4702643048
7552 65536 3952.026 3952.026 3952.026 250.467923035 250.467923035 250.467923035 62.6169807587 62.6169807587 62.6169807587
8288 32768 2073.05 2073.05 2073.05 262.011224042 262.011224042 262.011224042 65.5028060105 65.5028060105 65.5028060105
9088 32768 2350.807 2350.807 2350.807 253.356046668 253.356046668 253.356046668 63.3390116671 63.3390116671 63.3390116671
9984 32768 2556.086 2556.086 2556.086 255.981772131 255.981772131 255.981772131 63.9954430328 63.9954430328 63.9954430328
10976 32768 2786.16 2786.16 2786.16 258.177253281 258.177253281 258.177253281 64.5443133201 64.5443133201 64.5443133201
12064 32768 2558.947 2558.947 2558.947 308.965486194 308.965486194 308.965486194 77.2413715485 77.2413715485 77.2413715485
13248 32768 3416.061 3416.061 3416.061 254.158496584 254.158496584 254.158496584 63.5396241461 63.5396241461 63.5396241461
14560 32768 3672.838 3672.838 3672.838 259.800230775 259.800230775 259.800230775 64.9500576938 64.9500576938 64.9500576938
16000 32768 3728.151 3728.151 3728.151 281.25899407 281.25899407 281.25899407 70.3147485174 70.3147485174 70.3147485174
17600 16384 1456.976 1456.976 1456.976 395.831365788 395.831365788 395.831365788 98.9578414469 98.9578414469 98.9578414469
19360 16384 1533.031 1533.031 1533.031 413.813210561 413.813210561 413.813210561 103.45330264 103.45330264 103.45330264
21280 16384 1662.016 1662.016 1662.016 419.552543417 419.552543417 419.552543417 104.888135854 104.888135854 104.888135854
23392 16384 1806.974 1806.974 1806.974 424.194845084 424.194845084 424.194845084 106.048711271 106.048711271 106.048711271
25728 16384 2916.098 2916.098 2916.098 289.103831216 289.103831216 289.103831216 72.2759578039 72.2759578039 72.2759578039
28288 16384 3322.84 3322.84 3322.84 278.960522926 278.960522926 278.960522926 69.7401307315 69.7401307315 69.7401307315
31104 16384 3128.052 3128.052 3128.052 325.830859589 325.830859589 325.830859589 81.4577148973 81.4577148973 81.4577148973
34208 8192 2156.019 2156.019 2156.019 259.953122862 259.953122862 259.953122862 64.9882807155 64.9882807155 64.9882807155
37600 8192 2376.08 2376.08 2376.08 259.266691357 259.266691357 259.266691357 64.8166728393 64.8166728393 64.8166728393
41344 8192 2595.186 2595.186 2595.186 261.014083769 261.014083769 261.014083769 65.2535209422 65.2535209422 65.2535209422
45472 8192 2833.128 2833.128 2833.128 262.964909457 262.964909457 262.964909457 65.7412273642 65.7412273642 65.7412273642
50016 8192 3205.061 3205.061 3205.061 255.677549975 255.677549975 255.677549975 63.9193874937 63.9193874937 63.9193874937
55008 8192 3411.055 3411.055 3411.055 264.214758191 264.214758191 264.214758191 66.0536895477 66.0536895477 66.0536895477
60480 8192 3762.007 3762.007 3762.007 263.397787404 263.397787404 263.397787404 65.8494468511 65.8494468511 65.8494468511
66528 4096 2115.011 2115.011 2115.011 257.680634285 257.680634285 257.680634285 64.4201585713 64.4201585713 64.4201585713
73152 4096 2346.039 2346.039 2346.039 255.435303505 255.435303505 255.435303505 63.8588258763 63.8588258763 63.8588258763
80448 4096 2589.941 2589.941 2589.941 254.457540152 254.457540152 254.457540152 63.6143850381 63.6143850381 63.6143850381
88480 4096 2861.977 2861.977 2861.977 253.261350458 253.261350458 253.261350458 63.3153376145 63.3153376145 63.3153376145
97312 4096 2966.166 2966.166 2966.166 268.757683825 268.757683825 268.757683825 67.1894209562 67.1894209562 67.1894209562
107040 4096 3479.958 3479.958 3479.958 251.977661799 251.977661799 251.977661799 62.9944154498 62.9944154498 62.9944154498
117728 4096 3820.181 3820.181 3820.181 252.456042266 252.456042266 252.456042266 63.1140105665 63.1140105665 63.1140105665
129472 4096 4311.085 4311.085 4311.085 246.024985358 246.024985358 246.024985358 61.5062463394 61.5062463394 61.5062463394
142400 2048 2302.885 2302.885 2302.885 253.278127219 253.278127219 253.278127219 63.3195318047 63.3195318047 63.3195318047
156640 2048 2539.873 2539.873 2539.873 252.610047825 252.610047825 252.610047825 63.1525119563 63.1525119563 63.1525119563
172288 2048 2818.108 2818.108 2818.108 250.413273019 250.413273019 250.413273019 62.6033182547 62.6033182547 62.6033182547
189504 2048 3060.102 3060.102 3060.102 253.654415441 253.654415441 253.654415441 63.4136038603 63.4136038603 63.4136038603
208448 2048 3408.909 3408.909 3408.909 250.462247012 250.462247012 250.462247012 62.615561753 62.615561753 62.615561753
229280 2048 3716.946 3716.946 3716.946 252.661964957 252.661964957 252.661964957 63.1654912393 63.1654912393 63.1654912393
252192 2048 4109.144 4109.144 4109.144 251.385308473 251.385308473 251.385308473 62.8463271183 62.8463271183 62.8463271183
277408 1024 2244.949 2244.949 2244.949 253.071042594 253.071042594 253.071042594 63.2677606485 63.2677606485 63.2677606485
305120 1024 2537.966 2537.966 2537.966 246.215181764 246.215181764 246.215181764 61.5537954409 61.5537954409 61.5537954409
335616 1024 2699.137 2699.137 2699.137 254.652345546 254.652345546 254.652345546 63.6630863865 63.6630863865 63.6630863865
369152 1024 2986.908 2986.908 2986.908 253.112347618 253.112347618 253.112347618 63.2780869046 63.2780869046 63.2780869046
406048 1024 3261.089 3261.089 3261.089 255.002639916 255.002639916 255.002639916 63.7506599789 63.7506599789 63.7506599789
446624 1024 3590.107 3590.107 3590.107 254.77957955 254.77957955 254.77957955 63.6948948875 63.6948948875 63.6948948875
491264 1024 3971.1 3971.1 3971.1 253.357677218 253.357677218 253.357677218 63.3394193045 63.3394193045 63.3394193045
540384 512 2171.04 2171.04 2171.04 254.87932788 254.87932788 254.87932788 63.7198319699 63.7198319699 63.7198319699
594400 512 2406.12 2406.12 2406.12 252.965604376 252.965604376 252.965604376 63.2414010939 63.2414010939 63.2414010939
653824 512 2670.05 2670.05 2670.05 250.750276587 250.750276587 250.750276587 62.6875691466 62.6875691466 62.6875691466
719200 512 2899.885 2899.885 2899.885 253.96207091 253.96207091 253.96207091 63.4905177274 63.4905177274 63.4905177274
791104 512 3293.037 3293.037 3293.037 246.00103066 246.00103066 246.00103066 61.5002576649 61.5002576649 61.5002576649
870208 512 3670.931 3670.931 3670.931 242.743051286 242.743051286 242.743051286 60.6857628215 60.6857628215 60.6857628215
957216 512 3879.07 3879.07 3879.07 252.686644995 252.686644995 252.686644995 63.1716612487 63.1716612487 63.1716612487
1052928 256 1531.839 1531.839 1531.839 351.929371168 351.929371168 351.929371168 87.9823427919 87.9823427919 87.9823427919
1158208 256 2470.016 2470.016 2470.016 240.080427009 240.080427009 240.080427009 60.0201067523 60.0201067523 60.0201067523
1274016 256 2673.864 2673.864 2673.864 243.952643814 243.952643814 243.952643814 60.9881609536 60.9881609536 60.9881609536
1401408 256 3273.964 3273.964 3273.964 219.159677993 219.159677993 219.159677993 54.7899194982 54.7899194982 54.7899194982
1541536 256 3280.163 3280.163 3280.163 240.618052213 240.618052213 240.618052213 60.1545130532 60.1545130532 60.1545130532
1695680 256 3525.019 3525.019 3525.019 246.293185937 246.293185937 246.293185937 61.5732964844 61.5732964844 61.5732964844
1865248 256 3873.825 3873.825 3873.825 246.528166864 246.528166864 246.528166864 61.6320417159 61.6320417159 61.6320417159
2051744 256 4294.872 4294.872 4294.872 244.592371554 244.592371554 244.592371554 61.1480928884 61.1480928884 61.1480928884
2256896 128 2290.964 2290.964 2290.964 252.193127435 252.193127435 252.193127435 63.0482818586 63.0482818586 63.0482818586
2482560 128 2561.092 2561.092 2561.092 248.150148452 248.150148452 248.150148452 62.0375371131 62.0375371131 62.0375371131
2730816 128 2897.978 2897.978 2897.978 241.233334415 241.233334415 241.233334415 60.3083336036 60.3083336036 60.3083336036
3003872 128 3405.809 3405.809 3405.809 225.78812611 225.78812611 225.78812611 56.4470315276 56.4470315276 56.4470315276
3304256 128 3804.922 3804.922 3804.922 222.314553623 222.314553623 222.314553623 55.5786384057 55.5786384057 55.5786384057
3634656 128 4020.929 4020.929 4020.929 231.407203659 231.407203659 231.407203659 57.8518009147 57.8518009147 57.8518009147
3998112 128 5167.007 5167.007 5167.007 198.086952853 198.086952853 198.086952853 49.5217382132 49.5217382132 49.5217382132
4397920 64 3506.184 3506.184 3506.184 160.554540207 160.554540207 160.554540207 40.1386350517 40.1386350517 40.1386350517
4837696 64 3731.966 3731.966 3731.966 165.924632754 165.924632754 165.924632754 41.4811581885 41.4811581885 41.4811581885
5321440 64 5337.954 5337.954 5337.954 127.604007078 127.604007078 127.604007078 31.9010017696 31.9010017696 31.9010017696
5853568 64 25972.128 25972.128 25972.128 28.8484911209 28.8484911209 28.8484911209 7.21212278024 7.21212278024 7.21212278024
6438912 64 12250.185 12250.185 12250.185 67.2790440308 67.2790440308 67.2790440308 16.8197610077 16.8197610077 16.8197610077
7082784 64 19160.986 19160.986 19160.986 47.3147024897 47.3147024897 47.3147024897 11.8286756224 11.8286756224 11.8286756224
7791040 64 45443.058 45443.058 45443.058 21.9451146972 21.9451146972 21.9451146972 5.48627867429 5.48627867429 5.48627867429
8570144 32 24484.873 24484.873 24484.873 22.4011460464 22.4011460464 22.4011460464 5.60028651159 5.60028651159 5.60028651159
9427136 32 26946.068 26946.068 26946.068 22.3905285179 22.3905285179 22.3905285179 5.59763212948 5.59763212948 5.59763212948
10369824 32 32194.853 32194.853 32194.853 20.6141253697 20.6141253697 20.6141253697 5.15353134242 5.15353134242 5.15353134242
11406784 32 34305.096 34305.096 34305.096 21.2806335245 21.2806335245 21.2806335245 5.32015838113 5.32015838113 5.32015838113
12547456 32 40181.16 40181.16 40181.16 19.9854156525 19.9854156525 19.9854156525 4.99635391313 4.99635391313 4.99635391313
13802176 32 48329.115 48329.115 48329.115 18.277579964 18.277579964 18.277579964 4.56939499099 4.56939499099 4.56939499099
15182368 32 52360.058 52360.058 52360.058 18.5574957155 18.5574957155 18.5574957155 4.63937392888 4.63937392888 4.63937392888
16700576 32 57826.042 57826.042 57826.042 18.4836593865 18.4836593865 18.4836593865 4.62091484664 4.62091484664 4.62091484664
18370624 16 31260.967 31260.967 31260.967 18.8049195023 18.8049195023 18.8049195023 4.70122987558 4.70122987558 4.70122987558
20207680 16 33324.957 33324.957 33324.957 19.4042488937 19.4042488937 19.4042488937 4.85106222343 4.85106222343 4.85106222343
22228448 16 39943.933 39943.933 39943.933 17.8077190346 17.8077190346 17.8077190346 4.45192975864 4.45192975864 4.45192975864
24451264 16 41954.994 41954.994 41954.994 18.6495187677 18.6495187677 18.6495187677 4.66237969191 4.66237969191 4.66237969191
26896384 16 48539.877 48539.877 48539.877 17.731488854 17.731488854 17.731488854 4.4328722135 4.4328722135 4.4328722135
29586016 16 47297.955 47297.955 47297.955 20.0167747633 20.0167747633 20.0167747633 5.00419369083 5.00419369083 5.00419369083
32544608 16 58992.863 58992.863 58992.863 17.6534482824 17.6534482824 17.6534482824 4.41336207059 4.41336207059 4.41336207059
35799040 8 29243.946 29243.946 29243.946 19.5864347445 19.5864347445 19.5864347445 4.89660868612 4.89660868612 4.89660868612
39378944 8 34142.971 34142.971 34142.971 18.4536695415 18.4536695415 18.4536695415 4.61341738538 4.61341738538 4.61341738538
43316832 8 36868.095 36868.095 36868.095 18.7986201077 18.7986201077 18.7986201077 4.69965502693 4.69965502693 4.69965502693
47648512 8 41323.9 41323.9 41323.9 18.4487957816 18.4487957816 18.4487957816 4.6121989454 4.6121989454 4.6121989454
52413344 8 48207.998 48207.998 48207.998 17.395733878 17.395733878 17.395733878 4.3489334695 4.3489334695 4.3489334695
57654656 8 44850.111 44850.111 44850.111 20.5679423179 20.5679423179 20.5679423179 5.14198557948 5.14198557948 5.14198557948
63420096 8 53720.951 53720.951 53720.951 18.8887485629 18.8887485629 18.8887485629 4.72218714073 4.72218714073 4.72218714073
69762080 4 27199.03 27199.03 27199.03 20.5189905669 20.5189905669 20.5189905669 5.12974764174 5.12974764174 5.12974764174
76738272 4 29355.049 29355.049 29355.049 20.9131374981 20.9131374981 20.9131374981 5.22828437452 5.22828437452 5.22828437452
84412096 4 32221.079 32221.079 32221.079 20.958229487 20.958229487 20.958229487 5.23955737174 5.23955737174 5.23955737174
92853280 4 37973.881 37973.881 37973.881 19.561504393 19.561504393 19.561504393 4.89037609825 4.89037609825 4.89037609825
102138592 4 38245.916 38245.916 38245.916 21.3646010204 21.3646010204 21.3646010204 5.3411502551 5.3411502551 5.3411502551
112352448 4 42343.855 42343.855 42343.855 21.2266829272 21.2266829272 21.2266829272 5.3066707318 5.3066707318 5.3066707318
123587680 4 50112.009 50112.009 50112.009 19.7298304285 19.7298304285 19.7298304285 4.93245760712 4.93245760712 4.93245760712
135946432 2 25037.05 25037.05 25037.05 21.7192412045 21.7192412045 21.7192412045 5.42981030113 5.42981030113 5.42981030113
149541056 2 26758.909 26758.909 26758.909 22.3538345304 22.3538345304 22.3538345304 5.5884586326 5.5884586326 5.5884586326
164495136 2 30317.783 30317.783 30317.783 21.7027921864 21.7027921864 21.7027921864 5.42569804659 5.42569804659 5.42569804659
180944640 2 35495.043 35495.043 35495.043 20.3909757202 20.3909757202 20.3909757202 5.09774393005 5.09774393005 5.09774393005
199039104 2 43004.99 43004.99 43004.99 18.5131171057 18.5131171057 18.5131171057 4.62827927643 4.62827927643 4.62827927643
218943008 2 42069.197 42069.197 42069.197 20.8174173612 20.8174173612 20.8174173612 5.2043543403 5.2043543403 5.2043543403
240837280 2 44532.061 44532.061 44532.061 21.6327090722 21.6327090722 21.6327090722 5.40817726806 5.40817726806 5.40817726806
264920992 2 54441.929 54441.929 54441.929 19.4644823845 19.4644823845 19.4644823845 4.86612059613 4.86612059613 4.86612059613
291413088 1 29422.045 29422.045 29422.045 19.8091660862 19.8091660862 19.8091660862 4.95229152154 4.95229152154 4.95229152154
320554368 1 32025.099 32025.099 32025.099 20.0189462646 20.0189462646 20.0189462646 5.00473656615 5.00473656615 5.00473656615
352609792 1 34363.031 34363.031 34363.031 20.5226245613 20.5226245613 20.5226245613 5.13065614032 5.13065614032 5.13065614032
387870752 1 36169.052 36169.052 36169.052 21.4476592862 21.4476592862 21.4476592862 5.36191482154 5.36191482154 5.36191482154
426657824 1 38362.98 38362.98 38362.98 22.243205507 22.243205507 22.243205507 5.56080137674 5.56080137674 5.56080137674
469323584 1 43176.889 43176.889 43176.889 21.7395738725 21.7395738725 21.7395738725 5.43489346812 5.43489346812 5.43489346812
516255936 1 48455.0 48455.0 48455.0 21.3086755134 21.3086755134 21.3086755134 5.32716887834 5.32716887834 5.32716887834

META_DATA
ERT_VERSION  1.1.0
HOSTNAME  ('e828f4ff7df7', [], ['172.17.0.2'])
TIMESTAMP_DATA  1620700530.56
OPENMP_THREADS 4
FLOPS          4
UNAME  ('Linux', 'e828f4ff7df7', '5.4.72-microsoft-standard-WSL2', '#1 SMP Wed Oct 28 23:40:43 UTC 2020', 'x86_64', 'x86_64')
CONFIG  {'ERT_WORKING_SET_MIN': ['1'], 'ERT_CFLAGS': ['-Ofast', '-march=native'], 'ERT_CC': ['cc'], 'ERT_MPI_CFLAGS': [], 'ERT_MPI_LDFLAGS': [], 'ERT_MEMORY_MAX': ['536870912', '#', '512MB'], 'ERT_LDFLAGS': [], 'ERT_LDLIBS': [], 'ERT_RUN': ['export', 'OMP_NUM_THREADS=ERT_OPENMP_THREADS', ';', './ERT_CODE'], 'ERT_FLOPS': ['1,4,16,64'], 'ERT_OPENMP_CFLAGS': ['-fopenmp'], 'ERT_MPI': ['False'], 'ERT_TRIALS_MIN': ['1'], 'ERT_DRIVER': ['driver1'], 'ERT_RESULTS': ['OpenMP_4'], 'ERT_OPENMP': ['True'], 'ERT_OPENMP_THREADS': ['1,2,4'], 'ERT_KERNEL': ['kernel1'], 'ERT_GPU': [False], 'ERT_LD': ['cc'], 'ERT_NUM_EXPERIMENTS': ['1'], 'ERT_OPENMP_LDFLAGS': ['-fopenmp'], 'ERT_ALIGN': ['64'], 'ERT_GNUPLOT': ['gnuplot']}
