16 67108864 178574.085 178574.085 178574.085 12.025729534 12.025729534 12.025729534 0.751608095878 0.751608095878 0.751608095878
32 33554432 91840.029 91840.029 91840.029 23.382872059 23.382872059 23.382872059 1.46142950369 1.46142950369 1.46142950369
48 16777216 48604.965 48604.965 48604.965 33.1367944818 33.1367944818 33.1367944818 2.07104965511 2.07104965511 2.07104965511
64 16777216 47170.877 47170.877 47170.877 45.5256248045 45.5256248045 45.5256248045 2.84535155028 2.84535155028 2.84535155028
80 8388608 38479.09 38479.09 38479.09 34.8806918251 34.8806918251 34.8806918251 2.18004323907 2.18004323907 2.18004323907
96 8388608 55674.076 55674.076 55674.076 28.9293123787 28.9293123787 28.9293123787 1.80808202367 1.80808202367 1.80808202367
112 8388608 48063.04 48063.04 48063.04 39.0954919206 39.0954919206 39.0954919206 2.44346824504 2.44346824504 2.44346824504
128 8388608 44768.095 44768.095 44768.095 47.9690647547 47.9690647547 47.9690647547 2.99806654717 2.99806654717 2.99806654717
144 4194304 31812.906 31812.906 31812.906 37.9707390453 37.9707390453 37.9707390453 2.37317119033 2.37317119033 2.37317119033
160 4194304 26822.09 26822.09 26822.09 50.0399961375 50.0399961375 50.0399961375 3.12749975859 3.12749975859 3.12749975859
176 4194304 50763.845 50763.845 50763.845 29.0835930178 29.0835930178 29.0835930178 1.81772456361 1.81772456361 1.81772456361
192 4194304 32604.933 32604.933 32604.933 49.3978238201 49.3978238201 49.3978238201 3.08736398876 3.08736398876 3.08736398876
208 4194304 42265.892 42265.892 42265.892 41.2822344788 41.2822344788 41.2822344788 2.58013965493 2.58013965493 2.58013965493
224 4194304 41946.173 41946.173 41946.173 44.7966538449 44.7966538449 44.7966538449 2.79979086531 2.79979086531 2.79979086531
240 4194304 48788.071 48788.071 48788.071 41.2655364054 41.2655364054 41.2655364054 2.57909602534 2.57909602534 2.57909602534
256 4194304 14538.05 14538.05 14538.05 147.714696813 147.714696813 147.714696813 9.2321685508 9.2321685508 9.2321685508
272 2097152 9534.836 9534.836 9534.836 119.650792945 119.650792945 119.650792945 7.47817455906 7.47817455906 7.47817455906
288 2097152 10452.986 10452.986 10452.986 115.561194859 115.561194859 115.561194859 7.22257467866 7.22257467866 7.22257467866
304 2097152 9988.07 9988.07 9988.07 127.659138953 127.659138953 127.659138953 7.97869618455 7.97869618455 7.97869618455
320 2097152 10766.983 10766.983 10766.983 124.656765967 124.656765967 124.656765967 7.79104787293 7.79104787293 7.79104787293
352 2097152 19517.183 19517.183 19517.183 75.6459068914 75.6459068914 75.6459068914 4.72786918071 4.72786918071 4.72786918071
384 2097152 15357.971 15357.971 15357.971 104.871453137 104.871453137 104.871453137 6.55446582104 6.55446582104 6.55446582104
416 2097152 15754.938 15754.938 15754.938 110.748164417 110.748164417 110.748164417 6.92176027605 6.92176027605 6.92176027605
448 2097152 18150.806 18150.806 18150.806 103.524228731 103.524228731 103.524228731 6.4702642957 6.4702642957 6.4702642957
480 2097152 19516.945 19516.945 19516.945 103.154767306 103.154767306 103.154767306 6.44717295663 6.44717295663 6.44717295663
528 1048576 4287.004 4287.004 4287.004 258.291397909 258.291397909 258.291397909 16.1432123693 16.1432123693 16.1432123693
576 1048576 5119.085 5119.085 5119.085 235.971770736 235.971770736 235.971770736 14.748235671 14.748235671 14.748235671
624 1048576 5910.158 5910.158 5910.158 221.419266287 221.419266287 221.419266287 13.8387041429 13.8387041429 13.8387041429
672 1048576 7256.031 7256.031 7256.031 194.222729203 194.222729203 194.222729203 12.1389205752 12.1389205752 12.1389205752
736 1048576 9352.922 9352.922 9352.922 165.029054236 165.029054236 165.029054236 10.3143158897 10.3143158897 10.3143158897
800 1048576 10282.04 10282.04 10282.04 163.170110212 163.170110212 163.170110212 10.1981318882 10.1981318882 10.1981318882
880 1048576 7850.885 7850.885 7850.885 235.068245172 235.068245172 235.068245172 14.6917653233 14.6917653233 14.6917653233
960 1048576 9380.102 9380.102 9380.102 214.631559444 214.631559444 214.631559444 13.4144724652 13.4144724652 13.4144724652
1056 524288 4323.006 4323.006 4323.006 256.140346786 256.140346786 256.140346786 16.0087716742 16.0087716742 16.0087716742
1152 524288 5141.02 5141.02 5141.02 234.964958705 234.964958705 234.964958705 14.685309919 14.685309919 14.685309919
1264 524288 6145.954 6145.954 6145.954 215.654081368 215.654081368 215.654081368 13.4783800855 13.4783800855 13.4783800855
1376 524288 5850.792 5850.792 5850.792 246.606028039 246.606028039 246.606028039 15.4128767524 15.4128767524 15.4128767524
1504 524288 7206.202 7206.202 7206.202 218.847362869 218.847362869 218.847362869 13.6779601793 13.6779601793 13.6779601793
1648 524288 6976.128 6976.128 6976.128 247.709509917 247.709509917 247.709509917 15.4818443698 15.4818443698 15.4818443698
1808 524288 7230.997 7230.997 7230.997 262.180361574 262.180361574 262.180361574 16.3862725984 16.3862725984 16.3862725984
1984 524288 8623.838 8623.838 8623.838 241.235373856 241.235373856 241.235373856 15.077210866 15.077210866 15.077210866
2176 262144 9067.059 9067.059 9067.059 125.823675351 125.823675351 125.823675351 7.86397970941 7.86397970941 7.86397970941
2384 262144 5501.986 5501.986 5501.986 227.172986627 227.172986627 227.172986627 14.1983116642 14.1983116642 14.1983116642
2608 262144 5322.933 5322.933 5322.933 256.877759686 256.877759686 256.877759686 16.0548599804 16.0548599804 16.0548599804
2864 262144 5948.067 5948.067 5948.067 252.445177904 252.445177904 252.445177904 15.777823619 15.777823619 15.777823619
3136 262144 10982.99 10982.99 10982.99 149.701235092 149.701235092 149.701235092 9.35632719323 9.35632719323 9.35632719323
3440 262144 8383.989 8383.989 8383.989 215.118450179 215.118450179 215.118450179 13.4449031362 13.4449031362 13.4449031362
3776 262144 8291.006 8291.006 8291.006 238.778199895 238.778199895 238.778199895 14.9236374934 14.9236374934 14.9236374934
4144 131072 5542.04 5542.04 5542.04 196.015318547 196.015318547 196.015318547 12.2509574092 12.2509574092 12.2509574092
4544 131072 6890.059 6890.059 6890.059 172.884199685 172.884199685 172.884199685 10.8052624803 10.8052624803 10.8052624803
4992 131072 9004.831 9004.831 9004.831 145.324531687 145.324531687 145.324531687 9.08278323047 9.08278323047 9.08278323047
5488 131072 5897.999 5897.999 5897.999 243.92107764 243.92107764 243.92107764 15.2450673525 15.2450673525 15.2450673525
6032 131072 6500.006 6500.006 6500.006 243.269407444 243.269407444 243.269407444 15.2043379652 15.2043379652 15.2043379652
6624 131072 7081.985 7081.985 7081.985 245.191405517 245.191405517 245.191405517 15.3244628448 15.3244628448 15.3244628448
7280 131072 7477.999 7477.999 7477.999 255.203072373 255.203072373 255.203072373 15.9501920233 15.9501920233 15.9501920233
8000 131072 8153.915 8153.915 8153.915 257.195715187 257.195715187 257.195715187 16.0747321992 16.0747321992 16.0747321992
8800 65536 4899.025 4899.025 4899.025 235.441460291 235.441460291 235.441460291 14.7150912682 14.7150912682 14.7150912682
9680 65536 5309.105 5309.105 5309.105 238.981327361 238.981327361 238.981327361 14.9363329601 14.9363329601 14.9363329601
10640 65536 5781.889 5781.889 5781.889 241.202499737 241.202499737 241.202499737 15.0751562335 15.0751562335 15.0751562335
11696 65536 6428.003 6428.003 6428.003 238.490571955 238.490571955 238.490571955 14.9056607472 14.9056607472 14.9056607472
12864 65536 6844.044 6844.044 6844.044 246.361684408 246.361684408 246.361684408 15.3976052755 15.3976052755 15.3976052755
14144 65536 8599.043 8599.043 8599.043 215.591708054 215.591708054 215.591708054 13.4744817534 13.4744817534 13.4744817534
15552 65536 13075.113 13075.113 13075.113 155.901654081 155.901654081 155.901654081 9.74385338008 9.74385338008 9.74385338008
17104 32768 6175.041 6175.041 6175.041 181.525554891 181.525554891 181.525554891 11.3453471807 11.3453471807 11.3453471807
18800 32768 5053.997 5053.997 5053.997 243.782653611 243.782653611 243.782653611 15.2364158507 15.2364158507 15.2364158507
20672 32768 5609.989 5609.989 5609.989 241.490703814 241.490703814 241.490703814 15.0931689884 15.0931689884 15.0931689884
22736 32768 9185.076 9185.076 9185.076 162.222554936 162.222554936 162.222554936 10.1389096835 10.1389096835 10.1389096835
25008 32768 7206.917 7206.917 7206.917 227.409901904 227.409901904 227.409901904 14.213118869 14.213118869 14.213118869
27504 32768 7977.009 7977.009 7977.009 225.962154988 225.962154988 225.962154988 14.1226346868 14.1226346868 14.1226346868
30240 32768 10837.078 10837.078 10837.078 182.872970002 182.872970002 182.872970002 11.4295606251 11.4295606251 11.4295606251
33264 16384 5552.053 5552.053 5552.053 196.322829051 196.322829051 196.322829051 12.2701768157 12.2701768157 12.2701768157
36576 16384 6202.936 6202.936 6202.936 193.218561017 193.218561017 193.218561017 12.0761600636 12.0761600636 12.0761600636
40224 16384 10205.03 10205.03 10205.03 129.157879203 129.157879203 129.157879203 8.07236745017 8.07236745017 8.07236745017
44240 16384 11382.818 11382.818 11382.818 127.354783323 127.354783323 127.354783323 7.95967395771 7.95967395771 7.95967395771
48656 16384 12246.847 12246.847 12246.847 130.185329171 130.185329171 130.185329171 8.13658307318 8.13658307318 8.13658307318
53520 16384 13452.053 13452.053 13452.053 130.369941302 130.369941302 130.369941302 8.14812133137 8.14812133137 8.14812133137
58864 16384 11651.039 11651.039 11651.039 165.55223547 165.55223547 165.55223547 10.3470147169 10.3470147169 10.3470147169
64736 16384 9752.989 9752.989 9752.989 217.49939921 217.49939921 217.49939921 13.5937124506 13.5937124506 13.5937124506
71200 8192 5386.114 5386.114 5386.114 216.583013282 216.583013282 216.583013282 13.5364383301 13.5364383301 13.5364383301
78320 8192 5832.911 5832.911 5832.911 219.992192578 219.992192578 219.992192578 13.7495120361 13.7495120361 13.7495120361
86144 8192 6255.15 6255.15 6255.15 225.635403787 225.635403787 225.635403787 14.1022127367 14.1022127367 14.1022127367
94752 8192 7040.024 7040.024 7040.024 220.512993706 220.512993706 220.512993706 13.7820621066 13.7820621066 13.7820621066
104224 8192 10300.159 10300.159 10300.159 165.784432648 165.784432648 165.784432648 10.3615270405 10.3615270405 10.3615270405
114640 8192 12241.125 12241.125 12241.125 153.438655352 153.438655352 153.438655352 9.58991595952 9.58991595952 9.58991595952
126096 8192 12401.104 12401.104 12401.104 166.594592223 166.594592223 166.594592223 10.412162014 10.412162014 10.412162014
138704 4096 7171.869 7171.869 7171.869 158.433341156 158.433341156 158.433341156 9.90208382222 9.90208382222 9.90208382222
152560 4096 7095.814 7095.814 7095.814 176.127998846 176.127998846 176.127998846 11.0079999278 11.0079999278 11.0079999278
167808 4096 7812.977 7812.977 7812.977 175.948698684 175.948698684 175.948698684 10.9967936678 10.9967936678 10.9967936678
184576 4096 9550.095 9550.095 9550.095 158.327911084 158.327911084 158.327911084 9.89549444273 9.89549444273 9.89549444273
203024 4096 8160.114 8160.114 8160.114 203.817325101 203.817325101 203.817325101 12.7385828188 12.7385828188 12.7385828188
223312 4096 11116.028 11116.028 11116.028 164.570645558 164.570645558 164.570645558 10.2856653474 10.2856653474 10.2856653474
245632 4096 14948.845 14948.845 14948.845 134.606877254 134.606877254 134.606877254 8.41292982836 8.41292982836 8.41292982836
270192 2048 5803.108 5803.108 5803.108 190.709259935 190.709259935 190.709259935 11.9193287459 11.9193287459 11.9193287459
297200 2048 10112.047 10112.047 10112.047 120.384250587 120.384250587 120.384250587 7.52401566172 7.52401566172 7.52401566172
326912 2048 8074.999 8074.999 8074.999 165.82436134 165.82436134 165.82436134 10.3640225838 10.3640225838 10.3640225838
359600 2048 9243.965 9243.965 9243.965 159.33872532 159.33872532 159.33872532 9.95867033248 9.95867033248 9.95867033248
395552 2048 13226.986 13226.986 13226.986 122.490565273 122.490565273 122.490565273 7.65566032957 7.65566032957 7.65566032957
435104 2048 8128.881 8128.881 8128.881 219.241244152 219.241244152 219.241244152 13.7025777595 13.7025777595 13.7025777595
478608 2048 8611.202 8611.202 8611.202 227.65443988 227.65443988 227.65443988 14.2284024925 14.2284024925 14.2284024925
526464 1024 7913.828 7913.828 7913.828 136.24231813 136.24231813 136.24231813 8.51514488311 8.51514488311 8.51514488311
579104 1024 9469.032 9469.032 9469.032 125.250922375 125.250922375 125.250922375 7.82818264845 7.82818264845 7.82818264845
637008 1024 9614.944 9614.944 9614.944 135.683825512 135.683825512 135.683825512 8.48023909448 8.48023909448 8.48023909448
700704 1024 6233.931 6233.931 6233.931 230.198536365 230.198536365 230.198536365 14.3874085228 14.3874085228 14.3874085228
770768 1024 7544.994 7544.994 7544.994 209.215920384 209.215920384 209.215920384 13.075995024 13.075995024 13.075995024
847840 1024 7817.03 7817.03 7817.03 222.127370625 222.127370625 222.127370625 13.8829606641 13.8829606641 13.8829606641
932624 1024 12906.075 12906.075 12906.075 147.993402487 147.993402487 147.993402487 9.24958765543 9.24958765543 9.24958765543
1025872 1024 16790.867 16790.867 16790.867 125.126704654 125.126704654 125.126704654 7.8204190409 7.8204190409 7.8204190409
1128448 512 7241.011 7241.011 7241.011 159.581410938 159.581410938 159.581410938 9.97383818365 9.97383818365 9.97383818365
1241280 512 7654.905 7654.905 7654.905 166.04657014 166.04657014 166.04657014 10.3779106338 10.3779106338 10.3779106338
1365408 512 8020.878 8020.878 8020.878 174.317299428 174.317299428 174.317299428 10.8948312142 10.8948312142 10.8948312142
1501936 512 12504.101 12504.101 12504.101 122.998243856 122.998243856 122.998243856 7.68739024101 7.68739024101 7.68739024101
1652128 512 11524.916 11524.916 11524.916 146.793180271 146.793180271 146.793180271 9.17457376696 9.17457376696 9.17457376696
1817328 512 8865.118 8865.118 8865.118 209.917552366 209.917552366 209.917552366 13.1198470229 13.1198470229 13.1198470229
1999056 512 9652.138 9652.138 9652.138 212.080820229 212.080820229 212.080820229 13.2550512643 13.2550512643 13.2550512643
2198960 256 5469.084 5469.084 5469.084 205.860345169 205.860345169 205.860345169 12.8662715731 12.8662715731 12.8662715731
2418848 256 6492.853 6492.853 6492.853 190.740522849 190.740522849 190.740522849 11.921282678 11.921282678 11.921282678
2660720 256 7272.959 7272.959 7272.959 187.308719876 187.308719876 187.308719876 11.7067949922 11.7067949922 11.7067949922
2926784 256 8457.184 8457.184 8457.184 177.188223409 177.188223409 177.188223409 11.074263963 11.074263963 11.074263963
3219456 256 12707.949 12707.949 12707.949 129.711055025 129.711055025 129.711055025 8.10694093909 8.10694093909 8.10694093909
3541392 256 14998.198 14998.198 14998.198 120.894037004 120.894037004 120.894037004 7.55587731273 7.55587731273 7.55587731273
3895520 256 20400.047 20400.047 20400.047 97.7696884718 97.7696884718 97.7696884718 6.11060552949 6.11060552949 6.11060552949
4285072 128 14742.136 14742.136 14742.136 74.4110915813 74.4110915813 74.4110915813 4.65069322383 4.65069322383 4.65069322383
4713568 128 31871.08 31871.08 31871.08 37.8610768132 37.8610768132 37.8610768132 2.36631730083 2.36631730083 2.36631730083
5184912 128 48990.965 48990.965 48990.965 27.0935155492 27.0935155492 27.0935155492 1.69334472183 1.69334472183 1.69334472183
5703392 128 59288.979 59288.979 59288.979 24.6263028412 24.6263028412 24.6263028412 1.53914392758 1.53914392758 1.53914392758
6273728 128 68696.976 68696.976 68696.976 23.3791130486 23.3791130486 23.3791130486 1.46119456554 1.46119456554 1.46119456554
6901088 128 75576.067 75576.067 75576.067 23.3761638853 23.3761638853 23.3761638853 1.46101024283 1.46101024283 1.46101024283
7591184 128 87458.849 87458.849 87458.849 22.220085517 22.220085517 22.220085517 1.38875534481 1.38875534481 1.38875534481
8350288 128 95268.965 95268.965 95268.965 22.4383011613 22.4383011613 22.4383011613 1.40239382258 1.40239382258 1.40239382258
9185312 64 61001.062 61001.062 61001.062 19.2737617584 19.2737617584 19.2737617584 1.2046101099 1.2046101099 1.2046101099
10103840 64 64314.127 64314.127 64314.127 20.1089804111 20.1089804111 20.1089804111 1.25681127569 1.25681127569 1.25681127569
11114224 64 64299.107 64299.107 64299.107 22.1250455625 22.1250455625 22.1250455625 1.38281534765 1.38281534765 1.38281534765
12225632 64 73559.046 73559.046 73559.046 21.2738062971 21.2738062971 21.2738062971 1.32961289357 1.32961289357 1.32961289357
13448192 64 85218.906 85218.906 85218.906 20.1993742562 20.1993742562 20.1993742562 1.26246089101 1.26246089101 1.26246089101
14793008 64 97153.902 97153.902 97153.902 19.4897475554 19.4897475554 19.4897475554 1.21810922221 1.21810922221 1.21810922221
16272304 64 104309.082 104309.082 104309.082 19.9681070149 19.9681070149 19.9681070149 1.24800668843 1.24800668843 1.24800668843
17899520 32 56705.952 56705.952 56705.952 20.2019230715 20.2019230715 20.2019230715 1.26262019197 1.26262019197 1.26262019197
19689472 32 65281.868 65281.868 65281.868 19.3028515667 19.3028515667 19.3028515667 1.20642822292 1.20642822292 1.20642822292
21658416 32 73464.155 73464.155 73464.155 18.8682306902 18.8682306902 18.8682306902 1.17926441814 1.17926441814 1.17926441814
23824256 32 82958.937 82958.937 82958.937 18.3796036827 18.3796036827 18.3796036827 1.14872523017 1.14872523017 1.14872523017
26206672 32 89585.066 89585.066 89585.066 18.7221719299 18.7221719299 18.7221719299 1.17013574562 1.17013574562 1.17013574562
28827328 32 88512.182 88512.182 88512.182 20.8440120932 20.8440120932 20.8440120932 1.30275075582 1.30275075582 1.30275075582
31710048 32 95085.859 95085.859 95085.859 21.3432690554 21.3432690554 21.3432690554 1.33395431596 1.33395431596 1.33395431596
34881040 16 49262.047 49262.047 49262.047 22.6582805217 22.6582805217 22.6582805217 1.41614253261 1.41614253261 1.41614253261
38369136 16 58598.042 58598.042 58598.042 20.9531293213 20.9531293213 20.9531293213 1.30957058258 1.30957058258 1.30957058258
42206048 16 62319.994 62319.994 62319.994 21.6719137682 21.6719137682 21.6719137682 1.35449461051 1.35449461051 1.35449461051
46426640 16 75180.054 75180.054 75180.054 19.7612584849 19.7612584849 19.7612584849 1.2350786553 1.2350786553 1.2350786553
51069296 16 81866.98 81866.98 81866.98 19.9618634033 19.9618634033 19.9618634033 1.24761646271 1.24761646271 1.24761646271
56176224 16 86798.906 86798.906 86798.906 20.7103896909 20.7103896909 20.7103896909 1.29439935568 1.29439935568 1.29439935568
61793840 16 97606.897 97606.897 97606.897 20.2588437987 20.2588437987 20.2588437987 1.26617773742 1.26617773742 1.26617773742
67973216 8 53079.844 53079.844 53079.844 20.4893491398 20.4893491398 20.4893491398 1.28058432124 1.28058432124 1.28058432124
74770528 8 62147.856 62147.856 62147.856 19.2497139081 19.2497139081 19.2497139081 1.20310711925 1.20310711925 1.20310711925
82247568 8 63009.977 63009.977 63009.977 20.8849637891 20.8849637891 20.8849637891 1.30531023682 1.30531023682 1.30531023682
90472320 8 85335.97 85335.97 85335.97 16.9630358687 16.9630358687 16.9630358687 1.06018974179 1.06018974179 1.06018974179
99519552 8 83831.072 83831.072 83831.072 18.9943035919 18.9943035919 18.9943035919 1.18714397449 1.18714397449 1.18714397449
109471504 8 87753.057 87753.057 87753.057 19.9599207581 19.9599207581 19.9599207581 1.24749504738 1.24749504738 1.24749504738
120418640 8 114703.894 114703.894 114703.894 16.7971476191 16.7971476191 16.7971476191 1.04982172619 1.04982172619 1.04982172619
132460496 8 98217.01 98217.01 98217.01 21.5784204386 21.5784204386 21.5784204386 1.34865127741 1.34865127741 1.34865127741
145706544 4 56338.072 56338.072 56338.072 20.6903131509 20.6903131509 20.6903131509 1.29314457193 1.29314457193 1.29314457193
160277184 4 64855.814 64855.814 64855.814 19.7702779893 19.7702779893 19.7702779893 1.23564237433 1.23564237433 1.23564237433
176304896 4 73543.072 73543.072 73543.072 19.1784097352 19.1784097352 19.1784097352 1.19865060845 1.19865060845 1.19865060845
193935376 4 80487.967 80487.967 80487.967 19.275962182 19.275962182 19.275962182 1.20474763638 1.20474763638 1.20474763638
213328912 4 77980.995 77980.995 77980.995 21.8852208285 21.8852208285 21.8852208285 1.36782630178 1.36782630178 1.36782630178
234661792 4 86165.905 86165.905 86165.905 21.7869740473 21.7869740473 21.7869740473 1.36168587796 1.36168587796 1.36168587796
258127968 4 90657.949 90657.949 90657.949 22.7781873159 22.7781873159 22.7781873159 1.42363670725 1.42363670725 1.42363670725
283940752 2 51509.857 51509.857 51509.857 22.0494304226 22.0494304226 22.0494304226 1.37808940141 1.37808940141 1.37808940141
312334816 2 55038.929 55038.929 55038.929 22.6991928568 22.6991928568 22.6991928568 1.41869955355 1.41869955355 1.41869955355
343568288 2 59162.855 59162.855 59162.855 23.2286483132 23.2286483132 23.2286483132 1.45179051958 1.45179051958 1.45179051958
377925104 2 66184.998 66184.998 66184.998 22.8405297527 22.8405297527 22.8405297527 1.42753310954 1.42753310954 1.42753310954
415717600 2 75226.068 75226.068 75226.068 22.1049756316 22.1049756316 22.1049756316 1.38156097697 1.38156097697 1.38156097697
457289360 2 82365.99 82365.99 82365.99 22.207678679 22.207678679 22.207678679 1.38797991744 1.38797991744 1.38797991744
503018288 2 86974.144 86974.144 86974.144 23.1341529731 23.1341529731 23.1341529731 1.44588456082 1.44588456082 1.44588456082
553320112 1 49757.957 49757.957 49757.957 22.2404674694 22.2404674694 22.2404674694 1.39002921683 1.39002921683 1.39002921683
608652112 1 52384.138 52384.138 52384.138 23.2380310238 23.2380310238 23.2380310238 1.45237693899 1.45237693899 1.45237693899
669517312 1 58068.037 58068.037 58068.037 23.0597535784 23.0597535784 23.0597535784 1.44123459865 1.44123459865 1.44123459865
736469040 1 74930.906 74930.906 74930.906 19.6572837382 19.6572837382 19.6572837382 1.22858023364 1.22858023364 1.22858023364
810115936 1 90022.087 90022.087 90022.087 17.9981594073 17.9981594073 17.9981594073 1.12488496295 1.12488496295 1.12488496295
891127520 1 97437.143 97437.143 97437.143 18.2913310584 18.2913310584 18.2913310584 1.14320819115 1.14320819115 1.14320819115
980240272 1 102756.977 102756.977 102756.977 19.0788071159 19.0788071159 19.0788071159 1.19242544475 1.19242544475 1.19242544475

META_DATA
ERT_VERSION  1.1.0
TIMESTAMP_DATA  1620702297.16
OPENMP_THREADS 2
UNAME  ('Linux', '3689e1d83645', '5.4.72-microsoft-standard-WSL2', '#1 SMP Wed Oct 28 23:40:43 UTC 2020', 'x86_64', 'x86_64')
FLOPS          1
HOSTNAME  ('3689e1d83645', [], ['172.17.0.2'])
CONFIG  {'ERT_WORKING_SET_MIN': ['1'], 'ERT_CFLAGS': ['-Ofast', '-march=native'], 'ERT_CC': ['cc'], 'ERT_MPI_CFLAGS': [], 'ERT_MPI_LDFLAGS': [], 'ERT_MEMORY_MAX': ['1073741824', '#', '1GB'], 'ERT_LDFLAGS': [], 'ERT_LDLIBS': [], 'ERT_RUN': ['export', 'OMP_NUM_THREADS=ERT_OPENMP_THREADS', ';', './ERT_CODE'], 'ERT_FLOPS': ['1,8,64'], 'ERT_OPENMP_CFLAGS': ['-fopenmp'], 'ERT_MPI': ['False'], 'ERT_TRIALS_MIN': ['1'], 'ERT_DRIVER': ['driver1'], 'ERT_RESULTS': ['OpenMP'], 'ERT_OPENMP': ['True'], 'ERT_OPENMP_THREADS': ['1,2,4,8'], 'ERT_KERNEL': ['kernel1'], 'ERT_GPU': [False], 'ERT_LD': ['cc'], 'ERT_NUM_EXPERIMENTS': ['1'], 'ERT_OPENMP_LDFLAGS': ['-fopenmp'], 'ERT_ALIGN': ['64'], 'ERT_GNUPLOT': ['gnuplot']}
