16 16777216 597753.048 597753.048 597753.048 0.898148347041 0.898148347041 0.898148347041 0.898148347041 0.898148347041 0.898148347041
32 8388608 303487.062 303487.062 303487.062 1.76900757634 1.76900757634 1.76900757634 1.76900757634 1.76900757634 1.76900757634
48 4194304 148063.898 148063.898 148063.898 2.71945551508 2.71945551508 2.71945551508 2.71945551508 2.71945551508 2.71945551508
64 4194304 154294.014 154294.014 154294.014 3.4795316946 3.4795316946 3.4795316946 3.4795316946 3.4795316946 3.4795316946
80 2097152 76057.911 76057.911 76057.911 4.41169518842 4.41169518842 4.41169518842 4.41169518842 4.41169518842 4.41169518842
96 2097152 76686.859 76686.859 76686.859 5.25061515429 5.25061515429 5.25061515429 5.25061515429 5.25061515429 5.25061515429
112 2097152 78807.116 78807.116 78807.116 5.96090901233 5.96090901233 5.96090901233 5.96090901233 5.96090901233 5.96090901233
128 2097152 77077.15 77077.15 77077.15 6.96537056702 6.96537056702 6.96537056702 6.96537056702 6.96537056702 6.96537056702
144 1048576 39150.953 39150.953 39150.953 7.71347476522 7.71347476522 7.71347476522 7.71347476522 7.71347476522 7.71347476522
160 1048576 39179.087 39179.087 39179.087 8.564373131 8.564373131 8.564373131 8.564373131 8.564373131 8.564373131
176 1048576 41505.814 41505.814 41505.814 8.8926999962 8.8926999962 8.8926999962 8.8926999962 8.8926999962 8.8926999962
192 1048576 39885.998 39885.998 39885.998 10.095101143 10.095101143 10.095101143 10.095101143 10.095101143 10.095101143
208 1048576 39171.934 39171.934 39171.934 11.1357181394 11.1357181394 11.1357181394 11.1357181394 11.1357181394 11.1357181394
224 1048576 41096.926 41096.926 41096.926 11.4305884581 11.4305884581 11.4305884581 11.4305884581 11.4305884581 11.4305884581
240 1048576 39823.055 39823.055 39823.055 12.6388214063 12.6388214063 12.6388214063 12.6388214063 12.6388214063 12.6388214063
256 1048576 38697.958 38697.958 38697.958 13.8733654112 13.8733654112 13.8733654112 13.8733654112 13.8733654112 13.8733654112
272 524288 21286.011 21286.011 21286.011 13.3990662694 13.3990662694 13.3990662694 13.3990662694 13.3990662694 13.3990662694
288 524288 23880.005 23880.005 23880.005 12.6461400657 12.6461400657 12.6461400657 12.6461400657 12.6461400657 12.6461400657
304 524288 25454.044 25454.044 25454.044 12.5232400793 12.5232400793 12.5232400793 12.5232400793 12.5232400793 12.5232400793
320 524288 20482.063 20482.063 20482.063 16.3823497662 16.3823497662 16.3823497662 16.3823497662 16.3823497662 16.3823497662
352 524288 19706.011 19706.011 19706.011 18.730262152 18.730262152 18.730262152 18.730262152 18.730262152 18.730262152
384 524288 21790.981 21790.981 21790.981 18.4779741674 18.4779741674 18.4779741674 18.4779741674 18.4779741674 18.4779741674
416 524288 30570.03 30570.03 30570.03 14.2691261997 14.2691261997 14.2691261997 14.2691261997 14.2691261997 14.2691261997
448 524288 20210.981 20210.981 20210.981 23.2429117617 23.2429117617 23.2429117617 23.2429117617 23.2429117617 23.2429117617
480 524288 21235.943 21235.943 21235.943 23.7011598684 23.7011598684 23.7011598684 23.7011598684 23.7011598684 23.7011598684
528 262144 10688.066 10688.066 10688.066 25.9002951516 25.9002951516 25.9002951516 25.9002951516 25.9002951516 25.9002951516
576 262144 15932.083 15932.083 15932.083 18.9548276895 18.9548276895 18.9548276895 18.9548276895 18.9548276895 18.9548276895
624 262144 20166.874 20166.874 20166.874 16.2224305066 16.2224305066 16.2224305066 16.2224305066 16.2224305066 16.2224305066
672 262144 18473.864 18473.864 18473.864 19.0713505307 19.0713505307 19.0713505307 19.0713505307 19.0713505307 19.0713505307
736 262144 15083.075 15083.075 15083.075 25.5833752733 25.5833752733 25.5833752733 25.5833752733 25.5833752733 25.5833752733
800 262144 16148.09 16148.09 16148.09 25.9739944476 25.9739944476 25.9739944476 25.9739944476 25.9739944476 25.9739944476
880 262144 21271.944 21271.944 21271.944 21.6892936537 21.6892936537 21.6892936537 21.6892936537 21.6892936537 21.6892936537
960 262144 19340.038 19340.038 19340.038 26.0245858876 26.0245858876 26.0245858876 26.0245858876 26.0245858876 26.0245858876
1056 131072 13776.064 13776.064 13776.064 20.0945686663 20.0945686663 20.0945686663 20.0945686663 20.0945686663 20.0945686663
1152 131072 14398.813 14398.813 14398.813 20.9732488366 20.9732488366 20.9732488366 20.9732488366 20.9732488366 20.9732488366
1264 131072 12843.132 12843.132 12843.132 25.7997827944 25.7997827944 25.7997827944 25.7997827944 25.7997827944 25.7997827944
1376 131072 20579.1 20579.1 20579.1 17.5279844114 17.5279844114 17.5279844114 17.5279844114 17.5279844114 17.5279844114
1504 131072 22631.168 22631.168 22631.168 17.4213092316 17.4213092316 17.4213092316 17.4213092316 17.4213092316 17.4213092316
1648 131072 16117.096 16117.096 16117.096 26.8046620806 26.8046620806 26.8046620806 26.8046620806 26.8046620806 26.8046620806
1808 131072 27746.916 27746.916 27746.916 17.0814065246 17.0814065246 17.0814065246 17.0814065246 17.0814065246 17.0814065246
1984 131072 18638.849 18638.849 18638.849 27.9037453439 27.9037453439 27.9037453439 27.9037453439 27.9037453439 27.9037453439
2176 65536 9636.164 9636.164 9636.164 29.5981546184 29.5981546184 29.5981546184 29.5981546184 29.5981546184 29.5981546184
2384 65536 12507.915 12507.915 12507.915 24.98223309 24.98223309 24.98223309 24.98223309 24.98223309 24.98223309
2608 65536 15604.973 15604.973 15604.973 21.9055666421 21.9055666421 21.9055666421 21.9055666421 21.9055666421 21.9055666421
2864 65536 13614.893 13614.893 13614.893 27.5720277787 27.5720277787 27.5720277787 27.5720277787 27.5720277787 27.5720277787
3136 65536 19860.029 19860.029 19860.029 20.6969381565 20.6969381565 20.6969381565 20.6969381565 20.6969381565 20.6969381565
3440 65536 20943.165 20943.165 20943.165 21.5291089002 21.5291089002 21.5291089002 21.5291089002 21.5291089002 21.5291089002
3776 65536 32180.071 32180.071 32180.071 15.3799496589 15.3799496589 15.3799496589 15.3799496589 15.3799496589 15.3799496589
4144 32768 9649.038 9649.038 9649.038 28.145933719 28.145933719 28.145933719 28.145933719 28.145933719 28.145933719
4544 32768 10162.83 10162.83 10162.83 29.3024269815 29.3024269815 29.3024269815 29.3024269815 29.3024269815 29.3024269815
4992 32768 12149.096 12149.096 12149.096 26.928399611 26.928399611 26.928399611 26.928399611 26.928399611 26.928399611
5488 32768 19356.966 19356.966 19356.966 18.580472167 18.580472167 18.580472167 18.580472167 18.580472167 18.580472167
6032 32768 24601.221 24601.221 24601.221 16.0688427619 16.0688427619 16.0688427619 16.0688427619 16.0688427619 16.0688427619
6624 32768 14827.013 14827.013 14827.013 29.278349186 29.278349186 29.278349186 29.278349186 29.278349186 29.278349186
7280 32768 30595.064 30595.064 30595.064 15.5940866801 15.5940866801 15.5940866801 15.5940866801 15.5940866801 15.5940866801
8000 32768 21455.05 21455.05 21455.05 24.4365778686 24.4365778686 24.4365778686 24.4365778686 24.4365778686 24.4365778686
8800 16384 9857.893 9857.893 9857.893 29.2515246412 29.2515246412 29.2515246412 29.2515246412 29.2515246412 29.2515246412
9680 16384 10859.966 10859.966 10859.966 29.2076641861 29.2076641861 29.2076641861 29.2076641861 29.2076641861 29.2076641861
10640 16384 14392.138 14392.138 14392.138 24.2251373632 24.2251373632 24.2251373632 24.2251373632 24.2251373632 24.2251373632
11696 16384 13278.008 13278.008 13278.008 28.8638572894 28.8638572894 28.8638572894 28.8638572894 28.8638572894 28.8638572894
12864 16384 14544.01 14544.01 14544.01 28.982897564 28.982897564 28.982897564 28.982897564 28.982897564 28.982897564
14144 16384 17241.955 17241.955 17241.955 26.8803967996 26.8803967996 26.8803967996 26.8803967996 26.8803967996 26.8803967996
15552 16384 17982.006 17982.006 17982.006 28.3398824358 28.3398824358 28.3398824358 28.3398824358 28.3398824358 28.3398824358
17104 8192 14342.07 14342.07 14342.07 19.5391555054 19.5391555054 19.5391555054 19.5391555054 19.5391555054 19.5391555054
18800 8192 16632.08 16632.08 16632.08 18.5195838404 18.5195838404 18.5195838404 18.5195838404 18.5195838404 18.5195838404
20672 8192 12413.025 12413.025 12413.025 27.2850532404 27.2850532404 27.2850532404 27.2850532404 27.2850532404 27.2850532404
22736 8192 12662.888 12662.888 12662.888 29.4171932975 29.4171932975 29.4171932975 29.4171932975 29.4171932975 29.4171932975
25008 8192 14758.11 14758.11 14758.11 27.7631127563 27.7631127563 27.7631127563 27.7631127563 27.7631127563 27.7631127563
27504 8192 15657.902 15657.902 15657.902 28.7794326469 28.7794326469 28.7794326469 28.7794326469 28.7794326469 28.7794326469
30240 8192 22998.095 22998.095 22998.095 21.5431825984 21.5431825984 21.5431825984 21.5431825984 21.5431825984 21.5431825984
33264 4096 12006.044 12006.044 12006.044 22.6967923822 22.6967923822 22.6967923822 22.6967923822 22.6967923822 22.6967923822
36576 4096 14329.91 14329.91 14329.91 20.9094538626 20.9094538626 20.9094538626 20.9094538626 20.9094538626 20.9094538626
40224 4096 15178.919 15178.919 15178.919 21.7087269522 21.7087269522 21.7087269522 21.7087269522 21.7087269522 21.7087269522
44240 4096 17784.834 17784.834 17784.834 20.3777038346 20.3777038346 20.3777038346 20.3777038346 20.3777038346 20.3777038346
48656 4096 14226.913 14226.913 14226.913 28.0166155511 28.0166155511 28.0166155511 28.0166155511 28.0166155511 28.0166155511
53520 4096 18460.989 18460.989 18460.989 23.749314839 23.749314839 23.749314839 23.749314839 23.749314839 23.749314839
58864 4096 24772.882 24772.882 24772.882 19.4653931666 19.4653931666 19.4653931666 19.4653931666 19.4653931666 19.4653931666
64736 4096 28031.826 28031.826 28031.826 18.9184005352 18.9184005352 18.9184005352 18.9184005352 18.9184005352 18.9184005352
71200 2048 14773.846 14773.846 14773.846 19.7399648 19.7399648 19.7399648 19.7399648 19.7399648 19.7399648
78320 2048 13728.142 13728.142 13728.142 23.3679634141 23.3679634141 23.3679634141 23.3679634141 23.3679634141 23.3679634141
86144 2048 12115.002 12115.002 12115.002 29.1247020842 29.1247020842 29.1247020842 29.1247020842 29.1247020842 29.1247020842
94752 2048 13396.978 13396.978 13396.978 28.9695326812 28.9695326812 28.9695326812 28.9695326812 28.9695326812 28.9695326812
104224 2048 14358.997 14358.997 14358.997 29.7305935784 29.7305935784 29.7305935784 29.7305935784 29.7305935784 29.7305935784
114640 2048 15955.925 15955.925 15955.925 29.4289074435 29.4289074435 29.4289074435 29.4289074435 29.4289074435 29.4289074435
126096 2048 17620.087 17620.087 17620.087 29.3125235988 29.3125235988 29.3125235988 29.3125235988 29.3125235988 29.3125235988
138704 1024 9807.11 9807.11 9807.11 28.9652906922 28.9652906922 28.9652906922 28.9652906922 28.9652906922 28.9652906922
152560 1024 18976.212 18976.212 18976.212 16.4649762555 16.4649762555 16.4649762555 16.4649762555 16.4649762555 16.4649762555
167808 1024 14081.001 14081.001 14081.001 24.4067011997 24.4067011997 24.4067011997 24.4067011997 24.4067011997 24.4067011997
184576 1024 12964.964 12964.964 12964.964 29.1563978118 29.1563978118 29.1563978118 29.1563978118 29.1563978118 29.1563978118
203024 1024 14220.953 14220.953 14220.953 29.2380652689 29.2380652689 29.2380652689 29.2380652689 29.2380652689 29.2380652689
223312 1024 22329.092 22329.092 22329.092 20.4819334346 20.4819334346 20.4819334346 20.4819334346 20.4819334346 20.4819334346
245632 1024 21869.898 21869.898 21869.898 23.0021345321 23.0021345321 23.0021345321 23.0021345321 23.0021345321 23.0021345321
270192 512 13004.065 13004.065 13004.065 21.2761631075 21.2761631075 21.2761631075 21.2761631075 21.2761631075 21.2761631075
297200 512 10701.18 10701.18 10701.18 28.4391814734 28.4391814734 28.4391814734 28.4391814734 28.4391814734 28.4391814734
326912 512 15392.065 15392.065 15392.065 21.7487314405 21.7487314405 21.7487314405 21.7487314405 21.7487314405 21.7487314405
359600 512 13710.022 13710.022 13710.022 26.858483524 26.858483524 26.858483524 26.858483524 26.858483524 26.858483524
395552 512 13927.937 13927.937 13927.937 29.0814962762 29.0814962762 29.0814962762 29.0814962762 29.0814962762 29.0814962762
435104 512 17443.895 17443.895 17443.895 25.5416864181 25.5416864181 25.5416864181 25.5416864181 25.5416864181 25.5416864181
478608 512 16520.977 16520.977 16520.977 29.6649884568 29.6649884568 29.6649884568 29.6649884568 29.6649884568 29.6649884568
526464 256 9073.973 9073.973 9073.973 29.7057934821 29.7057934821 29.7057934821 29.7057934821 29.7057934821 29.7057934821
579104 256 10105.848 10105.848 10105.848 29.3395713056 29.3395713056 29.3395713056 29.3395713056 29.3395713056 29.3395713056
637008 256 11098.146 11098.146 11098.146 29.3876198781 29.3876198781 29.3876198781 29.3876198781 29.3876198781 29.3876198781
700704 256 19685.03 19685.03 19685.03 18.2250394335 18.2250394335 18.2250394335 18.2250394335 18.2250394335 18.2250394335
770768 256 20313.978 20313.978 20313.978 19.4266832424 19.4266832424 19.4266832424 19.4266832424 19.4266832424 19.4266832424
847840 256 14815.807 14815.807 14815.807 29.2993881467 29.2993881467 29.2993881467 29.2993881467 29.2993881467 29.2993881467
932624 256 16247.988 16247.988 16247.988 29.3884687753 29.3884687753 29.3884687753 29.3884687753 29.3884687753 29.3884687753
1025872 256 30195.951 30195.951 30195.951 17.3945991633 17.3945991633 17.3945991633 17.3945991633 17.3945991633 17.3945991633
1128448 128 12884.855 12884.855 12884.855 22.4203289831 22.4203289831 22.4203289831 22.4203289831 22.4203289831 22.4203289831
1241280 128 17696.857 17696.857 17696.857 17.9561647585 17.9561647585 17.9561647585 17.9561647585 17.9561647585 17.9561647585
1365408 128 14194.012 14194.012 14194.012 24.6261908191 24.6261908191 24.6261908191 24.6261908191 24.6261908191 24.6261908191
1501936 128 13036.013 13036.013 13036.013 29.494878227 29.494878227 29.494878227 29.494878227 29.494878227 29.494878227
1652128 128 25926.113 25926.113 25926.113 16.3134661953 16.3134661953 16.3134661953 16.3134661953 16.3134661953 16.3134661953
1817328 128 19781.113 19781.113 19781.113 23.5192007649 23.5192007649 23.5192007649 23.5192007649 23.5192007649 23.5192007649
1999056 128 17287.016 17287.016 17287.016 29.6036248246 29.6036248246 29.6036248246 29.6036248246 29.6036248246 29.6036248246
2198960 64 9483.099 9483.099 9483.099 29.6808965086 29.6808965086 29.6808965086 29.6808965086 29.6808965086 29.6808965086
2418848 64 10453.939 10453.939 10453.939 29.6168309381 29.6168309381 29.6168309381 29.6168309381 29.6168309381 29.6168309381
2660720 64 11529.922 11529.922 11529.922 29.5381148285 29.5381148285 29.5381148285 29.5381148285 29.5381148285 29.5381148285
2926784 64 12590.885 12590.885 12590.885 29.753933262 29.753933262 29.753933262 29.753933262 29.753933262 29.753933262
3219456 64 18584.013 18584.013 18584.013 22.1744554311 22.1744554311 22.1744554311 22.1744554311 22.1744554311 22.1744554311
3541392 64 16695.976 16695.976 16695.976 27.1501454003 27.1501454003 27.1501454003 27.1501454003 27.1501454003 27.1501454003
3895520 64 25431.871 25431.871 25431.871 19.6063655718 19.6063655718 19.6063655718 19.6063655718 19.6063655718 19.6063655718
4285072 32 9767.056 9767.056 9767.056 28.0785333882 28.0785333882 28.0785333882 28.0785333882 28.0785333882 28.0785333882
4713568 32 18025.875 18025.875 18025.875 16.735295901 16.735295901 16.735295901 16.735295901 16.735295901 16.735295901
5184912 32 16255.14 16255.14 16255.14 20.4141193493 20.4141193493 20.4141193493 20.4141193493 20.4141193493 20.4141193493
5703392 32 26293.039 26293.039 26293.039 13.8826511458 13.8826511458 13.8826511458 13.8826511458 13.8826511458 13.8826511458
6273728 32 38480.997 38480.997 38480.997 10.4342044984 10.4342044984 10.4342044984 10.4342044984 10.4342044984 10.4342044984
6901088 32 50697.803 50697.803 50697.803 8.7118100956 8.7118100956 8.7118100956 8.7118100956 8.7118100956 8.7118100956
7591184 32 56582.928 56582.928 56582.928 8.58626078877 8.58626078877 8.58626078877 8.58626078877 8.58626078877 8.58626078877
8350288 32 65068.007 65068.007 65068.007 8.21322884532 8.21322884532 8.21322884532 8.21322884532 8.21322884532 8.21322884532
9185312 16 38054.943 38054.943 38054.943 7.72383193426 7.72383193426 7.72383193426 7.72383193426 7.72383193426 7.72383193426
10103840 16 37673.95 37673.95 37673.95 8.58213380864 8.58213380864 8.58213380864 8.58213380864 8.58213380864 8.58213380864
11114224 16 41338.921 41338.921 41338.921 8.60339746168 8.60339746168 8.60339746168 8.60339746168 8.60339746168 8.60339746168
12225632 16 44995.07 44995.07 44995.07 8.69473531211 8.69473531211 8.69473531211 8.69473531211 8.69473531211 8.69473531211
13448192 16 51464.081 51464.081 51464.081 8.3619902588 8.3619902588 8.3619902588 8.3619902588 8.3619902588 8.3619902588
14793008 16 54366.112 54366.112 54366.112 8.70719348112 8.70719348112 8.70719348112 8.70719348112 8.70719348112 8.70719348112
16272304 16 60604.095 60604.095 60604.095 8.59205517383 8.59205517383 8.59205517383 8.59205517383 8.59205517383 8.59205517383
17899520 8 32313.824 32313.824 32313.824 8.86284210745 8.86284210745 8.86284210745 8.86284210745 8.86284210745 8.86284210745
19689472 8 36747.932 36747.932 36747.932 8.57276953707 8.57276953707 8.57276953707 8.57276953707 8.57276953707 8.57276953707
21658416 8 38678.885 38678.885 38678.885 8.95927211966 8.95927211966 8.95927211966 8.95927211966 8.95927211966 8.95927211966
23824256 8 46082.973 46082.973 46082.973 8.27177743068 8.27177743068 8.27177743068 8.27177743068 8.27177743068 8.27177743068
26206672 8 53961.039 53961.039 53961.039 7.77054630101 7.77054630101 7.77054630101 7.77054630101 7.77054630101 7.77054630101
28827328 8 52659.988 52659.988 52659.988 8.75877996782 8.75877996782 8.75877996782 8.75877996782 8.75877996782 8.75877996782
31710048 8 51502.943 51502.943 51502.943 9.85110245059 9.85110245059 9.85110245059 9.85110245059 9.85110245059 9.85110245059
34881040 4 20941.019 20941.019 20941.019 13.3254413264 13.3254413264 13.3254413264 13.3254413264 13.3254413264 13.3254413264
38369136 4 23199.081 23199.081 23199.081 13.2312606693 13.2312606693 13.2312606693 13.2312606693 13.2312606693 13.2312606693
42206048 4 25453.806 25453.806 25453.806 13.2651432953 13.2651432953 13.2651432953 13.2651432953 13.2651432953 13.2651432953
46426640 4 29694.796 29694.796 29694.796 12.5076838379 12.5076838379 12.5076838379 12.5076838379 12.5076838379 12.5076838379
51069296 4 31513.929 31513.929 31513.929 12.9642472698 12.9642472698 12.9642472698 12.9642472698 12.9642472698 12.9642472698
56176224 4 36265.135 36265.135 36265.135 12.3923374889 12.3923374889 12.3923374889 12.3923374889 12.3923374889 12.3923374889
61793840 4 42190.075 42190.075 42190.075 11.7172278077 11.7172278077 11.7172278077 11.7172278077 11.7172278077 11.7172278077
67973216 2 21264.076 21264.076 21264.076 12.7864885359 12.7864885359 12.7864885359 12.7864885359 12.7864885359 12.7864885359
74770528 2 22974.014 22974.014 22974.014 13.0182784776 13.0182784776 13.0182784776 13.0182784776 13.0182784776 13.0182784776
82247568 2 26424.885 26424.885 26424.885 12.4500171713 12.4500171713 12.4500171713 12.4500171713 12.4500171713 12.4500171713
90472320 2 27837.992 27837.992 27837.992 12.9998341834 12.9998341834 12.9998341834 12.9998341834 12.9998341834 12.9998341834
99519552 2 30985.832 30985.832 30985.832 12.8471040571 12.8471040571 12.8471040571 12.8471040571 12.8471040571 12.8471040571
109471504 2 33975.84 33975.84 33975.84 12.8881586445 12.8881586445 12.8881586445 12.8881586445 12.8881586445 12.8881586445
120418640 2 37137.032 37137.032 37137.032 12.9701953565 12.9701953565 12.9701953565 12.9701953565 12.9701953565 12.9701953565
132460496 2 44024.944 44024.944 44024.944 12.0350404989 12.0350404989 12.0350404989 12.0350404989 12.0350404989 12.0350404989
145706544 1 22575.14 22575.14 22575.14 12.908583867 12.908583867 12.908583867 12.908583867 12.908583867 12.908583867
160277184 1 26231.05 26231.05 26231.05 12.2204169486 12.2204169486 12.2204169486 12.2204169486 12.2204169486 12.2204169486
176304896 1 28398.037 28398.037 28398.037 12.416695985 12.416695985 12.416695985 12.416695985 12.416695985 12.416695985
193935376 1 29489.994 29489.994 29489.994 13.1526222759 13.1526222759 13.1526222759 13.1526222759 13.1526222759 13.1526222759
213328912 1 36740.065 36740.065 36740.065 11.612876134 11.612876134 11.612876134 11.612876134 11.612876134 11.612876134
234661792 1 37056.923 37056.923 37056.923 12.6649366975 12.6649366975 12.6649366975 12.6649366975 12.6649366975 12.6649366975
258127968 1 40280.104 40280.104 40280.104 12.816648537 12.816648537 12.816648537 12.816648537 12.816648537 12.816648537

META_DATA
ERT_VERSION  1.1.0
UNAME  ('Linux', '5a481ab6924f', '5.4.72-microsoft-standard-WSL2', '#1 SMP Wed Oct 28 23:40:43 UTC 2020', 'x86_64', 'x86_64')
OPENMP_THREADS 2
HOSTNAME  ('5a481ab6924f', [], ['172.17.0.4'])
TIMESTAMP_DATA  1620609666.05
FLOPS          16
CONFIG  {'ERT_WORKING_SET_MIN': ['1'], 'ERT_CFLAGS': ['-Ofast', '-march=native'], 'ERT_CC': ['cc'], 'ERT_MPI_CFLAGS': [], 'ERT_MPI_LDFLAGS': [], 'ERT_MEMORY_MAX': ['268435456', '#', '256MB'], 'ERT_LDFLAGS': [], 'ERT_LDLIBS': [], 'ERT_RUN': ['export', 'OMP_NUM_THREADS=ERT_OPENMP_THREADS', ';', './ERT_CODE'], 'ERT_FLOPS': ['1,4,16,64'], 'ERT_OPENMP_CFLAGS': ['-fopenmp'], 'ERT_MPI': ['False'], 'ERT_TRIALS_MIN': ['1'], 'ERT_DRIVER': ['driver1'], 'ERT_RESULTS': ['OpenMP_2'], 'ERT_OPENMP': ['True'], 'ERT_OPENMP_THREADS': ['1,2'], 'ERT_KERNEL': ['kernel1'], 'ERT_GPU': [False], 'ERT_LD': ['cc'], 'ERT_NUM_EXPERIMENTS': ['1'], 'ERT_OPENMP_LDFLAGS': ['-fopenmp'], 'ERT_ALIGN': ['64'], 'ERT_GNUPLOT': ['gnuplot']}
