8 67108864 289657.116 289657.116 289657.116 3.70694094738 3.70694094738 3.70694094738 0.926735236845 0.926735236845 0.926735236845
16 33554432 144109.964 144109.964 144109.964 7.45085068511 7.45085068511 7.45085068511 1.86271267128 1.86271267128 1.86271267128
24 16777216 73705.912 73705.912 73705.912 10.9259399436 10.9259399436 10.9259399436 2.7314849859 2.7314849859 2.7314849859
32 16777216 72321.177 72321.177 72321.177 14.8468521744 14.8468521744 14.8468521744 3.71171304361 3.71171304361 3.71171304361
40 8388608 36111.832 36111.832 36111.832 18.5836221214 18.5836221214 18.5836221214 4.64590553035 4.64590553035 4.64590553035
48 8388608 36308.05 36308.05 36308.05 22.1798297623 22.1798297623 22.1798297623 5.54495744057 5.54495744057 5.54495744057
56 8388608 36699.057 36699.057 36699.057 25.6007694149 25.6007694149 25.6007694149 6.40019235372 6.40019235372 6.40019235372
64 8388608 36956.072 36956.072 36956.072 29.0545441085 29.0545441085 29.0545441085 7.26363602712 7.26363602712 7.26363602712
72 4194304 18779.993 18779.993 18779.993 32.1608094316 32.1608094316 32.1608094316 8.0402023579 8.0402023579 8.0402023579
80 4194304 19585.133 19585.133 19585.133 34.2652071855 34.2652071855 34.2652071855 8.56630179637 8.56630179637 8.56630179637
88 4194304 21156.073 21156.073 21156.073 34.8929361323 34.8929361323 34.8929361323 8.72323403308 8.72323403308 8.72323403308
96 4194304 24010.897 24010.897 24010.897 33.539203804 33.539203804 33.539203804 8.384800951 8.384800951 8.384800951
104 4194304 24806.976 24806.976 24806.976 35.1681410906 35.1681410906 35.1681410906 8.79203527266 8.79203527266 8.79203527266
112 4194304 26428.938 26428.938 26428.938 35.549067314 35.549067314 35.549067314 8.8872668285 8.8872668285 8.8872668285
120 4194304 27825.117 27825.117 27825.117 36.1771330557 36.1771330557 36.1771330557 9.04428326393 9.04428326393 9.04428326393
128 4194304 20058.155 20058.155 20058.155 53.5314351694 53.5314351694 53.5314351694 13.3828587923 13.3828587923 13.3828587923
136 2097152 10782.003 10782.003 10782.003 52.9053223228 52.9053223228 52.9053223228 13.2263305807 13.2263305807 13.2263305807
144 2097152 10164.976 10164.976 10164.976 59.4177276956 59.4177276956 59.4177276956 14.8544319239 14.8544319239 14.8544319239
152 2097152 10365.963 10365.963 10365.963 61.5026513214 61.5026513214 61.5026513214 15.3756628304 15.3756628304 15.3756628304
160 2097152 11490.822 11490.822 11490.822 58.4021439023 58.4021439023 58.4021439023 14.6005359756 14.6005359756 14.6005359756
176 2097152 10421.991 10421.991 10421.991 70.8307562346 70.8307562346 70.8307562346 17.7076890586 17.7076890586 17.7076890586
192 2097152 14502.048 14502.048 14502.048 55.5305269987 55.5305269987 55.5305269987 13.8826317497 13.8826317497 13.8826317497
208 2097152 14436.96 14436.96 14436.96 60.4292892687 60.4292892687 60.4292892687 15.1073223172 15.1073223172 15.1073223172
224 2097152 14891.148 14891.148 14891.148 63.0927915027 63.0927915027 63.0927915027 15.7731978757 15.7731978757 15.7731978757
240 2097152 23947.001 23947.001 23947.001 42.0358674558 42.0358674558 42.0358674558 10.508966864 10.508966864 10.508966864
264 1048576 6179.094 6179.094 6179.094 89.6002112931 89.6002112931 89.6002112931 22.4000528233 22.4000528233 22.4000528233
288 1048576 7088.9 7088.9 7088.9 85.2007752966 85.2007752966 85.2007752966 21.3001938241 21.3001938241 21.3001938241
312 1048576 7784.128 7784.128 7784.128 84.0571254738 84.0571254738 84.0571254738 21.0142813684 21.0142813684 21.0142813684
336 1048576 8523.941 8523.941 8523.941 82.6663478783 82.6663478783 82.6663478783 20.6665869696 20.6665869696 20.6665869696
368 1048576 9749.889 9749.889 9749.889 79.1549458666 79.1549458666 79.1549458666 19.7887364666 19.7887364666 19.7887364666
400 1048576 6637.096 6637.096 6637.096 126.389734305 126.389734305 126.389734305 31.5974335764 31.5974335764 31.5974335764
440 1048576 8141.041 8141.041 8141.041 113.345072209 113.345072209 113.345072209 28.3362680522 28.3362680522 28.3362680522
480 1048576 10197.163 10197.163 10197.163 98.7169627474 98.7169627474 98.7169627474 24.6792406868 24.6792406868 24.6792406868
528 524288 4308.939 4308.939 4308.939 128.488272403 128.488272403 128.488272403 32.1220681008 32.1220681008 32.1220681008
576 524288 5046.129 5046.129 5046.129 119.691703482 119.691703482 119.691703482 29.9229258705 29.9229258705 29.9229258705
632 524288 6350.04 6350.04 6350.04 104.361552368 104.361552368 104.361552368 26.090388092 26.090388092 26.090388092
688 524288 5833.149 5833.149 5833.149 123.675957532 123.675957532 123.675957532 30.9189893829 30.9189893829 30.9189893829
752 524288 6922.007 6922.007 6922.007 113.916260414 113.916260414 113.916260414 28.4790651035 28.4790651035 28.4790651035
824 524288 6958.961 6958.961 6958.961 124.16029117 124.16029117 124.16029117 31.0400727925 31.0400727925 31.0400727925
904 524288 7258.892 7258.892 7258.892 130.586417872 130.586417872 130.586417872 32.646604468 32.646604468 32.646604468
992 524288 8577.108 8577.108 8577.108 121.274839025 121.274839025 121.274839025 30.3187097562 30.3187097562 30.3187097562
1088 262144 4502.058 4502.058 4502.058 126.70324194 126.70324194 126.70324194 31.6758104849 31.6758104849 31.6758104849
1192 262144 4969.835 4969.835 4969.835 125.748902328 125.748902328 125.748902328 31.4372255819 31.4372255819 31.4372255819
1304 262144 5349.159 5349.159 5349.159 127.809166263 127.809166263 127.809166263 31.9522915658 31.9522915658 31.9522915658
1432 262144 5694.866 5694.866 5694.866 131.834606117 131.834606117 131.834606117 32.9586515293 32.9586515293 32.9586515293
1568 262144 6356.955 6356.955 6356.955 129.32034032 129.32034032 129.32034032 32.33008508 32.33008508 32.33008508
1720 262144 7045.984 7045.984 7045.984 127.98430425 127.98430425 127.98430425 31.9960760626 31.9960760626 31.9960760626
1888 262144 8646.965 8646.965 8646.965 114.474355337 114.474355337 114.474355337 28.6185888343 28.6185888343 28.6185888343
2072 131072 5087.852 5087.852 5087.852 106.756715408 106.756715408 106.756715408 26.6891788519 26.6891788519 26.6891788519
2272 131072 4710.913 4710.913 4710.913 126.42797012 126.42797012 126.42797012 31.6069925299 31.6069925299 31.6069925299
2496 131072 5038.977 5038.977 5038.977 129.850051707 129.850051707 129.850051707 32.4625129267 32.4625129267 32.4625129267
2744 131072 5592.108 5592.108 5592.108 128.631839013 128.631839013 128.631839013 32.1579597533 32.1579597533 32.1579597533
3016 131072 6103.039 6103.039 6103.039 129.546329951 129.546329951 129.546329951 32.3865824878 32.3865824878 32.3865824878
3312 131072 6731.033 6731.033 6731.033 128.987768742 128.987768742 128.987768742 32.2469421855 32.2469421855 32.2469421855
3640 131072 7295.847 7295.847 7295.847 130.787304065 130.787304065 130.787304065 32.6968260162 32.6968260162 32.6968260162
4000 131072 8249.044 8249.044 8249.044 127.114851127 127.114851127 127.114851127 31.7787127817 31.7787127817 31.7787127817
4400 65536 5326.033 5326.033 5326.033 108.282618602 108.282618602 108.282618602 27.0706546505 27.0706546505 27.0706546505
4840 65536 5303.144 5303.144 5303.144 119.624977183 119.624977183 119.624977183 29.9062442958 29.9062442958 29.9062442958
5320 65536 5707.026 5707.026 5707.026 122.183259722 122.183259722 122.183259722 30.5458149306 30.5458149306 30.5458149306
5848 65536 6194.83 6194.83 6194.83 123.733670819 123.733670819 123.733670819 30.9334177048 30.9334177048 30.9334177048
6432 65536 6699.085 6699.085 6699.085 125.846306473 125.846306473 125.846306473 31.4615766183 31.4615766183 31.4615766183
7072 65536 7510.9 7510.9 7510.9 123.412797934 123.412797934 123.412797934 30.8531994834 30.8531994834 30.8531994834
7776 65536 8057.833 8057.833 8057.833 126.487589405 126.487589405 126.487589405 31.6218973513 31.6218973513 31.6218973513
8552 32768 5242.109 5242.109 5242.109 106.91572266 106.91572266 106.91572266 26.7289306651 26.7289306651 26.7289306651
9400 32768 5035.162 5035.162 5035.162 122.347284953 122.347284953 122.347284953 30.5868212383 30.5868212383 30.5868212383
10336 32768 5411.863 5411.863 5411.863 125.165787826 125.165787826 125.165787826 31.2914469564 31.2914469564 31.2914469564
11368 32768 5965.948 5965.948 5965.948 124.877596654 124.877596654 124.877596654 31.2193991634 31.2193991634 31.2193991634
12504 32768 6659.031 6659.031 6659.031 123.060268679 123.060268679 123.060268679 30.7650671697 30.7650671697 30.7650671697
13752 32768 7252.932 7252.932 7252.932 124.260240135 124.260240135 124.260240135 31.0650600337 31.0650600337 31.0650600337
15120 32768 7843.971 7843.971 7843.971 126.326871938 126.326871938 126.326871938 31.5817179844 31.5817179844 31.5817179844
16632 16384 4381.895 4381.895 4381.895 124.374814093 124.374814093 124.374814093 31.0937035232 31.0937035232 31.0937035232
18288 16384 5990.982 5990.982 5990.982 100.027204889 100.027204889 100.027204889 25.0068012222 25.0068012222 25.0068012222
20112 16384 5228.043 5228.043 5228.043 126.056732127 126.056732127 126.056732127 31.5141830318 31.5141830318 31.5141830318
22120 16384 5831.003 5831.003 5831.003 124.305914437 124.305914437 124.305914437 31.0764786093 31.0764786093 31.0764786093
24328 16384 6335.02 6335.02 6335.02 125.836998778 125.836998778 125.836998778 31.4592496946 31.4592496946 31.4592496946
26760 16384 7041.931 7041.931 7041.931 124.521481395 124.521481395 124.521481395 31.1303703487 31.1303703487 31.1303703487
29432 16384 7887.125 7887.125 7887.125 122.27874872 122.27874872 122.27874872 30.5696871801 30.5696871801 30.5696871801
32368 16384 8566.141 8566.141 8566.141 123.817086831 123.817086831 123.817086831 30.9542717076 30.9542717076 30.9542717076
35600 8192 6788.969 6788.969 6788.969 85.9144297168 85.9144297168 85.9144297168 21.4786074292 21.4786074292 21.4786074292
39160 8192 9761.81 9761.81 9761.81 65.7252538208 65.7252538208 65.7252538208 16.4313134552 16.4313134552 16.4313134552
43072 8192 8850.098 8850.098 8850.098 79.7382862879 79.7382862879 79.7382862879 19.934571572 19.934571572 19.934571572
47376 8192 9202.003 9202.003 9202.003 84.3521116001 84.3521116001 84.3521116001 21.0880279 21.0880279 21.0880279
52112 8192 10773.897 10773.897 10773.897 79.2473705661 79.2473705661 79.2473705661 19.8118426415 19.8118426415 19.8118426415
57320 8192 15594.006 15594.006 15594.006 60.2238372872 60.2238372872 60.2238372872 15.0559593218 15.0559593218 15.0559593218
63048 8192 15887.022 15887.022 15887.022 65.0202682416 65.0202682416 65.0202682416 16.2550670604 16.2550670604 16.2550670604
69352 4096 5230.904 5230.904 5230.904 108.610592739 108.610592739 108.610592739 27.1526481847 27.1526481847 27.1526481847
76280 4096 5646.944 5646.944 5646.944 110.659103402 110.659103402 110.659103402 27.6647758504 27.6647758504 27.6647758504
83904 4096 10349.989 10349.989 10349.989 66.4098839139 66.4098839139 66.4098839139 16.6024709785 16.6024709785 16.6024709785
92288 4096 12598.038 12598.038 12598.038 60.011193489 60.011193489 60.011193489 15.0027983723 15.0027983723 15.0027983723
101512 4096 11085.987 11085.987 11085.987 75.0123831103 75.0123831103 75.0123831103 18.7530957776 18.7530957776 18.7530957776
111656 4096 8774.996 8774.996 8774.996 104.237762843 104.237762843 104.237762843 26.0594407109 26.0594407109 26.0594407109
122816 4096 9107.828 9107.828 9107.828 110.466367173 110.466367173 110.466367173 27.6165917933 27.6165917933 27.6165917933
135096 2048 4993.916 4993.916 4993.916 110.805471297 110.805471297 110.805471297 27.7013678244 27.7013678244 27.7013678244
148600 2048 6280.899 6280.899 6280.899 96.9074013131 96.9074013131 96.9074013131 24.2268503283 24.2268503283 24.2268503283
163456 2048 7025.003 7025.003 7025.003 95.3046960976 95.3046960976 95.3046960976 23.8261740244 23.8261740244 23.8261740244
179800 2048 6760.12 6760.12 6760.12 108.941971444 108.941971444 108.941971444 27.2354928611 27.2354928611 27.2354928611
197776 2048 7446.051 7446.051 7446.051 108.794647794 108.794647794 108.794647794 27.1986619485 27.1986619485 27.1986619485
217552 2048 7879.019 7879.019 7879.019 113.096946714 113.096946714 113.096946714 28.2742366784 28.2742366784 28.2742366784
239304 2048 8741.856 8741.856 8741.856 112.125981485 112.125981485 112.125981485 28.0314953712 28.0314953712 28.0314953712
263232 1024 4865.17 4865.17 4865.17 110.807872284 110.807872284 110.807872284 27.701968071 27.701968071 27.701968071
289552 1024 6350.04 6350.04 6350.04 93.3856315866 93.3856315866 93.3856315866 23.3464078966 23.3464078966 23.3464078966
318504 1024 6087.065 6087.065 6087.065 107.161036066 107.161036066 107.161036066 26.7902590165 26.7902590165 26.7902590165
350352 1024 6626.844 6626.844 6626.844 108.27490371 108.27490371 108.27490371 27.0687259275 27.0687259275 27.0687259275
385384 1024 7120.848 7120.848 7120.848 110.838825938 110.838825938 110.838825938 27.7097064844 27.7097064844 27.7097064844
423920 1024 7816.076 7816.076 7816.076 111.077241316 111.077241316 111.077241316 27.7693103291 27.7693103291 27.7693103291
466312 1024 8543.968 8543.968 8543.968 111.775579684 111.775579684 111.775579684 27.943894921 27.943894921 27.943894921
512936 1024 9627.104 9627.104 9627.104 109.118269419 109.118269419 109.118269419 27.2795673548 27.2795673548 27.2795673548
564224 512 5344.868 5344.868 5344.868 108.097220736 108.097220736 108.097220736 27.024305184 27.024305184 27.024305184
620640 512 5836.964 5836.964 5836.964 108.881151229 108.881151229 108.881151229 27.2202878072 27.2202878072 27.2202878072
682704 512 6743.908 6743.908 6743.908 103.662282463 103.662282463 103.662282463 25.9155706157 25.9155706157 25.9155706157
750968 512 7205.963 7205.963 7205.963 106.715956216 106.715956216 106.715956216 26.6789890539 26.6789890539 26.6789890539
826064 512 8109.093 8109.093 8109.093 104.313705121 104.313705121 104.313705121 26.0784262802 26.0784262802 26.0784262802
908664 512 8727.789 8727.789 8727.789 106.610269336 106.610269336 106.610269336 26.6525673341 26.6525673341 26.6525673341
999528 512 9576.797 9576.797 9576.797 106.874633763 106.874633763 106.874633763 26.7186584408 26.7186584408 26.7186584408
1099480 256 5322.933 5322.933 5322.933 105.756311417 105.756311417 105.756311417 26.4390778543 26.4390778543 26.4390778543
1209424 256 5675.077 5675.077 5675.077 109.113072475 109.113072475 109.113072475 27.2782681187 27.2782681187 27.2782681187
1330360 256 7137.06 7137.06 7137.06 95.4376620065 95.4376620065 95.4376620065 23.8594155016 23.8594155016 23.8594155016
1463392 256 7225.037 7225.037 7225.037 103.702818961 103.702818961 103.702818961 25.9257047403 25.9257047403 25.9257047403
1609728 256 8119.106 8119.106 8119.106 101.511266881 101.511266881 101.511266881 25.3778167202 25.3778167202 25.3778167202
1770696 256 9021.044 9021.044 9021.044 100.49794148 100.49794148 100.49794148 25.12448537 25.12448537 25.12448537
1947760 256 10500.908 10500.908 10500.908 94.9682751244 94.9682751244 94.9682751244 23.7420687811 23.7420687811 23.7420687811
2142536 128 7036.924 7036.924 7036.924 77.9444564131 77.9444564131 77.9444564131 19.4861141033 19.4861141033 19.4861141033
2356784 128 8938.074 8938.074 8938.074 67.5018694184 67.5018694184 67.5018694184 16.8754673546 16.8754673546 16.8754673546
2592456 128 12231.112 12231.112 12231.112 54.2607030334 54.2607030334 54.2607030334 13.5651757583 13.5651757583 13.5651757583
2851696 128 17143.011 17143.011 17143.011 42.5849447335 42.5849447335 42.5849447335 10.6462361834 10.6462361834 10.6462361834
3136864 128 122763.872 122763.872 122763.872 6.54131521691 6.54131521691 6.54131521691 1.63532880423 1.63532880423 1.63532880423
3450544 128 58423.996 58423.996 58423.996 15.1194598877 15.1194598877 15.1194598877 3.77986497192 3.77986497192 3.77986497192
3795592 128 24441.004 24441.004 24441.004 39.755795302 39.755795302 39.755795302 9.93894882551 9.93894882551 9.93894882551
4175144 128 50938.129 50938.129 50938.129 20.9830412892 20.9830412892 20.9830412892 5.24576032229 5.24576032229 5.24576032229
4592656 64 31780.005 31780.005 31780.005 18.4977934396 18.4977934396 18.4977934396 4.6244483599 4.6244483599 4.6244483599
5051920 64 58599.949 58599.949 58599.949 11.034920184 11.034920184 11.034920184 2.75873004599 2.75873004599 2.75873004599
5557112 64 65185.07 65185.07 65185.07 10.9121664823 10.9121664823 10.9121664823 2.72804162057 2.72804162057 2.72804162057
6112816 64 60000.181 60000.181 60000.181 13.0406347941 13.0406347941 13.0406347941 3.26015869852 3.26015869852 3.26015869852
6724096 64 64511.776 64511.776 64511.776 13.3415066421 13.3415066421 13.3415066421 3.33537666053 3.33537666053 3.33537666053
7396504 64 71182.013 71182.013 71182.013 13.3004458865 13.3004458865 13.3004458865 3.32511147163 3.32511147163 3.32511147163
8136152 64 91536.045 91536.045 91536.045 11.3772389445 11.3772389445 11.3772389445 2.84430973613 2.84430973613 2.84430973613
8949760 32 43622.017 43622.017 43622.017 13.1306317175 13.1306317175 13.1306317175 3.28265792937 3.28265792937 3.28265792937
9844736 32 48449.993 48449.993 48449.993 13.0044003102 13.0044003102 13.0044003102 3.25110007756 3.25110007756 3.25110007756
10829208 32 53825.14 53825.14 53825.14 12.8763122957 12.8763122957 12.8763122957 3.21907807393 3.21907807393 3.21907807393
11912128 32 56797.028 56797.028 56797.028 13.4228183911 13.4228183911 13.4228183911 3.35570459778 3.35570459778 3.35570459778
13103336 32 67070.961 67070.961 67070.961 12.5033768936 12.5033768936 12.5033768936 3.1258442234 3.1258442234 3.1258442234
14413664 32 72848.082 72848.082 72848.082 12.6629894799 12.6629894799 12.6629894799 3.16574736999 3.16574736999 3.16574736999
15855024 32 114646.912 114646.912 114646.912 8.8508405355 8.8508405355 8.8508405355 2.21271013388 2.21271013388 2.21271013388
17440520 16 62047.958 62047.958 62047.958 8.99460124054 8.99460124054 8.99460124054 2.24865031014 2.24865031014 2.24865031014
19184568 16 65649.986 65649.986 65649.986 9.35120041 9.35120041 9.35120041 2.3378001025 2.3378001025 2.3378001025
21103024 16 70842.981 70842.981 70842.981 9.53230310848 9.53230310848 9.53230310848 2.38307577712 2.38307577712 2.38307577712
23213320 16 63388.824 63388.824 63388.824 11.7185679293 11.7185679293 11.7185679293 2.92964198232 2.92964198232 2.92964198232
25534648 16 65739.87 65739.87 65739.87 12.4294242748 12.4294242748 12.4294242748 3.1073560687 3.1073560687 3.1073560687
28088112 16 62391.043 62391.043 62391.043 14.406227894 14.406227894 14.406227894 3.60155697349 3.60155697349 3.60155697349
30896920 16 62983.036 62983.036 62983.036 15.697900622 15.697900622 15.697900622 3.9244751555 3.9244751555 3.9244751555
33986608 8 35466.909 35466.909 35466.909 15.3321996005 15.3321996005 15.3321996005 3.83304990012 3.83304990012 3.83304990012
37385264 8 43182.85 43182.85 43182.85 13.8518931474 13.8518931474 13.8518931474 3.46297328685 3.46297328685 3.46297328685
41123784 8 47380.924 47380.924 47380.924 13.887034875 13.887034875 13.887034875 3.47175871876 3.47175871876 3.47175871876
45236160 8 45817.852 45817.852 45817.852 15.7968679981 15.7968679981 15.7968679981 3.94921699952 3.94921699952 3.94921699952
49759776 8 47656.059 47656.059 47656.059 16.7062999481 16.7062999481 16.7062999481 4.17657498703 4.17657498703 4.17657498703
54735752 8 51712.036 51712.036 51712.036 16.9355550418 16.9355550418 16.9355550418 4.23388876044 4.23388876044 4.23388876044
60209320 8 55952.072 55952.072 55952.072 17.2173984906 17.2173984906 17.2173984906 4.30434962266 4.30434962266 4.30434962266
66230248 8 66628.933 66628.933 66628.933 15.9042614115 15.9042614115 15.9042614115 3.97606535287 3.97606535287 3.97606535287
72853272 4 33710.003 33710.003 33710.003 17.2894133531 17.2894133531 17.2894133531 4.32235333827 4.32235333827 4.32235333827
80138592 4 36484.957 36484.957 36484.957 17.5718649196 17.5718649196 17.5718649196 4.39296622989 4.39296622989 4.39296622989
88152448 4 39784.908 39784.908 39784.908 17.7258065797 17.7258065797 17.7258065797 4.43145164493 4.43145164493 4.43145164493
96967688 4 42845.964 42845.964 42845.964 18.1053576948 18.1053576948 18.1053576948 4.52633942371 4.52633942371 4.52633942371
106664456 4 48835.039 48835.039 48835.039 17.4734302557 17.4734302557 17.4734302557 4.36835756392 4.36835756392 4.36835756392
117330896 4 179214.001 179214.001 179214.001 5.23757721362 5.23757721362 5.23757721362 1.30939430341 1.30939430341 1.30939430341
129063984 4 81505.06 81505.06 81505.06 12.6680708167 12.6680708167 12.6680708167 3.16701770418 3.16701770418 3.16701770418
141970376 2 44832.945 44832.945 44832.945 12.6666116625 12.6666116625 12.6666116625 3.16665291562 3.16665291562 3.16665291562
156167408 2 53187.132 53187.132 53187.132 11.7447511928 11.7447511928 11.7447511928 2.93618779821 2.93618779821 2.93618779821
171784144 2 66699.982 66699.982 66699.982 10.3019004713 10.3019004713 10.3019004713 2.57547511782 2.57547511782 2.57547511782
188962552 2 52621.841 52621.841 52621.841 14.3638115588 14.3638115588 14.3638115588 3.59095288969 3.59095288969 3.59095288969
207858800 2 57806.015 57806.015 57806.015 14.3831952436 14.3831952436 14.3831952436 3.5957988109 3.5957988109 3.5957988109
228644680 2 63935.041 63935.041 63935.041 14.3048116603 14.3048116603 14.3048116603 3.57620291508 3.57620291508 3.57620291508
251509144 2 68575.859 68575.859 68575.859 14.6704188715 14.6704188715 14.6704188715 3.66760471786 3.66760471786 3.66760471786
276660056 1 39689.064 39689.064 39689.064 13.941374682 13.941374682 13.941374682 3.48534367049 3.48534367049 3.48534367049
304326056 1 45665.026 45665.026 45665.026 13.3286272956 13.3286272956 13.3286272956 3.33215682391 3.33215682391 3.33215682391
334758656 1 57969.093 57969.093 57969.093 11.5495564507 11.5495564507 11.5495564507 2.88738911268 2.88738911268 2.88738911268
368234520 1 53304.911 53304.911 53304.911 13.8161573893 13.8161573893 13.8161573893 3.45403934733 3.45403934733 3.45403934733
405057968 1 52892.923 52892.923 52892.923 15.3161498751 15.3161498751 15.3161498751 3.82903746877 3.82903746877 3.82903746877
445563760 1 50313.95 50313.95 50313.95 17.7113408905 17.7113408905 17.7113408905 4.42783522264 4.42783522264 4.42783522264
490120136 1 55986.881 55986.881 55986.881 17.508392225 17.508392225 17.508392225 4.37709805624 4.37709805624 4.37709805624

META_DATA
ERT_VERSION  1.1.0
HOSTNAME  ('e828f4ff7df7', [], ['172.17.0.2'])
OPENMP_THREADS 1
CONFIG  {'ERT_WORKING_SET_MIN': ['1'], 'ERT_CFLAGS': ['-Ofast', '-march=native'], 'ERT_CC': ['cc'], 'ERT_MPI_CFLAGS': [], 'ERT_MPI_LDFLAGS': [], 'ERT_MEMORY_MAX': ['536870912', '#', '512MB'], 'ERT_LDFLAGS': [], 'ERT_LDLIBS': [], 'ERT_RUN': ['export', 'OMP_NUM_THREADS=ERT_OPENMP_THREADS', ';', './ERT_CODE'], 'ERT_FLOPS': ['1,4,16,64'], 'ERT_OPENMP_CFLAGS': ['-fopenmp'], 'ERT_MPI': ['False'], 'ERT_TRIALS_MIN': ['1'], 'ERT_DRIVER': ['driver1'], 'ERT_RESULTS': ['OpenMP_4'], 'ERT_OPENMP': ['True'], 'ERT_OPENMP_THREADS': ['1,2,4'], 'ERT_KERNEL': ['kernel1'], 'ERT_GPU': [False], 'ERT_LD': ['cc'], 'ERT_NUM_EXPERIMENTS': ['1'], 'ERT_OPENMP_LDFLAGS': ['-fopenmp'], 'ERT_ALIGN': ['64'], 'ERT_GNUPLOT': ['gnuplot']}
FLOPS          4
UNAME  ('Linux', 'e828f4ff7df7', '5.4.72-microsoft-standard-WSL2', '#1 SMP Wed Oct 28 23:40:43 UTC 2020', 'x86_64', 'x86_64')
TIMESTAMP_DATA  1620700515.35
