8 67108864 781273.842 781273.842 781273.842 1.37434759271 1.37434759271 1.37434759271 1.37434759271 1.37434759271 1.37434759271
16 33554432 397679.09 397679.09 397679.09 2.70002082332 2.70002082332 2.70002082332 2.70002082332 2.70002082332 2.70002082332
24 16777216 212287.903 212287.903 212287.903 3.79346329499 3.79346329499 3.79346329499 3.79346329499 3.79346329499 3.79346329499
32 16777216 197211.027 197211.027 197211.027 5.44463380336 5.44463380336 5.44463380336 5.44463380336 5.44463380336 5.44463380336
40 8388608 100500.107 100500.107 100500.107 6.6774917961 6.6774917961 6.6774917961 6.6774917961 6.6774917961 6.6774917961
48 8388608 100437.164 100437.164 100437.164 8.01801181881 8.01801181881 8.01801181881 8.01801181881 8.01801181881 8.01801181881
56 8388608 97923.04 97923.04 97923.04 9.59451520296 9.59451520296 9.59451520296 9.59451520296 9.59451520296 9.59451520296
64 8388608 99634.171 99634.171 99634.171 10.7768430572 10.7768430572 10.7768430572 10.7768430572 10.7768430572 10.7768430572
72 4194304 52373.886 52373.886 52373.886 11.5320787157 11.5320787157 11.5320787157 11.5320787157 11.5320787157 11.5320787157
80 4194304 52210.093 52210.093 52210.093 12.8536189353 12.8536189353 12.8536189353 12.8536189353 12.8536189353 12.8536189353
88 4194304 52978.992 52978.992 52978.992 13.9337778265 13.9337778265 13.9337778265 13.9337778265 13.9337778265 13.9337778265
96 4194304 50427.914 50427.914 50427.914 15.9694562817 15.9694562817 15.9694562817 15.9694562817 15.9694562817 15.9694562817
104 4194304 50242.901 50242.901 50242.901 17.3639502225 17.3639502225 17.3639502225 17.3639502225 17.3639502225 17.3639502225
112 4194304 50051.928 50051.928 50051.928 18.7709871236 18.7709871236 18.7709871236 18.7709871236 18.7709871236 18.7709871236
120 4194304 51175.117 51175.117 51175.117 19.670359718 19.670359718 19.670359718 19.670359718 19.670359718 19.670359718
128 4194304 50789.118 50789.118 50789.118 21.1411787856 21.1411787856 21.1411787856 21.1411787856 21.1411787856 21.1411787856
136 2097152 25166.988 25166.988 25166.988 22.6656183092 22.6656183092 22.6656183092 22.6656183092 22.6656183092 22.6656183092
144 2097152 25496.96 25496.96 25496.96 23.6883054294 23.6883054294 23.6883054294 23.6883054294 23.6883054294 23.6883054294
152 2097152 26509.047 26509.047 26509.047 24.0496841701 24.0496841701 24.0496841701 24.0496841701 24.0496841701 24.0496841701
160 2097152 25961.876 25961.876 25961.876 25.8490041321 25.8490041321 25.8490041321 25.8490041321 25.8490041321 25.8490041321
176 2097152 28535.128 28535.128 28535.128 25.8697807138 25.8697807138 25.8697807138 25.8697807138 25.8697807138 25.8697807138
192 2097152 25488.853 25488.853 25488.853 31.5944529948 31.5944529948 31.5944529948 31.5944529948 31.5944529948 31.5944529948
208 2097152 26441.097 26441.097 26441.097 32.9946685646 32.9946685646 32.9946685646 32.9946685646 32.9946685646 32.9946685646
224 2097152 26241.064 26241.064 26241.064 35.8035823547 35.8035823547 35.8035823547 35.8035823547 35.8035823547 35.8035823547
240 2097152 27986.05 27986.05 27986.05 35.9690974611 35.9690974611 35.9690974611 35.9690974611 35.9690974611 35.9690974611
264 1048576 14530.897 14530.897 14530.897 38.1014419137 38.1014419137 38.1014419137 38.1014419137 38.1014419137 38.1014419137
288 1048576 15256.882 15256.882 15256.882 39.5873662784 39.5873662784 39.5873662784 39.5873662784 39.5873662784 39.5873662784
312 1048576 19471.884 19471.884 19471.884 33.6028821864 33.6028821864 33.6028821864 33.6028821864 33.6028821864 33.6028821864
336 1048576 19242.048 19242.048 19242.048 36.6199622826 36.6199622826 36.6199622826 36.6199622826 36.6199622826 36.6199622826
368 1048576 20426.035 20426.035 20426.035 37.7827579361 37.7827579361 37.7827579361 37.7827579361 37.7827579361 37.7827579361
400 1048576 24945.021 24945.021 24945.021 33.6283862018 33.6283862018 33.6283862018 33.6283862018 33.6283862018 33.6283862018
440 1048576 24358.988 24358.988 24358.988 37.8811664918 37.8811664918 37.8811664918 37.8811664918 37.8811664918 37.8811664918
480 1048576 22679.806 22679.806 22679.806 44.3845489684 44.3845489684 44.3845489684 44.3845489684 44.3845489684 44.3845489684
528 524288 13549.089 13549.089 13549.089 40.8623877222 40.8623877222 40.8623877222 40.8623877222 40.8623877222 40.8623877222
576 524288 13686.895 13686.895 13686.895 44.1283268411 44.1283268411 44.1283268411 44.1283268411 44.1283268411 44.1283268411
632 524288 16511.202 16511.202 16511.202 40.1363893434 40.1363893434 40.1363893434 40.1363893434 40.1363893434 40.1363893434
688 524288 17623.186 17623.186 17623.186 40.9358607462 40.9358607462 40.9358607462 40.9358607462 40.9358607462 40.9358607462
752 524288 19356.012 19356.012 19356.012 40.7382033034 40.7382033034 40.7382033034 40.7382033034 40.7382033034 40.7382033034
824 524288 21805.048 21805.048 21805.048 39.6250732399 39.6250732399 39.6250732399 39.6250732399 39.6250732399 39.6250732399
904 524288 22787.094 22787.094 22787.094 41.5986656306 41.5986656306 41.5986656306 41.5986656306 41.5986656306 41.5986656306
992 524288 24569.988 24569.988 24569.988 42.3356898668 42.3356898668 42.3356898668 42.3356898668 42.3356898668 42.3356898668
1088 262144 12932.062 12932.062 12932.062 44.1093882785 44.1093882785 44.1093882785 44.1093882785 44.1093882785 44.1093882785
1192 262144 14989.138 14989.138 14989.138 41.6936114672 41.6936114672 41.6936114672 41.6936114672 41.6936114672 41.6936114672
1304 262144 17462.015 17462.015 17462.015 39.1519278846 39.1519278846 39.1519278846 39.1519278846 39.1519278846 39.1519278846
1432 262144 17817.974 17817.974 17817.974 42.1361270367 42.1361270367 42.1361270367 42.1361270367 42.1361270367 42.1361270367
1568 262144 19695.997 19695.997 19695.997 41.7386123688 41.7386123688 41.7386123688 41.7386123688 41.7386123688 41.7386123688
1720 262144 21200.895 21200.895 21200.895 42.534777895 42.534777895 42.534777895 42.534777895 42.534777895 42.534777895
1888 262144 22294.998 22294.998 22294.998 44.3981086699 44.3981086699 44.3981086699 44.3981086699 44.3981086699 44.3981086699
2072 131072 12593.985 12593.985 12593.985 43.1287132707 43.1287132707 43.1287132707 43.1287132707 43.1287132707 43.1287132707
2272 131072 13367.176 13367.176 13367.176 44.5562449391 44.5562449391 44.5562449391 44.5562449391 44.5562449391 44.5562449391
2496 131072 14711.857 14711.857 14711.857 44.4751076632 44.4751076632 44.4751076632 44.4751076632 44.4751076632 44.4751076632
2744 131072 16679.049 16679.049 16679.049 43.1273471287 43.1273471287 43.1273471287 43.1273471287 43.1273471287 43.1273471287
3016 131072 17918.11 17918.11 17918.11 44.1244251765 44.1244251765 44.1244251765 44.1244251765 44.1244251765 44.1244251765
3312 131072 20744.085 20744.085 20744.085 41.8539033175 41.8539033175 41.8539033175 41.8539033175 41.8539033175 41.8539033175
3640 131072 22964.954 22964.954 22964.954 41.550449437 41.550449437 41.550449437 41.550449437 41.550449437 41.550449437
4000 131072 23735.046 23735.046 23735.046 44.1783849924 44.1783849924 44.1783849924 44.1783849924 44.1783849924 44.1783849924
4400 65536 13338.089 13338.089 13338.089 43.2383379658 43.2383379658 43.2383379658 43.2383379658 43.2383379658 43.2383379658
4840 65536 16692.877 16692.877 16692.877 38.0035436672 38.0035436672 38.0035436672 38.0035436672 38.0035436672 38.0035436672
5320 65536 17079.115 17079.115 17079.115 40.8278204111 40.8278204111 40.8278204111 40.8278204111 40.8278204111 40.8278204111
5848 65536 17950.058 17950.058 17950.058 42.7023163936 42.7023163936 42.7023163936 42.7023163936 42.7023163936 42.7023163936
6432 65536 19196.987 19196.987 19196.987 43.9160116116 43.9160116116 43.9160116116 43.9160116116 43.9160116116 43.9160116116
7072 65536 21689.892 21689.892 21689.892 42.7360903411 42.7360903411 42.7360903411 42.7360903411 42.7360903411 42.7360903411
7776 65536 22994.995 22994.995 22994.995 44.3233787178 44.3233787178 44.3233787178 44.3233787178 44.3233787178 44.3233787178
8552 32768 12932.777 12932.777 12932.777 43.3366996122 43.3366996122 43.3366996122 43.3366996122 43.3366996122 43.3366996122
9400 32768 14444.828 14444.828 14444.828 42.6476798478 42.6476798478 42.6476798478 42.6476798478 42.6476798478 42.6476798478
10336 32768 15240.908 15240.908 15240.908 44.4448648335 44.4448648335 44.4448648335 44.4448648335 44.4448648335 44.4448648335
11368 32768 16716.003 16716.003 16716.003 44.5688630231 44.5688630231 44.5688630231 44.5688630231 44.5688630231 44.5688630231
12504 32768 19124.985 19124.985 19124.985 42.84772741 42.84772741 42.84772741 42.84772741 42.84772741 42.84772741
13752 32768 23103.952 23103.952 23103.952 39.0085242559 39.0085242559 39.0085242559 39.0085242559 39.0085242559 39.0085242559
15120 32768 22349.119 22349.119 22349.119 44.3375114697 44.3375114697 44.3375114697 44.3375114697 44.3375114697 44.3375114697
16632 16384 12477.16 12477.16 12477.16 43.6796014478 43.6796014478 43.6796014478 43.6796014478 43.6796014478 43.6796014478
18288 16384 14800.072 14800.072 14800.072 40.4904235601 40.4904235601 40.4904235601 40.4904235601 40.4904235601 40.4904235601
20112 16384 14994.86 14994.86 14994.86 43.9503947353 43.9503947353 43.9503947353 43.9503947353 43.9503947353 43.9503947353
22120 16384 17489.195 17489.195 17489.195 41.4443409202 41.4443409202 41.4443409202 41.4443409202 41.4443409202 41.4443409202
24328 16384 18291.95 18291.95 18291.95 43.5809142273 43.5809142273 43.5809142273 43.5809142273 43.5809142273 43.5809142273
26760 16384 19798.04 19798.04 19798.04 44.2908328299 44.2908328299 44.2908328299 44.2908328299 44.2908328299 44.2908328299
29432 16384 22286.177 22286.177 22286.177 43.2747068284 43.2747068284 43.2747068284 43.2747068284 43.2747068284 43.2747068284
32368 16384 23937.941 23937.941 23937.941 44.3076797624 44.3076797624 44.3076797624 44.3076797624 44.3076797624 44.3076797624
35600 8192 13022.9 13022.9 13022.9 44.7880579594 44.7880579594 44.7880579594 44.7880579594 44.7880579594 44.7880579594
39160 8192 14419.079 14419.079 14419.079 44.4964231072 44.4964231072 44.4964231072 44.4964231072 44.4964231072 44.4964231072
43072 8192 17961.025 17961.025 17961.025 39.2901656782 39.2901656782 39.2901656782 39.2901656782 39.2901656782 39.2901656782
47376 8192 18006.086 18006.086 18006.086 43.1081126681 43.1081126681 43.1081126681 43.1081126681 43.1081126681 43.1081126681
52112 8192 19280.195 19280.195 19280.195 44.2839404892 44.2839404892 44.2839404892 44.2839404892 44.2839404892 44.2839404892
57320 8192 20998.955 20998.955 20998.955 44.7227435841 44.7227435841 44.7227435841 44.7227435841 44.7227435841 44.7227435841
63048 8192 25646.925 25646.925 25646.925 40.276892142 40.276892142 40.276892142 40.276892142 40.276892142 40.276892142
69352 4096 12785.912 12785.912 12785.912 44.4341853753 44.4341853753 44.4341853753 44.4341853753 44.4341853753 44.4341853753
76280 4096 14285.088 14285.088 14285.088 43.7439209335 43.7439209335 43.7439209335 43.7439209335 43.7439209335 43.7439209335
83904 4096 16105.89 16105.89 16105.89 42.6764101829 42.6764101829 42.6764101829 42.6764101829 42.6764101829 42.6764101829
92288 4096 16980.886 16980.886 16980.886 44.5220170491 44.5220170491 44.5220170491 44.5220170491 44.5220170491 44.5220170491
101512 4096 19207.954 19207.954 19207.954 43.2938512868 43.2938512868 43.2938512868 43.2938512868 43.2938512868 43.2938512868
111656 4096 20823.002 20823.002 20823.002 43.9267091268 43.9267091268 43.9267091268 43.9267091268 43.9267091268 43.9267091268
122816 4096 22685.051 22685.051 22685.051 44.3511752299 44.3511752299 44.3511752299 44.3511752299 44.3511752299 44.3511752299
135096 2048 12425.9 12425.9 12425.9 44.532244425 44.532244425 44.532244425 44.532244425 44.532244425 44.532244425
148600 2048 14324.903 14324.903 14324.903 42.4900329168 42.4900329168 42.4900329168 42.4900329168 42.4900329168 42.4900329168
163456 2048 15254.974 15254.974 15254.974 43.8883590362 43.8883590362 43.8883590362 43.8883590362 43.8883590362 43.8883590362
179800 2048 17389.059 17389.059 17389.059 42.3519639562 42.3519639562 42.3519639562 42.3519639562 42.3519639562 42.3519639562
197776 2048 19968.987 19968.987 19968.987 40.5674306864 40.5674306864 40.5674306864 40.5674306864 40.5674306864 40.5674306864
217552 2048 20333.052 20333.052 20333.052 43.8248518717 43.8248518717 43.8248518717 43.8248518717 43.8248518717 43.8248518717
239304 2048 22086.143 22086.143 22086.143 44.380278802 44.380278802 44.380278802 44.380278802 44.380278802 44.380278802
263232 1024 11868.954 11868.954 11868.954 45.4209474567 45.4209474567 45.4209474567 45.4209474567 45.4209474567 45.4209474567
289552 1024 13339.996 13339.996 13339.996 44.4529740489 44.4529740489 44.4529740489 44.4529740489 44.4529740489 44.4529740489
318504 1024 14734.983 14734.983 14734.983 44.2685405202 44.2685405202 44.2685405202 44.2685405202 44.2685405202 44.2685405202
350352 1024 16776.085 16776.085 16776.085 42.7704614038 42.7704614038 42.7704614038 42.7704614038 42.7704614038 42.7704614038
385384 1024 18705.13 18705.13 18705.13 42.1951855988 42.1951855988 42.1951855988 42.1951855988 42.1951855988 42.1951855988
423920 1024 19472.122 19472.122 19472.122 44.5862120215 44.5862120215 44.5862120215 44.5862120215 44.5862120215 44.5862120215
466312 1024 23241.997 23241.997 23241.997 41.0897125578 41.0897125578 41.0897125578 41.0897125578 41.0897125578 41.0897125578
512936 1024 23539.066 23539.066 23539.066 44.6276384968 44.6276384968 44.6276384968 44.6276384968 44.6276384968 44.6276384968
564224 512 13097.048 13097.048 13097.048 44.1141680171 44.1141680171 44.1141680171 44.1141680171 44.1141680171 44.1141680171
620640 512 14630.795 14630.795 14630.795 43.4381973092 43.4381973092 43.4381973092 43.4381973092 43.4381973092 43.4381973092
682704 512 16284.943 16284.943 16284.943 42.9285442387 42.9285442387 42.9285442387 42.9285442387 42.9285442387 42.9285442387
750968 512 18186.808 18186.808 18186.808 42.2829136372 42.2829136372 42.2829136372 42.2829136372 42.2829136372 42.2829136372
826064 512 24350.882 24350.882 24350.882 34.7375317247 34.7375317247 34.7375317247 34.7375317247 34.7375317247 34.7375317247
908664 512 25631.189 25631.189 25631.189 36.3023321314 36.3023321314 36.3023321314 36.3023321314 36.3023321314 36.3023321314
999528 512 26649.952 26649.952 26649.952 38.4059480482 38.4059480482 38.4059480482 38.4059480482 38.4059480482 38.4059480482
1099480 256 15677.929 15677.929 15677.929 35.9061302038 35.9061302038 35.9061302038 35.9061302038 35.9061302038 35.9061302038
1209424 256 13892.889 13892.889 13892.889 44.571369425 44.571369425 44.571369425 44.571369425 44.571369425 44.571369425
1330360 256 15772.82 15772.82 15772.82 43.1846885972 43.1846885972 43.1846885972 43.1846885972 43.1846885972 43.1846885972
1463392 256 17782.211 17782.211 17782.211 42.1351824022 42.1351824022 42.1351824022 42.1351824022 42.1351824022 42.1351824022
1609728 256 18692.97 18692.97 18692.97 44.0904113151 44.0904113151 44.0904113151 44.0904113151 44.0904113151 44.0904113151
1770696 256 20919.8 20919.8 20919.8 43.3367600073 43.3367600073 43.3367600073 43.3367600073 43.3367600073 43.3367600073
1947760 256 26470.9 26470.9 26470.9 37.6735630447 37.6735630447 37.6735630447 37.6735630447 37.6735630447 37.6735630447
2142536 128 13962.984 13962.984 13962.984 39.2816618568 39.2816618568 39.2816618568 39.2816618568 39.2816618568 39.2816618568
2356784 128 15046.12 15046.12 15046.12 40.0991553969 40.0991553969 40.0991553969 40.0991553969 40.0991553969 40.0991553969
2592456 128 17414.093 17414.093 17414.093 38.1110136485 38.1110136485 38.1110136485 38.1110136485 38.1110136485 38.1110136485
2851696 128 20678.997 20678.997 20678.997 35.3031714256 35.3031714256 35.3031714256 35.3031714256 35.3031714256 35.3031714256
3136864 128 27161.121 27161.121 27161.121 29.5656863353 29.5656863353 29.5656863353 29.5656863353 29.5656863353 29.5656863353
3450544 128 33770.084 33770.084 33770.084 26.1574494159 26.1574494159 26.1574494159 26.1574494159 26.1574494159 26.1574494159
3795592 128 43452.024 43452.024 43452.024 22.3619399639 22.3619399639 22.3619399639 22.3619399639 22.3619399639 22.3619399639
4175144 128 63001.156 63001.156 63001.156 16.9653532072 16.9653532072 16.9653532072 16.9653532072 16.9653532072 16.9653532072
4592656 64 37610.054 37610.054 37610.054 15.6303941494 15.6303941494 15.6303941494 15.6303941494 15.6303941494 15.6303941494
5051920 64 49144.03 49144.03 49144.03 13.1581752656 13.1581752656 13.1581752656 13.1581752656 13.1581752656 13.1581752656
5557112 64 54016.829 54016.829 54016.829 13.1683097503 13.1683097503 13.1683097503 13.1683097503 13.1683097503 13.1683097503
6112816 64 54362.059 54362.059 54362.059 14.3931348884 14.3931348884 14.3931348884 14.3931348884 14.3931348884 14.3931348884
6724096 64 65279.007 65279.007 65279.007 13.1847025185 13.1847025185 13.1847025185 13.1847025185 13.1847025185 13.1847025185
7396504 64 66449.881 66449.881 66449.881 14.2476178701 14.2476178701 14.2476178701 14.2476178701 14.2476178701 14.2476178701
8136152 64 69318.056 69318.056 69318.056 15.023898766 15.023898766 15.023898766 15.023898766 15.023898766 15.023898766
8949760 32 41972.876 41972.876 41972.876 13.646542591 13.646542591 13.646542591 13.646542591 13.646542591 13.646542591
9844736 32 40714.979 40714.979 40714.979 15.4749706244 15.4749706244 15.4749706244 15.4749706244 15.4749706244 15.4749706244
10829208 32 45275.211 45275.211 45275.211 15.307920089 15.307920089 15.307920089 15.307920089 15.307920089 15.307920089
11912128 32 51398.993 51398.993 51398.993 14.8325122245 14.8325122245 14.8325122245 14.8325122245 14.8325122245 14.8325122245
13103336 32 86997.032 86997.032 86997.032 9.63956453135 9.63956453135 9.63956453135 9.63956453135 9.63956453135 9.63956453135
14413664 32 63997.984 63997.984 63997.984 14.4141180447 14.4141180447 14.4141180447 14.4141180447 14.4141180447 14.4141180447
15855024 32 72697.878 72697.878 72697.878 13.9580626549 13.9580626549 13.9580626549 13.9580626549 13.9580626549 13.9580626549
17440520 16 41668.177 41668.177 41668.177 13.3938338603 13.3938338603 13.3938338603 13.3938338603 13.3938338603 13.3938338603
19184568 16 41822.195 41822.195 41822.195 14.6789563771 14.6789563771 14.6789563771 14.6789563771 14.6789563771 14.6789563771
21103024 16 47019.958 47019.958 47019.958 14.3619177201 14.3619177201 14.3619177201 14.3619177201 14.3619177201 14.3619177201
23213320 16 51589.966 51589.966 51589.966 14.3986572893 14.3986572893 14.3986572893 14.3986572893 14.3986572893 14.3986572893
25534648 16 60565.948 60565.948 60565.948 13.4912234181 13.4912234181 13.4912234181 13.4912234181 13.4912234181 13.4912234181
28088112 16 64613.104 64613.104 64613.104 13.9107940705 13.9107940705 13.9107940705 13.9107940705 13.9107940705 13.9107940705
30896920 16 67039.013 67039.013 67039.013 14.7481503047 14.7481503047 14.7481503047 14.7481503047 14.7481503047 14.7481503047
33986608 8 41094.065 41094.065 41094.065 13.2327071561 13.2327071561 13.2327071561 13.2327071561 13.2327071561 13.2327071561
37385264 8 39330.006 39330.006 39330.006 15.2088515827 15.2088515827 15.2088515827 15.2088515827 15.2088515827 15.2088515827
41123784 8 43074.846 43074.846 43074.846 15.2752848844 15.2752848844 15.2752848844 15.2752848844 15.2752848844 15.2752848844
45236160 8 47896.147 47896.147 47896.147 15.1114151207 15.1114151207 15.1114151207 15.1114151207 15.1114151207 15.1114151207
49759776 8 55155.039 55155.039 55155.039 14.4348808456 14.4348808456 14.4348808456 14.4348808456 14.4348808456 14.4348808456
54735752 8 55487.871 55487.871 55487.871 15.783125505 15.783125505 15.783125505 15.783125505 15.783125505 15.783125505
60209320 8 68555.832 68555.832 68555.832 14.0520374693 14.0520374693 14.0520374693 14.0520374693 14.0520374693 14.0520374693
66230248 8 71022.987 71022.987 71022.987 14.9202957065 14.9202957065 14.9202957065 14.9202957065 14.9202957065 14.9202957065
72853272 4 39714.813 39714.813 39714.813 14.6752844084 14.6752844084 14.6752844084 14.6752844084 14.6752844084 14.6752844084
80138592 4 44804.096 44804.096 44804.096 14.3091545916 14.3091545916 14.3091545916 14.3091545916 14.3091545916 14.3091545916
88152448 4 51936.15 51936.15 51936.15 13.5785880162 13.5785880162 13.5785880162 13.5785880162 13.5785880162 13.5785880162
96967688 4 51452.875 51452.875 51452.875 15.0767377722 15.0767377722 15.0767377722 15.0767377722 15.0767377722 15.0767377722
106664456 4 56162.834 56162.834 56162.834 15.1936002375 15.1936002375 15.1936002375 15.1936002375 15.1936002375 15.1936002375
117330896 4 67913.055 67913.055 67913.055 13.821306787 13.821306787 13.821306787 13.821306787 13.821306787 13.821306787
129063984 4 76370.955 76370.955 76370.955 13.5196930823 13.5196930823 13.5196930823 13.5196930823 13.5196930823 13.5196930823
141970376 2 42133.093 42133.093 42133.093 13.4782771348 13.4782771348 13.4782771348 13.4782771348 13.4782771348 13.4782771348
156167408 2 43843.985 43843.985 43843.985 14.2475560102 14.2475560102 14.2475560102 14.2475560102 14.2475560102 14.2475560102
171784144 2 44711.113 44711.113 44711.113 15.368362134 15.368362134 15.368362134 15.368362134 15.368362134 15.368362134
188962552 2 50482.988 50482.988 50482.988 14.9723746146 14.9723746146 14.9723746146 14.9723746146 14.9723746146 14.9723746146
207858800 2 53256.989 53256.989 53256.989 15.6117575479 15.6117575479 15.6117575479 15.6117575479 15.6117575479 15.6117575479
228644680 2 62058.926 62058.926 62058.926 14.7372630973 14.7372630973 14.7372630973 14.7372630973 14.7372630973 14.7372630973
251509144 2 68482.161 68482.161 68482.161 14.6904910901 14.6904910901 14.6904910901 14.6904910901 14.6904910901 14.6904910901
276660056 1 37248.135 37248.135 37248.135 14.8549749404 14.8549749404 14.8549749404 14.8549749404 14.8549749404 14.8549749404
304326056 1 42176.962 42176.962 42176.962 14.4309140141 14.4309140141 14.4309140141 14.4309140141 14.4309140141 14.4309140141
334758656 1 43128.014 43128.014 43128.014 15.5239541519 15.5239541519 15.5239541519 15.5239541519 15.5239541519 15.5239541519
368234520 1 47847.986 47847.986 47847.986 15.3918503487 15.3918503487 15.3918503487 15.3918503487 15.3918503487 15.3918503487
405057968 1 53683.043 53683.043 53683.043 15.0907230799 15.0907230799 15.0907230799 15.0907230799 15.0907230799 15.0907230799
445563760 1 58596.134 58596.134 58596.134 15.2079575762 15.2079575762 15.2079575762 15.2079575762 15.2079575762 15.2079575762
490120136 1 62402.01 62402.01 62402.01 15.7084727239 15.7084727239 15.7084727239 15.7084727239 15.7084727239 15.7084727239

META_DATA
ERT_VERSION  1.1.0
HOSTNAME  ('e828f4ff7df7', [], ['172.17.0.2'])
TIMESTAMP_DATA  1620700536.88
OPENMP_THREADS 1
CONFIG  {'ERT_WORKING_SET_MIN': ['1'], 'ERT_CFLAGS': ['-Ofast', '-march=native'], 'ERT_CC': ['cc'], 'ERT_MPI_CFLAGS': [], 'ERT_MPI_LDFLAGS': [], 'ERT_MEMORY_MAX': ['536870912', '#', '512MB'], 'ERT_LDFLAGS': [], 'ERT_LDLIBS': [], 'ERT_RUN': ['export', 'OMP_NUM_THREADS=ERT_OPENMP_THREADS', ';', './ERT_CODE'], 'ERT_FLOPS': ['1,4,16,64'], 'ERT_OPENMP_CFLAGS': ['-fopenmp'], 'ERT_MPI': ['False'], 'ERT_TRIALS_MIN': ['1'], 'ERT_DRIVER': ['driver1'], 'ERT_RESULTS': ['OpenMP_4'], 'ERT_OPENMP': ['True'], 'ERT_OPENMP_THREADS': ['1,2,4'], 'ERT_KERNEL': ['kernel1'], 'ERT_GPU': [False], 'ERT_LD': ['cc'], 'ERT_NUM_EXPERIMENTS': ['1'], 'ERT_OPENMP_LDFLAGS': ['-fopenmp'], 'ERT_ALIGN': ['64'], 'ERT_GNUPLOT': ['gnuplot']}
UNAME  ('Linux', 'e828f4ff7df7', '5.4.72-microsoft-standard-WSL2', '#1 SMP Wed Oct 28 23:40:43 UTC 2020', 'x86_64', 'x86_64')
FLOPS          16
