8 16777216 186288.0 186288.0 186288.0 1.44097019668 1.44097019668 1.44097019668 1.44097019668 1.44097019668 1.44097019668
16 8388608 93693.0 93693.0 93693.0 2.86505348318 2.86505348318 2.86505348318 2.86505348318 2.86505348318 2.86505348318
24 4194304 47958.0 47958.0 47958.0 4.19797723008 4.19797723008 4.19797723008 4.19797723008 4.19797723008 4.19797723008
32 4194304 48881.0 48881.0 48881.0 5.49161138275 5.49161138275 5.49161138275 5.49161138275 5.49161138275 5.49161138275
40 2097152 24423.0 24423.0 24423.0 6.8694329116 6.8694329116 6.8694329116 6.8694329116 6.8694329116 6.8694329116
48 2097152 23900.0 23900.0 23900.0 8.42370677824 8.42370677824 8.42370677824 8.42370677824 8.42370677824 8.42370677824
56 2097152 23907.0 23907.0 23907.0 9.82478035722 9.82478035722 9.82478035722 9.82478035722 9.82478035722 9.82478035722
64 2097152 24417.0 24417.0 24417.0 10.9937935045 10.9937935045 10.9937935045 10.9937935045 10.9937935045 10.9937935045
72 1048576 12215.0 12215.0 12215.0 12.3614362669 12.3614362669 12.3614362669 12.3614362669 12.3614362669 12.3614362669
80 1048576 12260.0 12260.0 12260.0 13.6845154976 13.6845154976 13.6845154976 13.6845154976 13.6845154976 13.6845154976
88 1048576 12255.0 12255.0 12255.0 15.0591086087 15.0591086087 15.0591086087 15.0591086087 15.0591086087 15.0591086087
96 1048576 12252.0 12252.0 12252.0 16.4321410382 16.4321410382 16.4321410382 16.4321410382 16.4321410382 16.4321410382
104 1048576 12223.0 12223.0 12223.0 17.8437215086 17.8437215086 17.8437215086 17.8437215086 17.8437215086 17.8437215086
112 1048576 12270.0 12270.0 12270.0 19.1427077425 19.1427077425 19.1427077425 19.1427077425 19.1427077425 19.1427077425
120 1048576 12356.0 12356.0 12356.0 20.3672903852 20.3672903852 20.3672903852 20.3672903852 20.3672903852 20.3672903852
128 1048576 12304.0 12304.0 12304.0 21.8169258778 21.8169258778 21.8169258778 21.8169258778 21.8169258778 21.8169258778
136 524288 6119.0 6119.0 6119.0 23.3054969766 23.3054969766 23.3054969766 23.3054969766 23.3054969766 23.3054969766
144 524288 6241.0 6241.0 6241.0 24.1940304438 24.1940304438 24.1940304438 24.1940304438 24.1940304438 24.1940304438
152 524288 6292.0 6292.0 6292.0 25.3311430388 25.3311430388 25.3311430388 25.3311430388 25.3311430388 25.3311430388
160 524288 6124.0 6124.0 6124.0 27.3958458524 27.3958458524 27.3958458524 27.3958458524 27.3958458524 27.3958458524
176 524288 6275.0 6275.0 6275.0 29.4102591235 29.4102591235 29.4102591235 29.4102591235 29.4102591235 29.4102591235
192 524288 6235.0 6235.0 6235.0 32.2897501203 32.2897501203 32.2897501203 32.2897501203 32.2897501203 32.2897501203
208 524288 6486.0 6486.0 6486.0 33.6268590811 33.6268590811 33.6268590811 33.6268590811 33.6268590811 33.6268590811
224 524288 6385.0 6385.0 6385.0 36.7863780736 36.7863780736 36.7863780736 36.7863780736 36.7863780736 36.7863780736
240 524288 6815.0 6815.0 6815.0 36.9271078503 36.9271078503 36.9271078503 36.9271078503 36.9271078503 36.9271078503
264 262144 3410.0 3410.0 3410.0 40.5900387097 40.5900387097 40.5900387097 40.5900387097 40.5900387097 40.5900387097
288 262144 3440.0 3440.0 3440.0 43.8938790698 43.8938790698 43.8938790698 43.8938790698 43.8938790698 43.8938790698
312 262144 4493.0 4493.0 4493.0 36.407268195 36.407268195 36.407268195 36.407268195 36.407268195 36.407268195
336 262144 4480.0 4480.0 4480.0 39.3216 39.3216 39.3216 39.3216 39.3216 39.3216
368 262144 4899.0 4899.0 4899.0 39.3831361502 39.3831361502 39.3831361502 39.3831361502 39.3831361502 39.3831361502
400 262144 5223.0 5223.0 5223.0 40.1522496649 40.1522496649 40.1522496649 40.1522496649 40.1522496649 40.1522496649
440 262144 5925.0 5925.0 5925.0 38.9344675105 38.9344675105 38.9344675105 38.9344675105 38.9344675105 38.9344675105
480 262144 5583.0 5583.0 5583.0 45.075808705 45.075808705 45.075808705 45.075808705 45.075808705 45.075808705
528 131072 3336.0 3336.0 3336.0 41.4904172662 41.4904172662 41.4904172662 41.4904172662 41.4904172662 41.4904172662
576 131072 3337.0 3337.0 3337.0 45.2487096194 45.2487096194 45.2487096194 45.2487096194 45.2487096194 45.2487096194
632 131072 4026.0 4026.0 4026.0 41.1512687531 41.1512687531 41.1512687531 41.1512687531 41.1512687531 41.1512687531
688 131072 4215.0 4215.0 4215.0 42.7888664294 42.7888664294 42.7888664294 42.7888664294 42.7888664294 42.7888664294
752 131072 4582.0 4582.0 4582.0 43.0231968573 43.0231968573 43.0231968573 43.0231968573 43.0231968573 43.0231968573
824 131072 5133.0 5133.0 5133.0 42.0819512955 42.0819512955 42.0819512955 42.0819512955 42.0819512955 42.0819512955
904 131072 5308.0 5308.0 5308.0 44.6454740015 44.6454740015 44.6454740015 44.6454740015 44.6454740015 44.6454740015
992 131072 5703.0 5703.0 5703.0 45.5982549535 45.5982549535 45.5982549535 45.5982549535 45.5982549535 45.5982549535
1088 65536 3087.0 3087.0 3087.0 46.1957680596 46.1957680596 46.1957680596 46.1957680596 46.1957680596 46.1957680596
1192 65536 3484.0 3484.0 3484.0 44.8443811711 44.8443811711 44.8443811711 44.8443811711 44.8443811711 44.8443811711
1304 65536 3914.0 3914.0 3914.0 43.6683413388 43.6683413388 43.6683413388 43.6683413388 43.6683413388 43.6683413388
1432 65536 4302.0 4302.0 4302.0 43.6297312878 43.6297312878 43.6297312878 43.6297312878 43.6297312878 43.6297312878
1568 65536 4445.0 4445.0 4445.0 46.2364220472 46.2364220472 46.2364220472 46.2364220472 46.2364220472 46.2364220472
1720 65536 5130.0 5130.0 5130.0 43.9461676413 43.9461676413 43.9461676413 43.9461676413 43.9461676413 43.9461676413
1888 65536 5393.0 5393.0 5393.0 45.8861368441 45.8861368441 45.8861368441 45.8861368441 45.8861368441 45.8861368441
2072 32768 3037.0 3037.0 3037.0 44.7120816595 44.7120816595 44.7120816595 44.7120816595 44.7120816595 44.7120816595
2272 32768 3242.0 3242.0 3242.0 45.927758174 45.927758174 45.927758174 45.927758174 45.927758174 45.927758174
2496 32768 3534.0 3534.0 3534.0 46.2868862479 46.2868862479 46.2868862479 46.2868862479 46.2868862479 46.2868862479
2744 32768 4012.0 4012.0 4012.0 44.823226321 44.823226321 44.823226321 44.823226321 44.823226321 44.823226321
3016 32768 4320.0 4320.0 4320.0 45.753837037 45.753837037 45.753837037 45.753837037 45.753837037 45.753837037
3312 32768 4814.0 4814.0 4814.0 45.0883323639 45.0883323639 45.0883323639 45.0883323639 45.0883323639 45.0883323639
3640 32768 5284.0 5284.0 5284.0 45.1459197578 45.1459197578 45.1459197578 45.1459197578 45.1459197578 45.1459197578
4000 32768 5956.0 5956.0 5956.0 44.0134318334 44.0134318334 44.0134318334 44.0134318334 44.0134318334 44.0134318334
4400 16384 3226.0 3226.0 3226.0 44.6928704278 44.6928704278 44.6928704278 44.6928704278 44.6928704278 44.6928704278
4840 16384 3458.0 3458.0 3458.0 45.8638288028 45.8638288028 45.8638288028 45.8638288028 45.8638288028 45.8638288028
5320 16384 3811.0 3811.0 3811.0 45.7427866702 45.7427866702 45.7427866702 45.7427866702 45.7427866702 45.7427866702
5848 16384 4227.0 4227.0 4227.0 45.3341055122 45.3341055122 45.3341055122 45.3341055122 45.3341055122 45.3341055122
6432 16384 4557.0 4557.0 4557.0 46.250554312 46.250554312 46.250554312 46.250554312 46.250554312 46.250554312
7072 16384 5038.0 5038.0 5038.0 45.9974783644 45.9974783644 45.9974783644 45.9974783644 45.9974783644 45.9974783644
7776 16384 5512.0 5512.0 5512.0 46.2271349782 46.2271349782 46.2271349782 46.2271349782 46.2271349782 46.2271349782
8552 8192 3045.0 3045.0 3045.0 46.0150962233 46.0150962233 46.0150962233 46.0150962233 46.0150962233 46.0150962233
9400 8192 3356.0 3356.0 3356.0 45.8908224076 45.8908224076 45.8908224076 45.8908224076 45.8908224076 45.8908224076
10336 8192 3666.0 3666.0 3666.0 46.1934053464 46.1934053464 46.1934053464 46.1934053464 46.1934053464 46.1934053464
11368 8192 4055.0 4055.0 4055.0 45.9317662145 45.9317662145 45.9317662145 45.9317662145 45.9317662145 45.9317662145
12504 8192 4503.0 4503.0 4503.0 45.495344437 45.495344437 45.495344437 45.495344437 45.495344437 45.495344437
13752 8192 4930.0 4930.0 4930.0 45.7023870183 45.7023870183 45.7023870183 45.7023870183 45.7023870183 45.7023870183
15120 8192 5431.0 5431.0 5431.0 45.6133456085 45.6133456085 45.6133456085 45.6133456085 45.6133456085 45.6133456085
16632 4096 2997.0 2997.0 2997.0 45.4619099099 45.4619099099 45.4619099099 45.4619099099 45.4619099099 45.4619099099
18288 4096 3279.0 3279.0 3279.0 45.6893247941 45.6893247941 45.6893247941 45.6893247941 45.6893247941 45.6893247941
20112 4096 3637.0 3637.0 3637.0 45.3003860324 45.3003860324 45.3003860324 45.3003860324 45.3003860324 45.3003860324
22120 4096 3913.0 3913.0 3913.0 46.308980322 46.308980322 46.308980322 46.308980322 46.308980322 46.308980322
24328 4096 4326.0 4326.0 4326.0 46.0691114193 46.0691114193 46.0691114193 46.0691114193 46.0691114193 46.0691114193
26760 4096 4759.0 4759.0 4759.0 46.0638621559 46.0638621559 46.0638621559 46.0638621559 46.0638621559 46.0638621559
29432 4096 5276.0 5276.0 5276.0 45.6988142532 45.6988142532 45.6988142532 45.6988142532 45.6988142532 45.6988142532
32368 4096 5811.0 5811.0 5811.0 45.6304691103 45.6304691103 45.6304691103 45.6304691103 45.6304691103 45.6304691103
35600 2048 3197.0 3197.0 3197.0 45.6107600876 45.6107600876 45.6107600876 45.6107600876 45.6107600876 45.6107600876
39160 2048 3475.0 3475.0 3475.0 46.1580892086 46.1580892086 46.1580892086 46.1580892086 46.1580892086 46.1580892086
43072 2048 3812.0 3812.0 3812.0 46.2809317943 46.2809317943 46.2809317943 46.2809317943 46.2809317943 46.2809317943
47376 2048 4255.0 4255.0 4255.0 45.6056629847 45.6056629847 45.6056629847 45.6056629847 45.6056629847 45.6056629847
52112 2048 4587.0 4587.0 4587.0 46.5338460868 46.5338460868 46.5338460868 46.5338460868 46.5338460868 46.5338460868
57320 2048 5063.0 5063.0 5063.0 46.3722536046 46.3722536046 46.3722536046 46.3722536046 46.3722536046 46.3722536046
63048 2048 5563.0 5563.0 5563.0 46.4218241956 46.4218241956 46.4218241956 46.4218241956 46.4218241956 46.4218241956
69352 1024 3061.0 3061.0 3061.0 46.4008154198 46.4008154198 46.4008154198 46.4008154198 46.4008154198 46.4008154198
76280 1024 3466.0 3466.0 3466.0 45.0725447201 45.0725447201 45.0725447201 45.0725447201 45.0725447201 45.0725447201
83904 1024 3700.0 3700.0 3700.0 46.4419978378 46.4419978378 46.4419978378 46.4419978378 46.4419978378 46.4419978378
92288 1024 4075.0 4075.0 4075.0 46.3817973006 46.3817973006 46.3817973006 46.3817973006 46.3817973006 46.3817973006
101512 1024 4470.0 4470.0 4470.0 46.5093011186 46.5093011186 46.5093011186 46.5093011186 46.5093011186 46.5093011186
111656 1024 4928.0 4928.0 4928.0 46.4024935065 46.4024935065 46.4024935065 46.4024935065 46.4024935065 46.4024935065
122816 1024 5448.0 5448.0 5448.0 46.1687165932 46.1687165932 46.1687165932 46.1687165932 46.1687165932 46.1687165932
135096 512 2989.0 2989.0 2989.0 46.2824703914 46.2824703914 46.2824703914 46.2824703914 46.2824703914 46.2824703914
148600 512 3341.0 3341.0 3341.0 45.5451661179 45.5451661179 45.5451661179 45.5451661179 45.5451661179 45.5451661179
163456 512 3601.0 3601.0 3601.0 46.4812396557 46.4812396557 46.4812396557 46.4812396557 46.4812396557 46.4812396557
179800 512 4027.0 4027.0 4027.0 45.7201887261 45.7201887261 45.7201887261 45.7201887261 45.7201887261 45.7201887261
197776 512 4440.0 4440.0 4440.0 45.6132036036 45.6132036036 45.6132036036 45.6132036036 45.6132036036 45.6132036036
217552 512 4858.0 4858.0 4858.0 45.8569880609 45.8569880609 45.8569880609 45.8569880609 45.8569880609 45.8569880609
239304 512 5308.0 5308.0 5308.0 46.1656548606 46.1656548606 46.1656548606 46.1656548606 46.1656548606 46.1656548606
263232 256 2934.0 2934.0 2934.0 45.9355092025 45.9355092025 45.9355092025 45.9355092025 45.9355092025 45.9355092025
289552 256 3210.0 3210.0 3210.0 46.1839950156 46.1839950156 46.1839950156 46.1839950156 46.1839950156 46.1839950156
318504 256 3477.0 3477.0 3477.0 46.9007903365 46.9007903365 46.9007903365 46.9007903365 46.9007903365 46.9007903365
350352 256 3923.0 3923.0 3923.0 45.7252673974 45.7252673974 45.7252673974 45.7252673974 45.7252673974 45.7252673974
385384 256 4263.0 4263.0 4263.0 46.2858569083 46.2858569083 46.2858569083 46.2858569083 46.2858569083 46.2858569083
423920 256 4715.0 4715.0 4715.0 46.0333064687 46.0333064687 46.0333064687 46.0333064687 46.0333064687 46.0333064687
466312 256 5269.0 5269.0 5269.0 45.3125344468 45.3125344468 45.3125344468 45.3125344468 45.3125344468 45.3125344468
512936 256 5677.0 5677.0 5677.0 46.2609180905 46.2609180905 46.2609180905 46.2609180905 46.2609180905 46.2609180905
564224 128 3061.0 3061.0 3061.0 47.1876327997 47.1876327997 47.1876327997 47.1876327997 47.1876327997 47.1876327997
620640 128 3390.0 3390.0 3390.0 46.8683893805 46.8683893805 46.8683893805 46.8683893805 46.8683893805 46.8683893805
682704 128 3790.0 3790.0 3790.0 46.1140432718 46.1140432718 46.1140432718 46.1140432718 46.1140432718 46.1140432718
750968 128 4165.0 4165.0 4165.0 46.1579370948 46.1579370948 46.1579370948 46.1579370948 46.1579370948 46.1579370948
826064 128 4555.0 4555.0 4555.0 46.4264289791 46.4264289791 46.4264289791 46.4264289791 46.4264289791 46.4264289791
908664 128 5078.0 5078.0 5078.0 45.8089767625 45.8089767625 45.8089767625 45.8089767625 45.8089767625 45.8089767625
999528 128 5522.0 5522.0 5522.0 46.3381325607 46.3381325607 46.3381325607 46.3381325607 46.3381325607 46.3381325607
1099480 64 3310.0 3310.0 3310.0 42.5176555891 42.5176555891 42.5176555891 42.5176555891 42.5176555891 42.5176555891
1209424 64 3437.0 3437.0 3437.0 45.0411032878 45.0411032878 45.0411032878 45.0411032878 45.0411032878 45.0411032878
1330360 64 3694.0 3694.0 3694.0 46.0980184082 46.0980184082 46.0980184082 46.0980184082 46.0980184082 46.0980184082
1463392 64 4047.0 4047.0 4047.0 46.2846987892 46.2846987892 46.2846987892 46.2846987892 46.2846987892 46.2846987892
1609728 64 4493.0 4493.0 4493.0 45.8591551302 45.8591551302 45.8591551302 45.8591551302 45.8591551302 45.8591551302
1770696 64 4865.0 4865.0 4865.0 46.5876850976 46.5876850976 46.5876850976 46.5876850976 46.5876850976 46.5876850976
1947760 64 5367.0 5367.0 5367.0 46.4530054034 46.4530054034 46.4530054034 46.4530054034 46.4530054034 46.4530054034
2142536 32 2967.0 2967.0 2967.0 46.2158085608 46.2158085608 46.2158085608 46.2158085608 46.2158085608 46.2158085608
2356784 32 3247.0 3247.0 3247.0 46.4533957499 46.4533957499 46.4533957499 46.4533957499 46.4533957499 46.4533957499
2592456 32 3557.0 3557.0 3557.0 46.6452583638 46.6452583638 46.6452583638 46.6452583638 46.6452583638 46.6452583638
2851696 32 3921.0 3921.0 3921.0 46.5464279521 46.5464279521 46.5464279521 46.5464279521 46.5464279521 46.5464279521
3136864 32 4349.0 4349.0 4349.0 46.1621742929 46.1621742929 46.1621742929 46.1621742929 46.1621742929 46.1621742929
3450544 32 4801.0 4801.0 4801.0 45.9976704853 45.9976704853 45.9976704853 45.9976704853 45.9976704853 45.9976704853
3795592 32 6153.0 6153.0 6153.0 39.479585243 39.479585243 39.479585243 39.479585243 39.479585243 39.479585243
4175144 32 7050.0 7050.0 7050.0 37.9020164539 37.9020164539 37.9020164539 37.9020164539 37.9020164539 37.9020164539
4592656 16 5017.0 5017.0 5017.0 29.2934008372 29.2934008372 29.2934008372 29.2934008372 29.2934008372 29.2934008372
5051920 16 8521.0 8521.0 8521.0 18.9721206431 18.9721206431 18.9721206431 18.9721206431 18.9721206431 18.9721206431
5557112 16 11717.0 11717.0 11717.0 15.1768869164 15.1768869164 15.1768869164 15.1768869164 15.1768869164 15.1768869164
6112816 16 13709.0 13709.0 13709.0 14.2687367423 14.2687367423 14.2687367423 14.2687367423 14.2687367423 14.2687367423
6724096 16 14830.0 14830.0 14830.0 14.5091754552 14.5091754552 14.5091754552 14.5091754552 14.5091754552 14.5091754552
7396504 16 16866.0 16866.0 16866.0 14.0334476462 14.0334476462 14.0334476462 14.0334476462 14.0334476462 14.0334476462
8136152 16 17799.0 17799.0 17799.0 14.6276118883 14.6276118883 14.6276118883 14.6276118883 14.6276118883 14.6276118883
8949760 8 10053.0 10053.0 10053.0 14.2441221526 14.2441221526 14.2441221526 14.2441221526 14.2441221526 14.2441221526
9844736 8 11389.0 11389.0 11389.0 13.8305185706 13.8305185706 13.8305185706 13.8305185706 13.8305185706 13.8305185706
10829208 8 12640.0 12640.0 12640.0 13.7078582278 13.7078582278 13.7078582278 13.7078582278 13.7078582278 13.7078582278
11912128 8 14157.0 14157.0 14157.0 13.4628839443 13.4628839443 13.4628839443 13.4628839443 13.4628839443 13.4628839443
13103336 8 15559.0 15559.0 15559.0 13.4747333376 13.4747333376 13.4747333376 13.4747333376 13.4747333376 13.4747333376
14413664 8 17469.0 17469.0 17469.0 13.2015927643 13.2015927643 13.2015927643 13.2015927643 13.2015927643 13.2015927643
15855024 8 19609.0 19609.0 19609.0 12.9369363048 12.9369363048 12.9369363048 12.9369363048 12.9369363048 12.9369363048
17440520 4 10143.0 10143.0 10143.0 13.7557093562 13.7557093562 13.7557093562 13.7557093562 13.7557093562 13.7557093562
19184568 4 11093.0 11093.0 11093.0 13.8354407284 13.8354407284 13.8354407284 13.8354407284 13.8354407284 13.8354407284
21103024 4 12438.0 12438.0 12438.0 13.5732587233 13.5732587233 13.5732587233 13.5732587233 13.5732587233 13.5732587233
23213320 4 13643.0 13643.0 13643.0 13.6118566298 13.6118566298 13.6118566298 13.6118566298 13.6118566298 13.6118566298
25534648 4 15319.0 15319.0 15319.0 13.334890267 13.334890267 13.334890267 13.334890267 13.334890267 13.334890267
28088112 4 17053.0 17053.0 17053.0 13.1768542778 13.1768542778 13.1768542778 13.1768542778 13.1768542778 13.1768542778
30896920 4 19754.0 19754.0 19754.0 12.5126738888 12.5126738888 12.5126738888 12.5126738888 12.5126738888 12.5126738888
33986608 2 10656.0 10656.0 10656.0 12.7577357357 12.7577357357 12.7577357357 12.7577357357 12.7577357357 12.7577357357
37385264 2 11816.0 11816.0 11816.0 12.6558104265 12.6558104265 12.6558104265 12.6558104265 12.6558104265 12.6558104265
41123784 2 13124.0 13124.0 13124.0 12.533917708 12.533917708 12.533917708 12.533917708 12.533917708 12.533917708
45236160 2 14479.0 14479.0 14479.0 12.4970398508 12.4970398508 12.4970398508 12.4970398508 12.4970398508 12.4970398508
49759776 2 15791.0 15791.0 15791.0 12.6045914762 12.6045914762 12.6045914762 12.6045914762 12.6045914762 12.6045914762
54735752 2 17653.0 17653.0 17653.0 12.402594913 12.402594913 12.402594913 12.402594913 12.402594913 12.402594913
60209320 2 20107.0 20107.0 20107.0 11.9777828617 11.9777828617 11.9777828617 11.9777828617 11.9777828617 11.9777828617
66230248 2 21759.0 21759.0 21759.0 12.175237465 12.175237465 12.175237465 12.175237465 12.175237465 12.175237465
72853272 1 12277.0 12277.0 12277.0 11.8682531563 11.8682531563 11.8682531563 11.8682531563 11.8682531563 11.8682531563
80138592 1 13344.0 13344.0 13344.0 12.0111798561 12.0111798561 12.0111798561 12.0111798561 12.0111798561 12.0111798561
88152448 1 14626.0 14626.0 14626.0 12.0542114043 12.0542114043 12.0542114043 12.0542114043 12.0542114043 12.0542114043
96967688 1 16235.0 16235.0 16235.0 11.9455113027 11.9455113027 11.9455113027 11.9455113027 11.9455113027 11.9455113027
106664456 1 17347.0 17347.0 17347.0 12.297740935 12.297740935 12.297740935 12.297740935 12.297740935 12.297740935
117330896 1 18929.0 18929.0 18929.0 12.3969460616 12.3969460616 12.3969460616 12.3969460616 12.3969460616 12.3969460616
129063984 1 19763.0 19763.0 19763.0 13.0611733036 13.0611733036 13.0611733036 13.0611733036 13.0611733036 13.0611733036

META_DATA
ERT_VERSION  1.1.0
HOSTNAME  ('af11b929b168', [], ['172.17.0.2'])
FLOPS          16
UNAME  ('Linux', 'af11b929b168', '5.4.72-microsoft-standard-WSL2', '#1 SMP Wed Oct 28 23:40:43 UTC 2020', 'x86_64', 'x86_64')
CONFIG  {'ERT_WORKING_SET_MIN': ['1'], 'ERT_CFLAGS': ['-Ofast', '-march=native'], 'ERT_CC': ['cc'], 'ERT_MPI_CFLAGS': [], 'ERT_MPI_LDFLAGS': [], 'ERT_MEMORY_MAX': ['134217728', '#', '128MB'], 'ERT_LDFLAGS': [], 'ERT_LDLIBS': [], 'ERT_RUN': ['./ERT_CODE'], 'ERT_FLOPS': ['1,4,16,64'], 'ERT_OPENMP_CFLAGS': ['-fopenmp'], 'ERT_MPI': ['False'], 'ERT_TRIALS_MIN': ['1'], 'ERT_DRIVER': ['driver1'], 'ERT_RESULTS': ['Sequential'], 'ERT_OPENMP': ['False'], 'ERT_KERNEL': ['kernel1'], 'ERT_GPU': [False], 'ERT_LD': ['cc'], 'ERT_NUM_EXPERIMENTS': ['1'], 'ERT_OPENMP_LDFLAGS': ['-fopenmp'], 'ERT_ALIGN': ['64'], 'ERT_GNUPLOT': ['gnuplot']}
TIMESTAMP_DATA  1619406540.16
