16 16777216 135417.938 135417.938 135417.938 3.96454797591 3.96454797591 3.96454797591 0.247784248494 0.247784248494 0.247784248494
32 8388608 67361.116 67361.116 67361.116 7.9700418265 7.9700418265 7.9700418265 0.498127614157 0.498127614157 0.498127614157
48 4194304 35952.091 35952.091 35952.091 11.19971531 11.19971531 11.19971531 0.699982206876 0.699982206876 0.699982206876
64 4194304 45104.027 45104.027 45104.027 11.9029485327 11.9029485327 11.9029485327 0.743934283296 0.743934283296 0.743934283296
80 2097152 21039.963 21039.963 21039.963 15.9479519997 15.9479519997 15.9479519997 0.996746999983 0.996746999983 0.996746999983
96 2097152 32564.878 32564.878 32564.878 12.3646458617 12.3646458617 12.3646458617 0.772790366357 0.772790366357 0.772790366357
112 2097152 38022.041 38022.041 38022.041 12.3549929369 12.3549929369 12.3549929369 0.772187058554 0.772187058554 0.772187058554
128 2097152 37440.062 37440.062 37440.062 14.3394771088 14.3394771088 14.3394771088 0.896217319298 0.896217319298 0.896217319298
144 1048576 17997.026 17997.026 17997.026 16.779988427 16.779988427 16.779988427 1.04874927669 1.04874927669 1.04874927669
160 1048576 20803.213 20803.213 20803.213 16.1294469273 16.1294469273 16.1294469273 1.00809043295 1.00809043295 1.00809043295
176 1048576 26437.998 26437.998 26437.998 13.9609191286 13.9609191286 13.9609191286 0.872557445537 0.872557445537 0.872557445537
192 1048576 28282.881 28282.881 28282.881 14.2366396125 14.2366396125 14.2366396125 0.889789975781 0.889789975781 0.889789975781
208 1048576 29588.938 29588.938 29588.938 14.7422532029 14.7422532029 14.7422532029 0.921390825179 0.921390825179 0.921390825179
224 1048576 28072.834 28072.834 28072.834 16.7336880915 16.7336880915 16.7336880915 1.04585550572 1.04585550572 1.04585550572
240 1048576 29921.055 29921.055 29921.055 16.8214817292 16.8214817292 16.8214817292 1.05134260807 1.05134260807 1.05134260807
256 1048576 9907.007 9907.007 9907.007 54.1910298438 54.1910298438 54.1910298438 3.38693936524 3.38693936524 3.38693936524
272 524288 6897.926 6897.926 6897.926 41.3475981041 41.3475981041 41.3475981041 2.58422488151 2.58422488151 2.58422488151
288 524288 5046.844 5046.844 5046.844 59.8373732178 59.8373732178 59.8373732178 3.73983582611 3.73983582611 3.73983582611
304 524288 5271.196 5271.196 5271.196 60.4733923762 60.4733923762 60.4733923762 3.77958702351 3.77958702351 3.77958702351
320 524288 10347.128 10347.128 10347.128 32.4287396464 32.4287396464 32.4287396464 2.0267962279 2.0267962279 2.0267962279
352 524288 12380.123 12380.123 12380.123 29.8138194588 29.8138194588 29.8138194588 1.86336371618 1.86336371618 1.86336371618
384 524288 12126.923 12126.923 12126.923 33.2032440546 33.2032440546 33.2032440546 2.07520275341 2.07520275341 2.07520275341
416 524288 10442.019 10442.019 10442.019 41.7742599396 41.7742599396 41.7742599396 2.61089124622 2.61089124622 2.61089124622
448 524288 14031.887 14031.887 14031.887 33.4781806609 33.4781806609 33.4781806609 2.09238629131 2.09238629131 2.09238629131
480 524288 17228.127 17228.127 17228.127 29.2148113373 29.2148113373 29.2148113373 1.82592570858 1.82592570858 1.82592570858
528 262144 3219.128 3219.128 3219.128 85.9934938903 85.9934938903 85.9934938903 5.37459336814 5.37459336814 5.37459336814
576 262144 3886.938 3886.938 3886.938 77.6935181369 77.6935181369 77.6935181369 4.85584488356 4.85584488356 4.85584488356
624 262144 6467.104 6467.104 6467.104 50.5876682979 50.5876682979 50.5876682979 3.16172926862 3.16172926862 3.16172926862
672 262144 7522.106 7522.106 7522.106 46.8381509115 46.8381509115 46.8381509115 2.92738443197 2.92738443197 2.92738443197
736 262144 7078.886 7078.886 7078.886 54.5108323541 54.5108323541 54.5108323541 3.40692702213 3.40692702213 3.40692702213
800 262144 8947.134 8947.134 8947.134 46.8787435172 46.8787435172 46.8787435172 2.92992146982 2.92992146982 2.92992146982
880 262144 5880.117 5880.117 5880.117 78.4633094886 78.4633094886 78.4633094886 4.90395684304 4.90395684304 4.90395684304
960 262144 13238.907 13238.907 13238.907 38.0179783724 38.0179783724 38.0179783724 2.37612364827 2.37612364827 2.37612364827
1056 131072 6666.183 6666.183 6666.183 41.5266223565 41.5266223565 41.5266223565 2.59541389728 2.59541389728 2.59541389728
1152 131072 7771.969 7771.969 7771.969 38.8562908576 38.8562908576 38.8562908576 2.4285181786 2.4285181786 2.4285181786
1264 131072 8955.002 8955.002 8955.002 37.0016685647 37.0016685647 37.0016685647 2.31260428529 2.31260428529 2.31260428529
1376 131072 8812.904 8812.904 8812.904 40.9297711628 40.9297711628 40.9297711628 2.55811069768 2.55811069768 2.55811069768
1504 131072 6907.94 6907.94 6907.94 57.0741170305 57.0741170305 57.0741170305 3.56713231441 3.56713231441 3.56713231441
1648 131072 5213.976 5213.976 5213.976 82.8567895211 82.8567895211 82.8567895211 5.17854934507 5.17854934507 5.17854934507
1808 131072 5396.843 5396.843 5396.843 87.8210375955 87.8210375955 87.8210375955 5.48881484972 5.48881484972 5.48881484972
1984 131072 6491.899 6491.899 6491.899 80.11426179 80.11426179 80.11426179 5.00714136187 5.00714136187 5.00714136187
2176 65536 6358.147 6358.147 6358.147 44.8578291757 44.8578291757 44.8578291757 2.80361432348 2.80361432348 2.80361432348
2384 65536 3751.993 3751.993 3751.993 83.2825775528 83.2825775528 83.2825775528 5.20516109705 5.20516109705 5.20516109705
2608 65536 4115.105 4115.105 4115.105 83.068542844 83.068542844 83.068542844 5.19178392775 5.19178392775 5.19178392775
2864 65536 4392.862 4392.862 4392.862 85.4545870096 85.4545870096 85.4545870096 5.3409116881 5.3409116881 5.3409116881
3136 65536 4858.971 4858.971 4858.971 84.5944114505 84.5944114505 84.5944114505 5.28715071566 5.28715071566 5.28715071566
3440 65536 5361.08 5361.08 5361.08 84.1038895148 84.1038895148 84.1038895148 5.25649309467 5.25649309467 5.25649309467
3776 65536 11955.976 11955.976 11955.976 41.3958569338 41.3958569338 41.3958569338 2.58724105836 2.58724105836 2.58724105836
4144 32768 3226.042 3226.042 3226.042 84.1840199229 84.1840199229 84.1840199229 5.26150124518 5.26150124518 5.26150124518
4544 32768 3515.959 3515.959 3515.959 84.6982527384 84.6982527384 84.6982527384 5.29364079615 5.29364079615 5.29364079615
4992 32768 3820.181 3820.181 3820.181 85.6387987899 85.6387987899 85.6387987899 5.35242492437 5.35242492437 5.35242492437
5488 32768 4145.861 4145.861 4145.861 86.7519600874 86.7519600874 86.7519600874 5.42199750546 5.42199750546 5.42199750546
6032 32768 8693.933 8693.933 8693.933 45.4700021268 45.4700021268 45.4700021268 2.84187513292 2.84187513292 2.84187513292
6624 32768 6344.08 6344.08 6344.08 68.4276465618 68.4276465618 68.4276465618 4.27672791011 4.27672791011 4.27672791011
7280 32768 11153.936 11153.936 11153.936 42.7743246868 42.7743246868 42.7743246868 2.67339529293 2.67339529293 2.67339529293
8000 32768 6047.964 6047.964 6047.964 86.6883466899 86.6883466899 86.6883466899 5.41802166812 5.41802166812 5.41802166812
8800 16384 3525.972 3525.972 3525.972 81.7812506736 81.7812506736 81.7812506736 5.1113281671 5.1113281671 5.1113281671
9680 16384 7337.093 7337.093 7337.093 43.2315959468 43.2315959468 43.2315959468 2.70197474667 2.70197474667 2.70197474667
10640 16384 4284.143 4284.143 4284.143 81.3818586354 81.3818586354 81.3818586354 5.08636616471 5.08636616471 5.08636616471
11696 16384 4610.062 4610.062 4610.062 83.1343543753 83.1343543753 83.1343543753 5.19589714845 5.19589714845 5.19589714845
12864 16384 5019.903 5019.903 5019.903 83.9712544246 83.9712544246 83.9712544246 5.24820340154 5.24820340154 5.24820340154
14144 16384 5513.906 5513.906 5513.906 84.0548591144 84.0548591144 84.0548591144 5.25342869465 5.25342869465 5.25342869465
15552 16384 11687.994 11687.994 11687.994 43.6009751545 43.6009751545 43.6009751545 2.72506094716 2.72506094716 2.72506094716
17104 8192 6453.991 6453.991 6453.991 43.4199452711 43.4199452711 43.4199452711 2.71374657944 2.71374657944 2.71374657944
18800 8192 3948.927 3948.927 3948.927 78.0007328573 78.0007328573 78.0007328573 4.87504580358 4.87504580358 4.87504580358
20672 8192 4092.932 4092.932 4092.932 82.7499816757 82.7499816757 82.7499816757 5.17187385473 5.17187385473 5.17187385473
22736 8192 8521.08 8521.08 8521.08 43.7158932905 43.7158932905 43.7158932905 2.73224333066 2.73224333066 2.73224333066
25008 8192 5069.017 5069.017 5069.017 80.8304789666 80.8304789666 80.8304789666 5.05190493541 5.05190493541 5.05190493541
27504 8192 5458.832 5458.832 5458.832 82.5498084572 82.5498084572 82.5498084572 5.15936302857 5.15936302857 5.15936302857
30240 8192 6081.104 6081.104 6081.104 81.4740481334 81.4740481334 81.4740481334 5.09212800834 5.09212800834 5.09212800834
33264 4096 3320.932 3320.932 3320.932 82.0548833882 82.0548833882 82.0548833882 5.12843021176 5.12843021176 5.12843021176
36576 4096 3696.203 3696.203 3696.203 81.0644307144 81.0644307144 81.0644307144 5.06652691965 5.06652691965 5.06652691965
40224 4096 4050.016 4050.016 4050.016 81.3614089426 81.3614089426 81.3614089426 5.08508805891 5.08508805891 5.08508805891
44240 4096 4425.049 4425.049 4425.049 81.900580084 81.900580084 81.900580084 5.11878625525 5.11878625525 5.11878625525
48656 4096 4767.895 4767.895 4767.895 83.5987269015 83.5987269015 83.5987269015 5.22492043134 5.22492043134 5.22492043134
53520 4096 5290.031 5290.031 5290.031 82.8796352989 82.8796352989 82.8796352989 5.17997720618 5.17997720618 5.17997720618
58864 4096 5966.187 5966.187 5966.187 80.8244676206 80.8244676206 80.8244676206 5.05152922629 5.05152922629 5.05152922629
64736 4096 6582.975 6582.975 6582.975 80.5589132573 80.5589132573 80.5589132573 5.03493207858 5.03493207858 5.03493207858
71200 2048 3659.964 3659.964 3659.964 79.6825323965 79.6825323965 79.6825323965 4.98015827478 4.98015827478 4.98015827478
78320 2048 4209.995 4209.995 4209.995 76.1993114006 76.1993114006 76.1993114006 4.76245696254 4.76245696254 4.76245696254
86144 2048 4770.041 4770.041 4770.041 73.9712350481 73.9712350481 73.9712350481 4.62320219051 4.62320219051 4.62320219051
94752 2048 5079.985 5079.985 5079.985 76.3986885788 76.3986885788 76.3986885788 4.77491803618 4.77491803618 4.77491803618
104224 2048 5655.05 5655.05 5655.05 75.4903146745 75.4903146745 75.4903146745 4.71814466716 4.71814466716 4.71814466716
114640 2048 6417.036 6417.036 6417.036 73.1748177819 73.1748177819 73.1748177819 4.57342611137 4.57342611137 4.57342611137
126096 2048 6799.936 6799.936 6799.936 75.9550113413 75.9550113413 75.9550113413 4.74718820883 4.74718820883 4.74718820883
138704 1024 4335.165 4335.165 4335.165 65.5259469939 65.5259469939 65.5259469939 4.09537168712 4.09537168712 4.09537168712
152560 1024 4325.867 4325.867 4325.867 72.2266495942 72.2266495942 72.2266495942 4.51416559964 4.51416559964 4.51416559964
167808 1024 8610.01 8610.01 8610.01 39.9152595642 39.9152595642 39.9152595642 2.49470372276 2.49470372276 2.49470372276
184576 1024 5338.907 5338.907 5338.907 70.803190241 70.803190241 70.803190241 4.42519939006 4.42519939006 4.42519939006
203024 1024 5465.984 5465.984 5465.984 76.0692223029 76.0692223029 76.0692223029 4.75432639393 4.75432639393 4.75432639393
223312 1024 6040.096 6040.096 6040.096 75.7178322994 75.7178322994 75.7178322994 4.73236451871 4.73236451871 4.73236451871
245632 1024 7326.126 7326.126 7326.126 68.6658045466 68.6658045466 68.6658045466 4.29161278416 4.29161278416 4.29161278416
270192 512 3600.121 3600.121 3600.121 76.8520302512 76.8520302512 76.8520302512 4.8032518907 4.8032518907 4.8032518907
297200 512 4202.843 4202.843 4202.843 72.411175007 72.411175007 72.411175007 4.52569843794 4.52569843794 4.52569843794
326912 512 4519.939 4519.939 4519.939 74.0624791618 74.0624791618 74.0624791618 4.62890494761 4.62890494761 4.62890494761
359600 512 5252.123 5252.123 5252.123 70.1107723486 70.1107723486 70.1107723486 4.38192327179 4.38192327179 4.38192327179
395552 512 5362.988 5362.988 5362.988 75.5260403342 75.5260403342 75.5260403342 4.72037752089 4.72037752089 4.72037752089
435104 512 12238.026 12238.026 12238.026 36.4067289937 36.4067289937 36.4067289937 2.27542056211 2.27542056211 2.27542056211
478608 512 7139.921 7139.921 7139.921 68.641458638 68.641458638 68.641458638 4.29009116487 4.29009116487 4.29009116487
526464 256 4404.068 4404.068 4404.068 61.2046789468 61.2046789468 61.2046789468 3.82529243418 3.82529243418 3.82529243418
579104 256 4293.919 4293.919 4293.919 69.0514301737 69.0514301737 69.0514301737 4.31571438586 4.31571438586 4.31571438586
637008 256 4380.941 4380.941 4380.941 74.4470414005 74.4470414005 74.4470414005 4.65294008753 4.65294008753 4.65294008753
700704 256 4944.086 4944.086 4944.086 72.5635533039 72.5635533039 72.5635533039 4.53522208149 4.53522208149 4.53522208149
770768 256 5424.023 5424.023 5424.023 72.7565528391 72.7565528391 72.7565528391 4.54728455244 4.54728455244 4.54728455244
847840 256 6767.988 6767.988 6767.988 64.1393099397 64.1393099397 64.1393099397 4.00870687123 4.00870687123 4.00870687123
932624 256 8052.826 8052.826 8052.826 59.2963871317 59.2963871317 59.2963871317 3.70602419573 3.70602419573 3.70602419573
1025872 256 8225.918 8225.918 8225.918 63.8526258103 63.8526258103 63.8526258103 3.99078911314 3.99078911314 3.99078911314
1128448 128 4778.862 4778.862 4778.862 60.4501004632 60.4501004632 60.4501004632 3.77813127895 3.77813127895 3.77813127895
1241280 128 4802.942 4802.942 4802.942 66.1610487905 66.1610487905 66.1610487905 4.13506554941 4.13506554941 4.13506554941
1365408 128 5417.824 5417.824 5417.824 64.5174977999 64.5174977999 64.5174977999 4.03234361249 4.03234361249 4.03234361249
1501936 128 5734.205 5734.205 5734.205 67.052994443 67.052994443 67.052994443 4.19081215269 4.19081215269 4.19081215269
1652128 128 6329.06 6329.06 6329.06 66.8258427002 66.8258427002 66.8258427002 4.17661516876 4.17661516876 4.17661516876
1817328 128 6683.826 6683.826 6683.826 69.6062357099 69.6062357099 69.6062357099 4.35038973187 4.35038973187 4.35038973187
1999056 128 7534.981 7534.981 7534.981 67.917667742 67.917667742 67.917667742 4.24485423387 4.24485423387 4.24485423387
2198960 64 4709.959 4709.959 4709.959 59.7599427086 59.7599427086 59.7599427086 3.73499641929 3.73499641929 3.73499641929
2418848 64 5285.025 5285.025 5285.025 58.5829857002 58.5829857002 58.5829857002 3.66143660626 3.66143660626 3.66143660626
2660720 64 5949.974 5949.974 5949.974 57.2392686086 57.2392686086 57.2392686086 3.57745428804 3.57745428804 3.57745428804
2926784 64 6936.073 6936.073 6936.073 54.0115930152 54.0115930152 54.0115930152 3.37572456345 3.37572456345 3.37572456345
3219456 64 7698.774 7698.774 7698.774 53.5267521816 53.5267521816 53.5267521816 3.34542201135 3.34542201135 3.34542201135
3541392 64 13191.938 13191.938 13191.938 34.3617576129 34.3617576129 34.3617576129 2.1476098508 2.1476098508 2.1476098508
3895520 64 17627.001 17627.001 17627.001 28.2876571006 28.2876571006 28.2876571006 1.76797856879 1.76797856879 1.76797856879
4285072 32 13031.006 13031.006 13031.006 21.045543836 21.045543836 21.045543836 1.31534648975 1.31534648975 1.31534648975
4713568 32 22789.955 22789.955 22789.955 13.2368998535 13.2368998535 13.2368998535 0.827306240842 0.827306240842 0.827306240842
5184912 32 25948.048 25948.048 25948.048 12.7884135254 12.7884135254 12.7884135254 0.799275845335 0.799275845335 0.799275845335
5703392 32 26489.019 26489.019 26489.019 13.7799398309 13.7799398309 13.7799398309 0.861246239432 0.861246239432 0.861246239432
6273728 32 50673.008 50673.008 50673.008 7.92371733685 7.92371733685 7.92371733685 0.495232333553 0.495232333553 0.495232333553
6901088 32 73840.857 73840.857 73840.857 5.98137196593 5.98137196593 5.98137196593 0.373835747871 0.373835747871 0.373835747871
7591184 32 66215.992 66215.992 66215.992 7.33713656363 7.33713656363 7.33713656363 0.458571035227 0.458571035227 0.458571035227
8350288 32 66252.947 66252.947 66252.947 8.0663344983 8.0663344983 8.0663344983 0.504145906144 0.504145906144 0.504145906144
9185312 16 39945.126 39945.126 39945.126 7.35834414441 7.35834414441 7.35834414441 0.459896509026 0.459896509026 0.459896509026
10103840 16 62352.18 62352.18 62352.18 5.18543024478 5.18543024478 5.18543024478 0.324089390299 0.324089390299 0.324089390299
11114224 16 51472.902 51472.902 51472.902 6.90956122894 6.90956122894 6.90956122894 0.431847576808 0.431847576808 0.431847576808
12225632 16 52875.996 52875.996 52875.996 7.39882467651 7.39882467651 7.39882467651 0.462426542282 0.462426542282 0.462426542282
13448192 16 51930.904 51930.904 51930.904 8.28682173528 8.28682173528 8.28682173528 0.517926358455 0.517926358455 0.517926358455
14793008 16 56189.06 56189.06 56189.06 8.42470502265 8.42470502265 8.42470502265 0.526544063916 0.526544063916 0.526544063916
16272304 16 60023.069 60023.069 60023.069 8.67522665327 8.67522665327 8.67522665327 0.54220166583 0.54220166583 0.54220166583
17899520 8 32918.93 32918.93 32918.93 8.69992797457 8.69992797457 8.69992797457 0.543745498411 0.543745498411 0.543745498411
19689472 8 23756.981 23756.981 23756.981 13.2605886245 13.2605886245 13.2605886245 0.828786789028 0.828786789028 0.828786789028
21658416 8 26321.888 26321.888 26321.888 13.1652659566 13.1652659566 13.1652659566 0.822829122288 0.822829122288 0.822829122288
23824256 8 28505.087 28505.087 28505.087 13.3726340144 13.3726340144 13.3726340144 0.835789625901 0.835789625901 0.835789625901
26206672 8 35255.909 35255.909 35255.909 11.89323333 11.89323333 11.89323333 0.743327083128 0.743327083128 0.743327083128
28827328 8 35392.046 35392.046 35392.046 13.0322289929 13.0322289929 13.0322289929 0.814514312058 0.814514312058 0.814514312058
31710048 8 40144.92 40144.92 40144.92 12.6382308895 12.6382308895 12.6382308895 0.789889430593 0.789889430593 0.789889430593
34881040 4 21529.913 21529.913 21529.913 12.9609590155 12.9609590155 12.9609590155 0.810059938468 0.810059938468 0.810059938468
38369136 4 23469.925 23469.925 23469.925 13.0785713205 13.0785713205 13.0785713205 0.817410707533 0.817410707533 0.817410707533
42206048 4 25460.005 25460.005 25460.005 13.2619134992 13.2619134992 13.2619134992 0.828869593702 0.828869593702 0.828869593702
46426640 4 29460.907 29460.907 29460.907 12.6069818557 12.6069818557 12.6069818557 0.787936365978 0.787936365978 0.787936365978
51069296 4 33792.973 33792.973 33792.973 12.0899208247 12.0899208247 12.0899208247 0.755620051541 0.755620051541 0.755620051541
56176224 4 33915.043 33915.043 33915.043 13.2510459149 13.2510459149 13.2510459149 0.828190369683 0.828190369683 0.828190369683
61793840 4 38056.135 38056.135 38056.135 12.9900401079 12.9900401079 12.9900401079 0.811877506741 0.811877506741 0.811877506741
67973216 2 20498.037 20498.037 20498.037 13.2643366777 13.2643366777 13.2643366777 0.829021042356 0.829021042356 0.829021042356
74770528 2 23521.9 23521.9 23521.9 12.7150490394 12.7150490394 12.7150490394 0.794690564963 0.794690564963 0.794690564963
82247568 2 24853.945 24853.945 24853.945 13.2369437528 13.2369437528 13.2369437528 0.82730898455 0.82730898455 0.82730898455
90472320 2 27639.151 27639.151 27639.151 13.0933573177 13.0933573177 13.0933573177 0.818334832354 0.818334832354 0.818334832354
99519552 2 31358.957 31358.957 31358.957 12.6942426051 12.6942426051 12.6942426051 0.793390162817 0.793390162817 0.793390162817
109471504 2 32985.21 32985.21 32985.21 13.2752229257 13.2752229257 13.2752229257 0.829701432854 0.829701432854 0.829701432854
120418640 2 36452.055 36452.055 36452.055 13.2139205869 13.2139205869 13.2139205869 0.825870036682 0.825870036682 0.825870036682
132460496 2 40415.049 40415.049 40415.049 13.1100171127 13.1100171127 13.1100171127 0.819376069543 0.819376069543 0.819376069543
145706544 1 22579.908 22579.908 22579.908 12.9058580752 12.9058580752 12.9058580752 0.806616129703 0.806616129703 0.806616129703
160277184 1 24626.97 24626.97 24626.97 13.0163949524 13.0163949524 13.0163949524 0.813524684523 0.813524684523 0.813524684523
176304896 1 26684.046 26684.046 26684.046 13.2142551396 13.2142551396 13.2142551396 0.825890946223 0.825890946223 0.825890946223
193935376 1 29335.976 29335.976 29335.976 13.2216753927 13.2216753927 13.2216753927 0.826354712044 0.826354712044 0.826354712044
213328912 1 36174.059 36174.059 36174.059 11.7945797567 11.7945797567 11.7945797567 0.737161234795 0.737161234795 0.737161234795
234661792 1 37482.023 37482.023 37482.023 12.5212981167 12.5212981167 12.5212981167 0.782581132294 0.782581132294 0.782581132294
258127968 1 39223.194 39223.194 39223.194 13.1620065413 13.1620065413 13.1620065413 0.822625408833 0.822625408833 0.822625408833

META_DATA
ERT_VERSION  1.1.0
UNAME  ('Linux', '5a481ab6924f', '5.4.72-microsoft-standard-WSL2', '#1 SMP Wed Oct 28 23:40:43 UTC 2020', 'x86_64', 'x86_64')
OPENMP_THREADS 2
HOSTNAME  ('5a481ab6924f', [], ['172.17.0.4'])
FLOPS          1
TIMESTAMP_DATA  1620609621.0
CONFIG  {'ERT_WORKING_SET_MIN': ['1'], 'ERT_CFLAGS': ['-Ofast', '-march=native'], 'ERT_CC': ['cc'], 'ERT_MPI_CFLAGS': [], 'ERT_MPI_LDFLAGS': [], 'ERT_MEMORY_MAX': ['268435456', '#', '256MB'], 'ERT_LDFLAGS': [], 'ERT_LDLIBS': [], 'ERT_RUN': ['export', 'OMP_NUM_THREADS=ERT_OPENMP_THREADS', ';', './ERT_CODE'], 'ERT_FLOPS': ['1,4,16,64'], 'ERT_OPENMP_CFLAGS': ['-fopenmp'], 'ERT_MPI': ['False'], 'ERT_TRIALS_MIN': ['1'], 'ERT_DRIVER': ['driver1'], 'ERT_RESULTS': ['OpenMP_2'], 'ERT_OPENMP': ['True'], 'ERT_OPENMP_THREADS': ['1,2'], 'ERT_KERNEL': ['kernel1'], 'ERT_GPU': [False], 'ERT_LD': ['cc'], 'ERT_NUM_EXPERIMENTS': ['1'], 'ERT_OPENMP_LDFLAGS': ['-fopenmp'], 'ERT_ALIGN': ['64'], 'ERT_GNUPLOT': ['gnuplot']}
