8 33554432 314368.01 314368.01 314368.01 1.7077784473 1.7077784473 1.7077784473 0.106736152957 0.106736152957 0.106736152957
16 16777216 135384.798 135384.798 135384.798 3.96551843287 3.96551843287 3.96551843287 0.247844902055 0.247844902055 0.247844902055
24 8388608 67378.044 67378.044 67378.044 5.9760295802 5.9760295802 5.9760295802 0.373501848762 0.373501848762 0.373501848762
32 8388608 70060.968 70060.968 70060.968 7.66291028123 7.66291028123 7.66291028123 0.478931892577 0.478931892577 0.478931892577
40 4194304 51458.12 51458.12 51458.12 6.52072636933 6.52072636933 6.52072636933 0.407545398083 0.407545398083 0.407545398083
48 4194304 56216.002 56216.002 56216.002 7.16260797059 7.16260797059 7.16260797059 0.447662998162 0.447662998162 0.447662998162
56 4194304 58701.992 58701.992 58701.992 8.00248904671 8.00248904671 8.00248904671 0.500155565419 0.500155565419 0.500155565419
64 4194304 67136.765 67136.765 67136.765 7.99667532387 7.99667532387 7.99667532387 0.499792207742 0.499792207742 0.499792207742
72 2097152 35912.037 35912.037 35912.037 8.40915506965 8.40915506965 8.40915506965 0.525572191853 0.525572191853 0.525572191853
80 2097152 49333.096 49333.096 49333.096 6.8016067753 6.8016067753 6.8016067753 0.425100423456 0.425100423456 0.425100423456
88 2097152 44198.036 44198.036 44198.036 8.35102157028 8.35102157028 8.35102157028 0.521938848142 0.521938848142 0.521938848142
96 2097152 79434.872 79434.872 79434.872 5.06897252884 5.06897252884 5.06897252884 0.316810783053 0.316810783053 0.316810783053
104 2097152 59611.082 59611.082 59611.082 7.31755910755 7.31755910755 7.31755910755 0.457347444222 0.457347444222 0.457347444222
112 2097152 95826.149 95826.149 95826.149 4.90223235414 4.90223235414 4.90223235414 0.306389522133 0.306389522133 0.306389522133
120 2097152 54574.966 54574.966 54574.966 9.2224790392 9.2224790392 9.2224790392 0.57640493995 0.57640493995 0.57640493995
128 2097152 20705.938 20705.938 20705.938 25.9283550448 25.9283550448 25.9283550448 1.6205221903 1.6205221903 1.6205221903
136 1048576 10154.009 10154.009 10154.009 28.0886763051 28.0886763051 28.0886763051 1.75554226907 1.75554226907 1.75554226907
144 1048576 10035.038 10035.038 10035.038 30.0935470299 30.0935470299 30.0935470299 1.88084668937 1.88084668937 1.88084668937
152 1048576 9940.863 9940.863 9940.863 32.0663411215 32.0663411215 32.0663411215 2.00414632009 2.00414632009 2.00414632009
160 1048576 10947.943 10947.943 10947.943 30.6490744426 30.6490744426 30.6490744426 1.91556715266 1.91556715266 1.91556715266
176 1048576 14735.937 14735.937 14735.937 25.0475251082 25.0475251082 25.0475251082 1.56547031926 1.56547031926 1.56547031926
192 1048576 16584.873 16584.873 16584.873 24.2783399065 24.2783399065 24.2783399065 1.51739624416 1.51739624416 1.51739624416
208 1048576 21183.014 21183.014 21183.014 20.5923300622 20.5923300622 20.5923300622 1.28702062889 1.28702062889 1.28702062889
224 1048576 27162.79 27162.79 27162.79 17.2943224168 17.2943224168 17.2943224168 1.08089515105 1.08089515105 1.08089515105
240 1048576 26293.039 26293.039 26293.039 19.1425753409 19.1425753409 19.1425753409 1.19641095881 1.19641095881 1.19641095881
264 524288 7779.121 7779.121 7779.121 35.5855197522 35.5855197522 35.5855197522 2.22409498451 2.22409498451 2.22409498451
288 524288 11482.0 11482.0 11482.0 26.3011572897 26.3011572897 26.3011572897 1.6438223306 1.6438223306 1.6438223306
312 524288 10478.973 10478.973 10478.973 31.2202075528 31.2202075528 31.2202075528 1.95126297205 1.95126297205 1.95126297205
336 524288 11258.125 11258.125 11258.125 31.2948680175 31.2948680175 31.2948680175 1.9559292511 1.9559292511 1.9559292511
368 524288 14570.951 14570.951 14570.951 26.4825520311 26.4825520311 26.4825520311 1.65515950194 1.65515950194 1.65515950194
400 524288 10314.941 10314.941 10314.941 40.6624138713 40.6624138713 40.6624138713 2.54140086696 2.54140086696 2.54140086696
440 524288 12753.963 12753.963 12753.963 36.1749081442 36.1749081442 36.1749081442 2.26093175901 2.26093175901 2.26093175901
480 524288 24120.092 24120.092 24120.092 20.867104487 20.867104487 20.867104487 1.30419403044 1.30419403044 1.30419403044
528 262144 7169.962 7169.962 7169.962 38.6088606885 38.6088606885 38.6088606885 2.41305379303 2.41305379303 2.41305379303
576 262144 9830.952 9830.952 9830.952 30.7182750969 30.7182750969 30.7182750969 1.91989219355 1.91989219355 1.91989219355
632 262144 12478.828 12478.828 12478.828 26.552975648 26.552975648 26.552975648 1.659560978 1.659560978 1.659560978
688 262144 10457.993 10457.993 10457.993 34.4913353834 34.4913353834 34.4913353834 2.15570846146 2.15570846146 2.15570846146
752 262144 12583.017 12583.017 12583.017 31.3330718698 31.3330718698 31.3330718698 1.95831699186 1.95831699186 1.95831699186
824 262144 10992.05 10992.05 10992.05 39.3023423292 39.3023423292 39.3023423292 2.45639639558 2.45639639558 2.45639639558
904 262144 11640.072 11640.072 11640.072 40.7176477946 40.7176477946 40.7176477946 2.54485298716 2.54485298716 2.54485298716
992 262144 14913.082 14913.082 14913.082 34.8749974016 34.8749974016 34.8749974016 2.1796873376 2.1796873376 2.1796873376
1088 131072 6865.978 6865.978 6865.978 41.5399921177 41.5399921177 41.5399921177 2.59624950735 2.59624950735 2.59624950735
1192 131072 7734.06 7734.06 7734.06 40.4025373478 40.4025373478 40.4025373478 2.52515858424 2.52515858424 2.52515858424
1304 131072 7910.967 7910.967 7910.967 43.2103655596 43.2103655596 43.2103655596 2.70064784748 2.70064784748 2.70064784748
1432 131072 8873.94 8873.94 8873.94 42.3025406978 42.3025406978 42.3025406978 2.64390879361 2.64390879361 2.64390879361
1568 131072 9727.955 9727.955 9727.955 42.2536691422 42.2536691422 42.2536691422 2.64085432139 2.64085432139 2.64085432139
1720 131072 10561.943 10561.943 10561.943 42.6898422004 42.6898422004 42.6898422004 2.66811513753 2.66811513753 2.66811513753
1888 131072 11682.034 11682.034 11682.034 42.3665837644 42.3665837644 42.3665837644 2.64791148528 2.64791148528 2.64791148528
2072 65536 7599.115 7599.115 7599.115 35.7385279733 35.7385279733 35.7385279733 2.23365799833 2.23365799833 2.23365799833
2272 65536 6966.114 6966.114 6966.114 42.7491689054 42.7491689054 42.7491689054 2.67182305659 2.67182305659 2.67182305659
2496 65536 7592.201 7592.201 7592.201 43.0910235385 43.0910235385 43.0910235385 2.69318897116 2.69318897116 2.69318897116
2744 65536 8494.854 8494.854 8494.854 42.3387580293 42.3387580293 42.3387580293 2.64617237683 2.64617237683 2.64617237683
3016 65536 9121.895 9121.895 9121.895 43.3367356235 43.3367356235 43.3367356235 2.70854597647 2.70854597647 2.70854597647
3312 65536 10133.028 10133.028 10133.028 42.8411392922 42.8411392922 42.8411392922 2.67757120576 2.67757120576 2.67757120576
3640 65536 10935.068 10935.068 10935.068 43.6304630204 43.6304630204 43.6304630204 2.72690393878 2.72690393878 2.72690393878
4000 65536 12238.026 12238.026 12238.026 42.8408960726 42.8408960726 42.8408960726 2.67755600454 2.67755600454 2.67755600454
4400 32768 7207.87 7207.87 7207.87 40.0060489437 40.0060489437 40.0060489437 2.50037805898 2.50037805898 2.50037805898
4840 32768 7803.917 7803.917 7803.917 40.6455168603 40.6455168603 40.6455168603 2.54034480377 2.54034480377 2.54034480377
5320 32768 8511.066 8511.066 8511.066 40.9644949293 40.9644949293 40.9644949293 2.56028093308 2.56028093308 2.56028093308
5848 32768 9369.135 9369.135 9369.135 40.9060738265 40.9060738265 40.9060738265 2.55662961415 2.55662961415 2.55662961415
6432 32768 10277.033 10277.033 10277.033 41.0164637985 41.0164637985 41.0164637985 2.5635289874 2.5635289874 2.5635289874
7072 32768 11883.02 11883.02 11883.02 39.0027612509 39.0027612509 39.0027612509 2.43767257818 2.43767257818 2.43767257818
7776 32768 12296.2 12296.2 12296.2 41.4443434557 41.4443434557 41.4443434557 2.59027146598 2.59027146598 2.59027146598
8552 16384 7122.993 7122.993 7122.993 39.3418800215 39.3418800215 39.3418800215 2.45886750134 2.45886750134 2.45886750134
9400 16384 7604.122 7604.122 7604.122 40.5068724568 40.5068724568 40.5068724568 2.53167952855 2.53167952855 2.53167952855
10336 16384 9609.222 9609.222 9609.222 35.2463548037 35.2463548037 35.2463548037 2.20289717523 2.20289717523 2.20289717523
11368 16384 10882.854 10882.854 10882.854 34.2287624184 34.2287624184 34.2287624184 2.13929765115 2.13929765115 2.13929765115
12504 16384 12414.932 12414.932 12414.932 33.0030862835 33.0030862835 33.0030862835 2.06269289272 2.06269289272 2.06269289272
13752 16384 11287.928 11287.928 11287.928 39.9210143793 39.9210143793 39.9210143793 2.4950633987 2.4950633987 2.4950633987
15120 16384 12600.899 12600.899 12600.899 39.3187946352 39.3187946352 39.3187946352 2.4574246647 2.4574246647 2.4574246647
16632 8192 7057.905 7057.905 7057.905 38.6090047967 38.6090047967 38.6090047967 2.4130627998 2.4130627998 2.4130627998
18288 8192 7827.997 7827.997 7827.997 38.2767893243 38.2767893243 38.2767893243 2.39229933277 2.39229933277 2.39229933277
20112 8192 8811.951 8811.951 8811.951 37.3941035305 37.3941035305 37.3941035305 2.33713147066 2.33713147066 2.33713147066
22120 8192 9519.1 9519.1 9519.1 38.0723051549 38.0723051549 38.0723051549 2.37951907218 2.37951907218 2.37951907218
24328 8192 18731.117 18731.117 18731.117 21.2795612776 21.2795612776 21.2795612776 1.32997257985 1.32997257985 1.32997257985
26760 8192 12030.84 12030.84 12030.84 36.4426623577 36.4426623577 36.4426623577 2.27766639736 2.27766639736 2.27766639736
29432 8192 13304.949 13304.949 13304.949 36.2431970239 36.2431970239 36.2431970239 2.26519981399 2.26519981399 2.26519981399
32368 8192 13878.822 13878.822 13878.822 38.2105420763 38.2105420763 38.2105420763 2.38815887977 2.38815887977 2.38815887977
35600 4096 7771.015 7771.015 7771.015 37.5285853907 37.5285853907 37.5285853907 2.34553658692 2.34553658692 2.34553658692
39160 4096 9136.915 9136.915 9136.915 35.1101788733 35.1101788733 35.1101788733 2.19438617958 2.19438617958 2.19438617958
43072 4096 9876.013 9876.013 9876.013 35.7275576693 35.7275576693 35.7275576693 2.23297235433 2.23297235433 2.23297235433
47376 4096 10056.973 10056.973 10056.973 38.5905572184 38.5905572184 38.5905572184 2.41190982615 2.41190982615 2.41190982615
52112 4096 11243.105 11243.105 11243.105 37.9700717907 37.9700717907 37.9700717907 2.37312948692 2.37312948692 2.37312948692
57320 4096 12475.014 12475.014 12475.014 37.6404739907 37.6404739907 37.6404739907 2.35252962442 2.35252962442 2.35252962442
63048 4096 14626.026 14626.026 14626.026 35.3130246042 35.3130246042 35.3130246042 2.20706403776 2.20706403776 2.20706403776
69352 2048 7461.786 7461.786 7461.786 38.0694101921 38.0694101921 38.0694101921 2.37933813701 2.37933813701 2.37933813701
76280 2048 8270.025 8270.025 8270.025 37.7801614868 37.7801614868 37.7801614868 2.36126009293 2.36126009293 2.36126009293
83904 2048 9063.959 9063.959 9063.959 37.9161891619 37.9161891619 37.9161891619 2.36976182262 2.36976182262 2.36976182262
92288 2048 10033.131 10033.131 10033.131 37.6763393202 37.6763393202 37.6763393202 2.35477120751 2.35477120751 2.35477120751
101512 2048 11212.111 11212.111 11212.111 37.0842878741 37.0842878741 37.0842878741 2.31776799213 2.31776799213 2.31776799213
111656 2048 15964.031 15964.031 15964.031 28.6483392572 28.6483392572 28.6483392572 1.79052120357 1.79052120357 1.79052120357
122816 2048 13912.916 13912.916 13912.916 36.1573616918 36.1573616918 36.1573616918 2.25983510574 2.25983510574 2.25983510574
135096 1024 7430.077 7430.077 7430.077 37.2373809854 37.2373809854 37.2373809854 2.32733631159 2.32733631159 2.32733631159
148600 1024 8061.886 8061.886 8061.886 37.7495786966 37.7495786966 37.7495786966 2.35934866854 2.35934866854 2.35934866854
163456 1024 11456.013 11456.013 11456.013 29.2211511981 29.2211511981 29.2211511981 1.82632194988 1.82632194988 1.82632194988
179800 1024 26637.077 26637.077 26637.077 13.8239792602 13.8239792602 13.8239792602 0.863998703762 0.863998703762 0.863998703762
197776 1024 13470.173 13470.173 13470.173 30.0697881163 30.0697881163 30.0697881163 1.87936175727 1.87936175727 1.87936175727
217552 1024 11770.964 11770.964 11770.964 37.8513175302 37.8513175302 37.8513175302 2.36570734563 2.36570734563 2.36570734563
239304 1024 13339.043 13339.043 13339.043 36.7413608308 36.7413608308 36.7413608308 2.29633505192 2.29633505192 2.29633505192
263232 512 7272.005 7272.005 7272.005 37.0667467913 37.0667467913 37.0667467913 2.31667167446 2.31667167446 2.31667167446
289552 512 8008.003 8008.003 8008.003 37.0256164989 37.0256164989 37.0256164989 2.31410103118 2.31410103118 2.31410103118
318504 512 8599.043 8599.043 8599.043 37.9284178484 37.9284178484 37.9284178484 2.37052611552 2.37052611552 2.37052611552
350352 512 9675.026 9675.026 9675.026 37.0810836064 37.0810836064 37.0810836064 2.3175677254 2.3175677254 2.3175677254
385384 512 13121.128 13121.128 13121.128 30.0761654029 30.0761654029 30.0761654029 1.87976033768 1.87976033768 1.87976033768
423920 512 13164.043 13164.043 13164.043 32.9757415712 32.9757415712 32.9757415712 2.0609838482 2.0609838482 2.0609838482
466312 512 13309.956 13309.956 13309.956 35.8756623989 35.8756623989 35.8756623989 2.24222889993 2.24222889993 2.24222889993
512936 512 14014.959 14014.959 14014.959 37.4775597988 37.4775597988 37.4775597988 2.34234748742 2.34234748742 2.34234748742
564224 256 7779.121 7779.121 7779.121 37.1356465596 37.1356465596 37.1356465596 2.32097790997 2.32097790997 2.32097790997
620640 256 9129.047 9129.047 9129.047 34.8084175709 34.8084175709 34.8084175709 2.17552609818 2.17552609818 2.17552609818
682704 256 9870.052 9870.052 9870.052 35.4146511082 35.4146511082 35.4146511082 2.21341569426 2.21341569426 2.21341569426
750968 256 10228.872 10228.872 10228.872 37.5892489416 37.5892489416 37.5892489416 2.34932805885 2.34932805885 2.34932805885
826064 256 11260.986 11260.986 11260.986 37.5584134462 37.5584134462 37.5584134462 2.34740084039 2.34740084039 2.34740084039
908664 256 13274.908 13274.908 13274.908 35.0462668367 35.0462668367 35.0462668367 2.19039167729 2.19039167729 2.19039167729
999528 256 14405.966 14405.966 14405.966 35.5240555198 35.5240555198 35.5240555198 2.22025346999 2.22025346999 2.22025346999
1099480 128 8048.058 8048.058 8048.058 34.9732668428 34.9732668428 34.9732668428 2.18582917767 2.18582917767 2.18582917767
1209424 128 8590.937 8590.937 8590.937 36.0394383057 36.0394383057 36.0394383057 2.25246489411 2.25246489411 2.25246489411
1330360 128 9865.999 9865.999 9865.999 34.5197845652 34.5197845652 34.5197845652 2.15748653532 2.15748653532 2.15748653532
1463392 128 10369.062 10369.062 10369.062 36.1294350444 36.1294350444 36.1294350444 2.25808969027 2.25808969027 2.25808969027
1609728 128 11221.17 11221.17 11221.17 36.7243672451 36.7243672451 36.7243672451 2.29527295282 2.29527295282 2.29527295282
1770696 128 15318.155 15318.155 15318.155 29.5922176006 29.5922176006 29.5922176006 1.84951360004 1.84951360004 1.84951360004
1947760 128 13103.962 13103.962 13103.962 38.0515877564 38.0515877564 38.0515877564 2.37822423478 2.37822423478 2.37822423478
2142536 64 7229.09 7229.09 7229.09 37.9362558773 37.9362558773 37.9362558773 2.37101599233 2.37101599233 2.37101599233
2356784 64 7968.903 7968.903 7968.903 37.8556938138 37.8556938138 37.8556938138 2.36598086336 2.36598086336 2.36598086336
2592456 64 13266.087 13266.087 13266.087 25.0137337408 25.0137337408 25.0137337408 1.5633583588 1.5633583588 1.5633583588
2851696 64 20818.233 20818.233 20818.233 17.5335288062 17.5335288062 17.5335288062 1.09584555039 1.09584555039 1.09584555039
3136864 64 24020.91 24020.91 24020.91 16.7153780602 16.7153780602 16.7153780602 1.04471112876 1.04471112876 1.04471112876
3450544 64 20061.97 20061.97 20061.97 22.0152672943 22.0152672943 22.0152672943 1.37595420589 1.37595420589 1.37595420589
3795592 64 33109.903 33109.903 33109.903 14.6734279469 14.6734279469 14.6734279469 0.917089246682 0.917089246682 0.917089246682
4175144 64 22501.945 22501.945 22501.945 23.7498772662 23.7498772662 23.7498772662 1.48436732914 1.48436732914 1.48436732914
4592656 32 20905.018 20905.018 20905.018 14.0602597903 14.0602597903 14.0602597903 0.878766236891 0.878766236891 0.878766236891
5051920 32 59695.959 59695.959 59695.959 5.41616024629 5.41616024629 5.41616024629 0.338510015393 0.338510015393 0.338510015393
5557112 32 47544.956 47544.956 47544.956 7.48039745793 7.48039745793 7.48039745793 0.467524841121 0.467524841121 0.467524841121
6112816 32 49288.034 49288.034 49288.034 7.9374280581 7.9374280581 7.9374280581 0.496089253631 0.496089253631 0.496089253631
6724096 32 51218.987 51218.987 51218.987 8.40200420207 8.40200420207 8.40200420207 0.52512526263 0.52512526263 0.52512526263
7396504 32 60162.067 60162.067 60162.067 7.86835093282 7.86835093282 7.86835093282 0.491771933301 0.491771933301 0.491771933301
8136152 32 70949.078 70949.078 70949.078 7.33925996896 7.33925996896 7.33925996896 0.45870374806 0.45870374806 0.45870374806
8949760 16 38733.959 38733.959 38733.959 7.39383030792 7.39383030792 7.39383030792 0.462114394245 0.462114394245 0.462114394245
9844736 16 49154.997 49154.997 49154.997 6.40894255369 6.40894255369 6.40894255369 0.400558909606 0.400558909606 0.400558909606
10829208 16 53391.933 53391.933 53391.933 6.49039352068 6.49039352068 6.49039352068 0.405649595043 0.405649595043 0.405649595043
11912128 16 136419.058 136419.058 136419.058 2.79424371923 2.79424371923 2.79424371923 0.174640232452 0.174640232452 0.174640232452
13103336 16 77753.067 77753.067 77753.067 5.39280015797 5.39280015797 5.39280015797 0.337050009873 0.337050009873 0.337050009873
14413664 16 101212.978 101212.978 101212.978 4.55709590918 4.55709590918 4.55709590918 0.284818494324 0.284818494324 0.284818494324
15855024 16 81897.02 81897.02 81897.02 6.1951065863 6.1951065863 6.1951065863 0.387194161643 0.387194161643 0.387194161643
17440520 8 44328.928 44328.928 44328.928 6.29494852661 6.29494852661 6.29494852661 0.393434282913 0.393434282913 0.393434282913
19184568 8 52950.144 52950.144 52950.144 5.7970208353 5.7970208353 5.7970208353 0.362313802206 0.362313802206 0.362313802206
21103024 8 45845.985 45845.985 45845.985 7.36484086884 7.36484086884 7.36484086884 0.460302554302 0.460302554302 0.460302554302
23213320 8 46046.972 46046.972 46046.972 8.06596186173 8.06596186173 8.06596186173 0.504122616358 0.504122616358 0.504122616358
25534648 8 50211.906 50211.906 50211.906 8.13660345815 8.13660345815 8.13660345815 0.508537716134 0.508537716134 0.508537716134
28088112 8 44399.977 44399.977 44399.977 10.1218474055 10.1218474055 10.1218474055 0.632615462841 0.632615462841 0.632615462841
30896920 8 58943.033 58943.033 58943.033 8.38692369292 8.38692369292 8.38692369292 0.524182730807 0.524182730807 0.524182730807
33986608 4 44462.919 44462.919 44462.919 6.11504755232 6.11504755232 6.11504755232 0.38219047202 0.38219047202 0.38219047202
37385264 4 43998.003 43998.003 43998.003 6.79762924695 6.79762924695 6.79762924695 0.424851827934 0.424851827934 0.424851827934
41123784 4 49919.844 49919.844 49919.844 6.59037059491 6.59037059491 6.59037059491 0.411898162182 0.411898162182 0.411898162182
45236160 4 54435.968 54435.968 54435.968 6.64798098199 6.64798098199 6.64798098199 0.415498811374 0.415498811374 0.415498811374
49759776 4 83142.996 83142.996 83142.996 4.78787423056 4.78787423056 4.78787423056 0.29924213941 0.29924213941 0.29924213941
54735752 4 42607.069 42607.069 42607.069 10.277309054 10.277309054 10.277309054 0.642331815878 0.642331815878 0.642331815878
60209320 4 43319.941 43319.941 43319.941 11.1190031399 11.1190031399 11.1190031399 0.694937696245 0.694937696245 0.694937696245
66230248 4 46419.144 46419.144 46419.144 11.4142988936 11.4142988936 11.4142988936 0.713393680849 0.713393680849 0.713393680849
72853272 2 25720.119 25720.119 25720.119 11.330160953 11.330160953 11.330160953 0.708135059562 0.708135059562 0.708135059562
80138592 2 28476.954 28476.954 28476.954 11.256624146 11.256624146 11.256624146 0.703539009123 0.703539009123 0.703539009123
88152448 2 33107.996 33107.996 33107.996 10.6502910052 10.6502910052 10.6502910052 0.665643187827 0.665643187827 0.665643187827
96967688 2 43266.773 43266.773 43266.773 8.96463325333 8.96463325333 8.96463325333 0.560289578333 0.560289578333 0.560289578333
106664456 2 47273.874 47273.874 47273.874 9.02523503786 9.02523503786 9.02523503786 0.564077189866 0.564077189866 0.564077189866
117330896 2 43738.842 43738.842 43738.842 10.7301328188 10.7301328188 10.7301328188 0.670633301174 0.670633301174 0.670633301174
129063984 2 45980.93 45980.93 45980.93 11.2276097069 11.2276097069 11.2276097069 0.701725606681 0.701725606681 0.701725606681
141970376 1 24992.943 24992.943 24992.943 11.3608370171 11.3608370171 11.3608370171 0.710052313567 0.710052313567 0.710052313567
156167408 1 28847.933 28847.933 28847.933 10.8269391779 10.8269391779 10.8269391779 0.676683698621 0.676683698621 0.676683698621
171784144 1 32308.817 32308.817 32308.817 10.6338863475 10.6338863475 10.6338863475 0.664617896718 0.664617896718 0.664617896718
188962552 1 33303.976 33303.976 33303.976 11.347747308 11.347747308 11.347747308 0.709234206751 0.709234206751 0.709234206751
207858800 1 37793.875 37793.875 37793.875 10.9996024488 10.9996024488 10.9996024488 0.687475153051 0.687475153051 0.687475153051
228644680 1 40314.913 40314.913 40314.913 11.3429330729 11.3429330729 11.3429330729 0.708933317058 0.708933317058 0.708933317058
251509144 1 44888.973 44888.973 44888.973 11.2058319534 11.2058319534 11.2058319534 0.700364497089 0.700364497089 0.700364497089

META_DATA
ERT_VERSION  1.1.0
TIMESTAMP_DATA  1620609611.93
HOSTNAME  ('5a481ab6924f', [], ['172.17.0.4'])
OPENMP_THREADS 1
FLOPS          1
UNAME  ('Linux', '5a481ab6924f', '5.4.72-microsoft-standard-WSL2', '#1 SMP Wed Oct 28 23:40:43 UTC 2020', 'x86_64', 'x86_64')
CONFIG  {'ERT_WORKING_SET_MIN': ['1'], 'ERT_CFLAGS': ['-Ofast', '-march=native'], 'ERT_CC': ['cc'], 'ERT_MPI_CFLAGS': [], 'ERT_MPI_LDFLAGS': [], 'ERT_MEMORY_MAX': ['268435456', '#', '256MB'], 'ERT_LDFLAGS': [], 'ERT_LDLIBS': [], 'ERT_RUN': ['export', 'OMP_NUM_THREADS=ERT_OPENMP_THREADS', ';', './ERT_CODE'], 'ERT_FLOPS': ['1,4,16,64'], 'ERT_OPENMP_CFLAGS': ['-fopenmp'], 'ERT_MPI': ['False'], 'ERT_TRIALS_MIN': ['1'], 'ERT_DRIVER': ['driver1'], 'ERT_RESULTS': ['OpenMP_2'], 'ERT_OPENMP': ['True'], 'ERT_OPENMP_THREADS': ['1,2'], 'ERT_KERNEL': ['kernel1'], 'ERT_GPU': [False], 'ERT_LD': ['cc'], 'ERT_NUM_EXPERIMENTS': ['1'], 'ERT_OPENMP_LDFLAGS': ['-fopenmp'], 'ERT_ALIGN': ['64'], 'ERT_GNUPLOT': ['gnuplot']}
