16 33554432 1359850.883 1359850.883 1359850.883 0.789602622922 0.789602622922 0.789602622922 3.15841049169 3.15841049169 3.15841049169
32 16777216 684068.918 684068.918 684068.918 1.56963983562 1.56963983562 1.56963983562 6.27855934247 6.27855934247 6.27855934247
48 8388608 410485.029 410485.029 410485.029 1.96184102003 1.96184102003 1.96184102003 7.84736408012 7.84736408012 7.84736408012
64 8388608 349304.914 349304.914 349304.914 3.07393850176 3.07393850176 3.07393850176 12.2957540071 12.2957540071 12.2957540071
80 4194304 171857.834 171857.834 171857.834 3.90490572574 3.90490572574 3.90490572574 15.619622903 15.619622903 15.619622903
96 4194304 188958.883 188958.883 188958.883 4.2618074113 4.2618074113 4.2618074113 17.0472296452 17.0472296452 17.0472296452
112 4194304 229140.997 229140.997 229140.997 4.10020078598 4.10020078598 4.10020078598 16.4008031439 16.4008031439 16.4008031439
128 4194304 171313.047 171313.047 171313.047 6.26771774131 6.26771774131 6.26771774131 25.0708709652 25.0708709652 25.0708709652
144 2097152 93610.048 93610.048 93610.048 6.45208275077 6.45208275077 6.45208275077 25.8083310031 25.8083310031 25.8083310031
160 2097152 120954.99 120954.99 120954.99 5.54825096509 5.54825096509 5.54825096509 22.1930038604 22.1930038604 22.1930038604
176 2097152 137176.991 137176.991 137176.991 5.38135075437 5.38135075437 5.38135075437 21.5254030175 21.5254030175 21.5254030175
192 2097152 100228.071 100228.071 100228.071 8.03473877094 8.03473877094 8.03473877094 32.1389550838 32.1389550838 32.1389550838
208 2097152 131104.946 131104.946 131104.946 6.65432738136 6.65432738136 6.65432738136 26.6173095255 26.6173095255 26.6173095255
224 2097152 174637.079 174637.079 174637.079 5.37986607071 5.37986607071 5.37986607071 21.5194642828 21.5194642828 21.5194642828
240 2097152 196767.807 196767.807 196767.807 5.11584173929 5.11584173929 5.11584173929 20.4633669572 20.4633669572 20.4633669572
256 2097152 147125.959 147125.959 147125.959 7.29811266005 7.29811266005 7.29811266005 29.1924506402 29.1924506402 29.1924506402
272 1048576 68628.788 68628.788 68628.788 8.31175022354 8.31175022354 8.31175022354 33.2470008941 33.2470008941 33.2470008941
288 1048576 87969.065 87969.065 87969.065 6.86582011529 6.86582011529 6.86582011529 27.4632804611 27.4632804611 27.4632804611
304 1048576 107738.018 107738.018 107738.018 5.9174488248 5.9174488248 5.9174488248 23.6697952992 23.6697952992 23.6697952992
320 1048576 81691.027 81691.027 81691.027 8.21496147918 8.21496147918 8.21496147918 32.8598459167 32.8598459167 32.8598459167
352 1048576 107111.931 107111.931 107111.931 6.89183265681 6.89183265681 6.89183265681 27.5673306272 27.5673306272 27.5673306272
384 1048576 87507.01 87507.01 87507.01 9.2027640757 9.2027640757 9.2027640757 36.8110563028 36.8110563028 36.8110563028
416 1048576 138139.009 138139.009 138139.009 6.31548784312 6.31548784312 6.31548784312 25.2619513725 25.2619513725 25.2619513725
448 1048576 104657.888 104657.888 104657.888 8.97709779888 8.97709779888 8.97709779888 35.9083911955 35.9083911955 35.9083911955
480 1048576 135344.982 135344.982 135344.982 7.43753440375 7.43753440375 7.43753440375 29.750137615 29.750137615 29.750137615
528 524288 68743.944 68743.944 68743.944 8.05377311491 8.05377311491 8.05377311491 32.2150924596 32.2150924596 32.2150924596
576 524288 63333.988 63333.988 63333.988 9.53642420244 9.53642420244 9.53642420244 38.1456968097 38.1456968097 38.1456968097
624 524288 85309.029 85309.029 85309.029 7.66989651236 7.66989651236 7.66989651236 30.6795860494 30.6795860494 30.6795860494
672 524288 95906.019 95906.019 95906.019 7.34722470338 7.34722470338 7.34722470338 29.3888988135 29.3888988135 29.3888988135
736 524288 91792.107 91792.107 91792.107 8.40760672375 8.40760672375 8.40760672375 33.630426895 33.630426895 33.630426895
800 524288 105292.082 105292.082 105292.082 7.96698843888 7.96698843888 7.96698843888 31.8679537555 31.8679537555 31.8679537555
880 524288 116088.867 116088.867 116088.867 7.9486250822 7.9486250822 7.9486250822 31.7945003288 31.7945003288 31.7945003288
960 524288 109606.028 109606.028 109606.028 9.18410217365 9.18410217365 9.18410217365 36.7364086946 36.7364086946 36.7364086946
1056 262144 69139.957 69139.957 69139.957 8.00764351068 8.00764351068 8.00764351068 32.0305740427 32.0305740427 32.0305740427
1152 262144 71573.973 71573.973 71573.973 8.43853918798 8.43853918798 8.43853918798 33.7541567519 33.7541567519 33.7541567519
1264 262144 79807.997 79807.997 79807.997 8.30367954229 8.30367954229 8.30367954229 33.2147181692 33.2147181692 33.2147181692
1376 262144 77033.043 77033.043 77033.043 9.36507581558 9.36507581558 9.36507581558 37.4603032623 37.4603032623 37.4603032623
1504 262144 100459.814 100459.814 100459.814 7.84919980043 7.84919980043 7.84919980043 31.3967992017 31.3967992017 31.3967992017
1648 262144 102169.037 102169.037 102169.037 8.45683437341 8.45683437341 8.45683437341 33.8273374936 33.8273374936 33.8273374936
1808 262144 108492.851 108492.851 108492.851 8.73709829968 8.73709829968 8.73709829968 34.9483931987 34.9483931987 34.9483931987
1984 262144 111544.847 111544.847 111544.847 9.32528413437 9.32528413437 9.32528413437 37.3011365375 37.3011365375 37.3011365375
2176 131072 73125.124 73125.124 73125.124 7.80067523715 7.80067523715 7.80067523715 31.2027009486 31.2027009486 31.2027009486
2384 131072 67253.113 67253.113 67253.113 9.29252592367 9.29252592367 9.29252592367 37.1701036947 37.1701036947 37.1701036947
2608 131072 77281.952 77281.952 77281.952 8.84645812259 8.84645812259 8.84645812259 35.3858324904 35.3858324904 35.3858324904
2864 131072 79144.955 79144.955 79144.955 9.48614369671 9.48614369671 9.48614369671 37.9445747869 37.9445747869 37.9445747869
3136 131072 99229.097 99229.097 99229.097 8.28470286291 8.28470286291 8.28470286291 33.1388114516 33.1388114516 33.1388114516
3440 131072 119515.896 119515.896 119515.896 7.54523364825 7.54523364825 7.54523364825 30.180934593 30.180934593 30.180934593
3776 131072 108580.828 108580.828 108580.828 9.116303147 9.116303147 9.116303147 36.465212588 36.465212588 36.465212588
4144 65536 57245.97 57245.97 57245.97 9.48822018388 9.48822018388 9.48822018388 37.9528807355 37.9528807355 37.9528807355
4544 65536 66138.983 66138.983 66138.983 9.00514554329 9.00514554329 9.00514554329 36.0205821731 36.0205821731 36.0205821731
4992 65536 70206.881 70206.881 70206.881 9.31976203301 9.31976203301 9.31976203301 37.279048132 37.279048132 37.279048132
5488 65536 76808.929 76808.929 76808.929 9.3650978521 9.3650978521 9.3650978521 37.4603914084 37.4603914084 37.4603914084
6032 65536 88079.929 88079.929 88079.929 8.97623684506 8.97623684506 8.97623684506 35.9049473802 35.9049473802 35.9049473802
6624 65536 102037.907 102037.907 102037.907 8.50880769242 8.50880769242 8.50880769242 34.0352307697 34.0352307697 34.0352307697
7280 65536 109027.863 109027.863 109027.863 8.75192940359 8.75192940359 8.75192940359 35.0077176143 35.0077176143 35.0077176143
8000 65536 106618.166 106618.166 106618.166 9.83487185476 9.83487185476 9.83487185476 39.3394874191 39.3394874191 39.3394874191
8800 32768 65736.055 65736.055 65736.055 8.77321889791 8.77321889791 8.77321889791 35.0928755916 35.0928755916 35.0928755916
9680 32768 69272.995 69272.995 69272.995 9.15780355678 9.15780355678 9.15780355678 36.6312142271 36.6312142271 36.6312142271
10640 32768 77417.135 77417.135 77417.135 9.00708919285 9.00708919285 9.00708919285 36.0283567714 36.0283567714 36.0283567714
11696 32768 90415.955 90415.955 90415.955 8.47758624017 8.47758624017 8.47758624017 33.9103449607 33.9103449607 33.9103449607
12864 32768 93155.146 93155.146 93155.146 9.05001108581 9.05001108581 9.05001108581 36.2000443432 36.2000443432 36.2000443432
14144 32768 101298.094 101298.094 101298.094 9.15062808586 9.15062808586 9.15062808586 36.6025123434 36.6025123434 36.6025123434
15552 32768 107563.972 107563.972 107563.972 9.47543915541 9.47543915541 9.47543915541 37.9017566216 37.9017566216 37.9017566216
17104 16384 65151.93 65151.93 65151.93 8.60241395765 8.60241395765 8.60241395765 34.4096558306 34.4096558306 34.4096558306
18800 16384 71568.966 71568.966 71568.966 8.60761911804 8.60761911804 8.60761911804 34.4304764722 34.4304764722 34.4304764722
20672 16384 67847.967 67847.967 67847.967 9.98379356009 9.98379356009 9.98379356009 39.9351742404 39.9351742404 39.9351742404
22736 16384 82278.967 82278.967 82278.967 9.054722916 9.054722916 9.054722916 36.218891664 36.218891664 36.218891664
25008 16384 111544.847 111544.847 111544.847 7.34648140223 7.34648140223 7.34648140223 29.3859256089 29.3859256089 29.3859256089
27504 16384 98299.98 98299.98 98299.98 9.16837492744 9.16837492744 9.16837492744 36.6734997098 36.6734997098 36.6734997098
30240 16384 104781.866 104781.866 104781.866 9.45683024962 9.45683024962 9.45683024962 37.8273209985 37.8273209985 37.8273209985
33264 8192 59777.021 59777.021 59777.021 9.11717189788 9.11717189788 9.11717189788 36.4686875915 36.4686875915 36.4686875915
36576 8192 64676.046 64676.046 64676.046 9.26558163435 9.26558163435 9.26558163435 37.0623265374 37.0623265374 37.0623265374
40224 8192 66925.049 66925.049 66925.049 9.84728477375 9.84728477375 9.84728477375 39.389139095 39.389139095 39.389139095
44240 8192 86254.12 86254.12 86254.12 8.40340333888 8.40340333888 8.40340333888 33.6136133555 33.6136133555 33.6136133555
48656 8192 84002.018 84002.018 84002.018 9.49000896621 9.49000896621 9.49000896621 37.9600358649 37.9600358649 37.9600358649
53520 8192 106398.821 106398.821 106398.821 8.24136650913 8.24136650913 8.24136650913 32.9654660365 32.9654660365 32.9654660365
58864 8192 110695.124 110695.124 110695.124 8.71246845525 8.71246845525 8.71246845525 34.849873821 34.849873821 34.849873821
64736 8192 119722.843 119722.843 119722.843 8.85908317429 8.85908317429 8.85908317429 35.4363326972 35.4363326972 35.4363326972
71200 4096 77765.226 77765.226 77765.226 7.5004012719 7.5004012719 7.5004012719 30.0016050876 30.0016050876 30.0016050876
78320 4096 68173.17 68173.17 68173.17 9.41128951463 9.41128951463 9.41128951463 37.6451580585 37.6451580585 37.6451580585
86144 4096 81376.076 81376.076 81376.076 8.67197931736 8.67197931736 8.67197931736 34.6879172694 34.6879172694 34.6879172694
94752 4096 85427.999 85427.999 85427.999 9.08611220076 9.08611220076 9.08611220076 36.344448803 36.344448803 36.344448803
104224 4096 99542.141 99542.141 99542.141 8.5773020293 8.5773020293 8.5773020293 34.3092081172 34.3092081172 34.3092081172
114640 4096 99488.974 99488.974 99488.974 9.4395473412 9.4395473412 9.4395473412 37.7581893648 37.7581893648 37.7581893648
126096 4096 116992.95 116992.95 116992.95 8.82940751558 8.82940751558 8.82940751558 35.3176300623 35.3176300623 35.3176300623
138704 2048 70714.951 70714.951 70714.951 8.03410843062 8.03410843062 8.03410843062 32.1364337225 32.1364337225 32.1364337225
152560 2048 68985.939 68985.939 68985.939 9.05816125805 9.05816125805 9.05816125805 36.2326450322 36.2326450322 36.2326450322
167808 2048 80546.856 80546.856 80546.856 8.53343758073 8.53343758073 8.53343758073 34.1337503229 34.1337503229 34.1337503229
184576 2048 80799.103 80799.103 80799.103 9.35682783508 9.35682783508 9.35682783508 37.4273113403 37.4273113403 37.4273113403
203024 2048 86096.048 86096.048 86096.048 9.65882085552 9.65882085552 9.65882085552 38.6352834221 38.6352834221 38.6352834221
223312 2048 91463.089 91463.089 91463.089 10.0006020133 10.0006020133 10.0006020133 40.0024080534 40.0024080534 40.0024080534
245632 2048 103936.911 103936.911 103936.911 9.6799939725 9.6799939725 9.6799939725 38.71997589 38.71997589 38.71997589
270192 1024 59435.844 59435.844 59435.844 9.31009267741 9.31009267741 9.31009267741 37.2403707096 37.2403707096 37.2403707096
297200 1024 75289.965 75289.965 75289.965 8.08428586731 8.08428586731 8.08428586731 32.3371434693 32.3371434693 32.3371434693
326912 1024 67497.015 67497.015 67497.015 9.9191908857 9.9191908857 9.9191908857 39.6767635428 39.6767635428 39.6767635428
359600 1024 76493.979 76493.979 76493.979 9.62769631843 9.62769631843 9.62769631843 38.5107852737 38.5107852737 38.5107852737
395552 1024 90770.96 90770.96 90770.96 8.92455578304 8.92455578304 8.92455578304 35.6982231322 35.6982231322 35.6982231322
435104 1024 97428.083 97428.083 97428.083 9.14616160517 9.14616160517 9.14616160517 36.5846464207 36.5846464207 36.5846464207
478608 1024 107652.903 107652.903 107652.903 9.10508826687 9.10508826687 9.10508826687 36.4203530675 36.4203530675 36.4203530675
526464 512 56344.032 56344.032 56344.032 9.56799002244 9.56799002244 9.56799002244 38.2719600898 38.2719600898 38.2719600898
579104 512 66689.014 66689.014 66689.014 8.89205673366 8.89205673366 8.89205673366 35.5682269346 35.5682269346 35.5682269346
637008 512 80082.893 80082.893 80082.893 8.14526258436 8.14526258436 8.14526258436 32.5810503374 32.5810503374 32.5810503374
700704 512 80603.838 80603.838 80603.838 8.90182048155 8.90182048155 8.90182048155 35.6072819262 35.6072819262 35.6072819262
770768 512 94049.931 94049.931 94049.931 8.39199373788 8.39199373788 8.39199373788 33.5679749515 33.5679749515 33.5679749515
847840 512 86359.978 86359.978 86359.978 10.0531308611 10.0531308611 10.0531308611 40.2125234446 40.2125234446 40.2125234446
932624 512 99092.96 99092.96 99092.96 9.63748560947 9.63748560947 9.63748560947 38.5499424379 38.5499424379 38.5499424379
1025872 512 111256.838 111256.838 111256.838 9.44205270331 9.44205270331 9.44205270331 37.7682108133 37.7682108133 37.7682108133
1128448 256 64563.99 64563.99 64563.99 8.94872476128 8.94872476128 8.94872476128 35.7948990451 35.7948990451 35.7948990451
1241280 256 67782.164 67782.164 67782.164 9.37614443823 9.37614443823 9.37614443823 37.5045777529 37.5045777529 37.5045777529
1365408 256 73009.014 73009.014 73009.014 9.57537785677 9.57537785677 9.57537785677 38.3015114271 38.3015114271 38.3015114271
1501936 256 97863.913 97863.913 97863.913 7.85776092971 7.85776092971 7.85776092971 31.4310437188 31.4310437188 31.4310437188
1652128 256 95600.843 95600.843 95600.843 8.84813888095 8.84813888095 8.84813888095 35.3925555238 35.3925555238 35.3925555238
1817328 256 105589.867 105589.867 105589.867 8.81213285362 8.81213285362 8.81213285362 35.2485314145 35.2485314145 35.2485314145
1999056 256 108902.931 108902.931 108902.931 9.39843090174 9.39843090174 9.39843090174 37.5937236069 37.5937236069 37.5937236069
2198960 128 63215.017 63215.017 63215.017 8.90506380786 8.90506380786 8.90506380786 35.6202552314 35.6202552314 35.6202552314
2418848 128 76734.066 76734.066 76734.066 8.06975467715 8.06975467715 8.06975467715 32.2790187086 32.2790187086 32.2790187086
2660720 128 86954.832 86954.832 86954.832 7.83331189692 7.83331189692 7.83331189692 31.3332475877 31.3332475877 31.3332475877
2926784 128 91875.076 91875.076 91875.076 8.15516826348 8.15516826348 8.15516826348 32.6206730539 32.6206730539 32.6206730539
3219456 128 90206.146 90206.146 90206.146 9.13663616668 9.13663616668 9.13663616668 36.5465446667 36.5465446667 36.5465446667
3541392 128 93590.975 93590.975 93590.975 9.68679247118 9.68679247118 9.68679247118 38.7471698847 38.7471698847 38.7471698847
3895520 128 111765.862 111765.862 111765.862 8.92269877541 8.92269877541 8.92269877541 35.6907951016 35.6907951016 35.6907951016
4285072 64 69249.153 69249.153 69249.153 7.92051876793 7.92051876793 7.92051876793 31.6820750717 31.6820750717 31.6820750717
4713568 64 80693.007 80693.007 80693.007 7.47693916029 7.47693916029 7.47693916029 29.9077566412 29.9077566412 29.9077566412
5184912 64 69430.828 69430.828 69430.828 9.5587040385 9.5587040385 9.5587040385 38.234816154 38.234816154 38.234816154
5703392 64 103118.896 103118.896 103118.896 7.07953832244 7.07953832244 7.07953832244 28.3181532898 28.3181532898 28.3181532898
6273728 64 87989.807 87989.807 87989.807 9.12647966145 9.12647966145 9.12647966145 36.5059186458 36.5059186458 36.5059186458
6901088 64 97584.963 97584.963 97584.963 9.05200183352 9.05200183352 9.05200183352 36.2080073341 36.2080073341 36.2080073341
7591184 64 115105.152 115105.152 115105.152 8.44159913885 8.44159913885 8.44159913885 33.7663965554 33.7663965554 33.7663965554
8350288 64 135314.941 135314.941 135314.941 7.89888282921 7.89888282921 7.89888282921 31.5955313168 31.5955313168 31.5955313168
9185312 32 61963.797 61963.797 61963.797 9.48715211884 9.48715211884 9.48715211884 37.9486084754 37.9486084754 37.9486084754
10103840 32 75580.12 75580.12 75580.12 8.55576519328 8.55576519328 8.55576519328 34.2230607731 34.2230607731 34.2230607731
11114224 32 77117.92 77117.92 77117.92 9.22367117785 9.22367117785 9.22367117785 36.8946847114 36.8946847114 36.8946847114
12225632 32 90808.868 90808.868 90808.868 8.61634403371 8.61634403371 8.61634403371 34.4653761349 34.4653761349 34.4653761349
13448192 32 90113.163 90113.163 90113.163 9.5511494586 9.5511494586 9.5511494586 38.2045978344 38.2045978344 38.2045978344
14793008 32 97585.917 97585.917 97585.917 9.70173300723 9.70173300723 9.70173300723 38.8069320289 38.8069320289 38.8069320289
16272304 32 118159.056 118159.056 118159.056 8.81377603423 8.81377603423 8.81377603423 35.2551041369 35.2551041369 35.2551041369
17899520 16 64696.074 64696.074 64696.074 8.85346829546 8.85346829546 8.85346829546 35.4138731819 35.4138731819 35.4138731819
19689472 16 71327.209 71327.209 71327.209 8.83341873085 8.83341873085 8.83341873085 35.3336749234 35.3336749234 35.3336749234
21658416 16 77241.898 77241.898 77241.898 8.97271208949 8.97271208949 8.97271208949 35.890848358 35.890848358 35.890848358
23824256 16 83472.013 83472.013 83472.013 9.13331504297 9.13331504297 9.13331504297 36.5332601719 36.5332601719 36.5332601719
26206672 16 96386.194 96386.194 96386.194 8.70055626431 8.70055626431 8.70055626431 34.8022250573 34.8022250573 34.8022250573
28827328 16 112109.9 112109.9 112109.9 8.22830540389 8.22830540389 8.22830540389 32.9132216156 32.9132216156 32.9132216156
31710048 16 120722.771 120722.771 120722.771 8.4053863873 8.4053863873 8.4053863873 33.6215455492 33.6215455492 33.6215455492
34881040 8 65708.16 65708.16 65708.16 8.49356670465 8.49356670465 8.49356670465 33.9742668186 33.9742668186 33.9742668186
38369136 8 66262.96 66262.96 66262.96 9.26469593269 9.26469593269 9.26469593269 37.0587837308 37.0587837308 37.0587837308
42206048 8 78398.943 78398.943 78398.943 8.6135953134 8.6135953134 8.6135953134 34.4543812536 34.4543812536 34.4543812536
46426640 8 76923.132 76923.132 76923.132 9.65673420578 9.65673420578 9.65673420578 38.6269368231 38.6269368231 38.6269368231
51069296 8 93554.02 93554.02 93554.02 8.73408471384 8.73408471384 8.73408471384 34.9363388553 34.9363388553 34.9363388553
56176224 8 112402.916 112402.916 112402.916 7.99640806472 7.99640806472 7.99640806472 31.9856322589 31.9856322589 31.9856322589
61793840 8 115769.863 115769.863 115769.863 8.54023157996 8.54023157996 8.54023157996 34.1609263198 34.1609263198 34.1609263198
67973216 4 71650.982 71650.982 71650.982 7.58936881005 7.58936881005 7.58936881005 30.3574752402 30.3574752402 30.3574752402
74770528 4 71260.929 71260.929 71260.929 8.39399980317 8.39399980317 8.39399980317 33.5759992127 33.5759992127 33.5759992127
82247568 4 75628.996 75628.996 75628.996 8.70010946595 8.70010946595 8.70010946595 34.8004378638 34.8004378638 34.8004378638
90472320 4 88920.832 88920.832 88920.832 8.13958375918 8.13958375918 8.13958375918 32.5583350367 32.5583350367 32.5583350367
99519552 4 97060.919 97060.919 97060.919 8.20264658735 8.20264658735 8.20264658735 32.8105863494 32.8105863494 32.8105863494
109471504 4 111330.986 111330.986 111330.986 7.86638170976 7.86638170976 7.86638170976 31.465526839 31.465526839 31.465526839
120418640 4 124572.992 124572.992 124572.992 7.73321010063 7.73321010063 7.73321010063 30.9328404025 30.9328404025 30.9328404025
132460496 4 121713.161 121713.161 121713.161 8.70640413324 8.70640413324 8.70640413324 34.825616533 34.825616533 34.825616533
145706544 2 69127.798 69127.798 69127.798 8.43114047984 8.43114047984 8.43114047984 33.7245619194 33.7245619194 33.7245619194
160277184 2 73489.189 73489.189 73489.189 8.72385101433 8.72385101433 8.72385101433 34.8954040573 34.8954040573 34.8954040573
176304896 2 85028.887 85028.887 85028.887 8.29388233672 8.29388233672 8.29388233672 33.1755293469 33.1755293469 33.1755293469
193935376 2 112426.996 112426.996 112426.996 6.8999575867 6.8999575867 6.8999575867 27.5998303468 27.5998303468 27.5998303468
213328912 2 94864.13 94864.13 94864.13 8.99513491559 8.99513491559 8.99513491559 35.9805396624 35.9805396624 35.9805396624
234661792 2 113119.125 113119.125 113119.125 8.2978644681 8.2978644681 8.2978644681 33.1914578724 33.1914578724 33.1914578724
258127968 2 115003.109 115003.109 115003.109 8.97812138279 8.97812138279 8.97812138279 35.9124855312 35.9124855312 35.9124855312
283940752 1 64937.83 64937.83 64937.83 8.74500278189 8.74500278189 8.74500278189 34.9800111276 34.9800111276 34.9800111276
312334816 1 70451.021 70451.021 70451.021 8.86672220123 8.86672220123 8.86672220123 35.4668888049 35.4668888049 35.4668888049
343568288 1 72916.985 72916.985 72916.985 9.42354618749 9.42354618749 9.42354618749 37.69418475 37.69418475 37.69418475
377925104 1 86354.971 86354.971 86354.971 8.75282799875 8.75282799875 8.75282799875 35.011311995 35.011311995 35.011311995
415717600 1 107202.053 107202.053 107202.053 7.75577684133 7.75577684133 7.75577684133 31.0231073653 31.0231073653 31.0231073653
457289360 1 120129.108 120129.108 120129.108 7.61329818582 7.61329818582 7.61329818582 30.4531927433 30.4531927433 30.4531927433
503018288 1 108030.081 108030.081 108030.081 9.31255967493 9.31255967493 9.31255967493 37.2502386997 37.2502386997 37.2502386997

META_DATA
ERT_VERSION  1.1.0
HOSTNAME  ('e828f4ff7df7', [], ['172.17.0.2'])
TIMESTAMP_DATA  1620700637.16
CONFIG  {'ERT_WORKING_SET_MIN': ['1'], 'ERT_CFLAGS': ['-Ofast', '-march=native'], 'ERT_CC': ['cc'], 'ERT_MPI_CFLAGS': [], 'ERT_MPI_LDFLAGS': [], 'ERT_MEMORY_MAX': ['536870912', '#', '512MB'], 'ERT_LDFLAGS': [], 'ERT_LDLIBS': [], 'ERT_RUN': ['export', 'OMP_NUM_THREADS=ERT_OPENMP_THREADS', ';', './ERT_CODE'], 'ERT_FLOPS': ['1,4,16,64'], 'ERT_OPENMP_CFLAGS': ['-fopenmp'], 'ERT_MPI': ['False'], 'ERT_TRIALS_MIN': ['1'], 'ERT_DRIVER': ['driver1'], 'ERT_RESULTS': ['OpenMP_4'], 'ERT_OPENMP': ['True'], 'ERT_OPENMP_THREADS': ['1,2,4'], 'ERT_KERNEL': ['kernel1'], 'ERT_GPU': [False], 'ERT_LD': ['cc'], 'ERT_NUM_EXPERIMENTS': ['1'], 'ERT_OPENMP_LDFLAGS': ['-fopenmp'], 'ERT_ALIGN': ['64'], 'ERT_GNUPLOT': ['gnuplot']}
OPENMP_THREADS 2
UNAME  ('Linux', 'e828f4ff7df7', '5.4.72-microsoft-standard-WSL2', '#1 SMP Wed Oct 28 23:40:43 UTC 2020', 'x86_64', 'x86_64')
FLOPS          64
