16 33554432 385376.93 385376.93 385376.93 2.7862119925 2.7862119925 2.7862119925 2.7862119925 2.7862119925 2.7862119925
32 16777216 192898.989 192898.989 192898.989 5.56634241354 5.56634241354 5.56634241354 5.56634241354 5.56634241354 5.56634241354
48 8388608 98849.058 98849.058 98849.058 8.14682895612 8.14682895612 8.14682895612 8.14682895612 8.14682895612 8.14682895612
64 8388608 98277.092 98277.092 98277.092 10.925657263 10.925657263 10.925657263 10.925657263 10.925657263 10.925657263
80 4194304 49662.113 49662.113 49662.113 13.5130907539 13.5130907539 13.5130907539 13.5130907539 13.5130907539 13.5130907539
96 4194304 49522.877 49522.877 49522.877 16.2613001664 16.2613001664 16.2613001664 16.2613001664 16.2613001664 16.2613001664
112 4194304 49780.846 49780.846 49780.846 18.873204686 18.873204686 18.873204686 18.873204686 18.873204686 18.873204686
128 4194304 51495.075 51495.075 51495.075 20.8513498427 20.8513498427 20.8513498427 20.8513498427 20.8513498427 20.8513498427
144 2097152 25506.02 25506.02 25506.02 23.6798911002 23.6798911002 23.6798911002 23.6798911002 23.6798911002 23.6798911002
160 2097152 25645.971 25645.971 25645.971 26.1674100778 26.1674100778 26.1674100778 26.1674100778 26.1674100778 26.1674100778
176 2097152 25907.993 25907.993 25907.993 28.4930408928 28.4930408928 28.4930408928 28.4930408928 28.4930408928 28.4930408928
192 2097152 25115.013 25115.013 25115.013 32.0647402412 32.0647402412 32.0647402412 32.0647402412 32.0647402412 32.0647402412
208 2097152 25936.127 25936.127 25936.127 33.6370666291 33.6370666291 33.6370666291 33.6370666291 33.6370666291 33.6370666291
224 2097152 25095.94 25095.94 25095.94 37.4372944787 37.4372944787 37.4372944787 37.4372944787 37.4372944787 37.4372944787
240 2097152 27591.944 27591.944 27591.944 36.4828574601 36.4828574601 36.4828574601 36.4828574601 36.4828574601 36.4828574601
256 2097152 25219.917 25219.917 25219.917 42.5751529634 42.5751529634 42.5751529634 42.5751529634 42.5751529634 42.5751529634
272 1048576 13318.062 13318.062 13318.062 42.8309572369 42.8309572369 42.8309572369 42.8309572369 42.8309572369 42.8309572369
288 1048576 16318.083 16318.083 16318.083 37.0129123623 37.0129123623 37.0129123623 37.0129123623 37.0129123623 37.0129123623
304 1048576 13953.924 13953.924 13953.924 45.6885251776 45.6885251776 45.6885251776 45.6885251776 45.6885251776 45.6885251776
320 1048576 14847.04 14847.04 14847.04 45.2001638037 45.2001638037 45.2001638037 45.2001638037 45.2001638037 45.2001638037
352 1048576 20296.097 20296.097 20296.097 36.3714020484 36.3714020484 36.3714020484 36.3714020484 36.3714020484 36.3714020484
384 1048576 14396.191 14396.191 14396.191 55.9388499361 55.9388499361 55.9388499361 55.9388499361 55.9388499361 55.9388499361
416 1048576 15204.906 15204.906 15204.906 57.3772196947 57.3772196947 57.3772196947 57.3772196947 57.3772196947 57.3772196947
448 1048576 18647.909 18647.909 18647.909 50.3822758895 50.3822758895 50.3822758895 50.3822758895 50.3822758895 50.3822758895
480 1048576 16213.894 16213.894 16213.894 62.0845899202 62.0845899202 62.0845899202 62.0845899202 62.0845899202 62.0845899202
528 524288 7500.887 7500.887 7500.887 73.8110210166 73.8110210166 73.8110210166 73.8110210166 73.8110210166 73.8110210166
576 524288 7167.816 7167.816 7167.816 84.2627344229 84.2627344229 84.2627344229 84.2627344229 84.2627344229 84.2627344229
624 524288 16674.042 16674.042 16674.042 39.2413203709 39.2413203709 39.2413203709 39.2413203709 39.2413203709 39.2413203709
672 524288 10228.872 10228.872 10228.872 68.8876615134 68.8876615134 68.8876615134 68.8876615134 68.8876615134 68.8876615134
736 524288 10096.073 10096.073 10096.073 76.440803865 76.440803865 76.440803865 76.440803865 76.440803865 76.440803865
800 524288 11703.968 11703.968 11703.968 71.6731966458 71.6731966458 71.6731966458 71.6731966458 71.6731966458 71.6731966458
880 524288 16598.94 16598.94 16598.94 55.5907112141 55.5907112141 55.5907112141 55.5907112141 55.5907112141 55.5907112141
960 524288 12985.945 12985.945 12985.945 77.5171125397 77.5171125397 77.5171125397 77.5171125397 77.5171125397 77.5171125397
1056 262144 12085.915 12085.915 12085.915 45.8093680123 45.8093680123 45.8093680123 45.8093680123 45.8093680123 45.8093680123
1152 262144 12567.997 12567.997 12567.997 48.056963731 48.056963731 48.056963731 48.056963731 48.056963731 48.056963731
1264 262144 11538.982 11538.982 11538.982 57.4314122338 57.4314122338 57.4314122338 57.4314122338 57.4314122338 57.4314122338
1376 262144 10311.127 10311.127 10311.127 69.9652218424 69.9652218424 69.9652218424 69.9652218424 69.9652218424 69.9652218424
1504 262144 17159.939 17159.939 17159.939 45.9517456327 45.9517456327 45.9517456327 45.9517456327 45.9517456327 45.9517456327
1648 262144 16611.099 16611.099 16611.099 52.015018633 52.015018633 52.015018633 52.015018633 52.015018633 52.015018633
1808 262144 11067.867 11067.867 11067.867 85.6454729714 85.6454729714 85.6454729714 85.6454729714 85.6454729714 85.6454729714
1984 262144 18029.928 18029.928 18029.928 57.6922654378 57.6922654378 57.6922654378 57.6922654378 57.6922654378 57.6922654378
2176 131072 6628.036 6628.036 6628.036 86.0624993588 86.0624993588 86.0624993588 86.0624993588 86.0624993588 86.0624993588
2384 131072 7431.984 7431.984 7431.984 84.0894296866 84.0894296866 84.0894296866 84.0894296866 84.0894296866 84.0894296866
2608 131072 10420.084 10420.084 10420.084 65.6109444031 65.6109444031 65.6109444031 65.6109444031 65.6109444031 65.6109444031
2864 131072 9250.164 9250.164 9250.164 81.1640113624 81.1640113624 81.1640113624 81.1640113624 81.1640113624 81.1640113624
3136 131072 11096.001 11096.001 11096.001 74.0882759473 74.0882759473 74.0882759473 74.0882759473 74.0882759473 74.0882759473
3440 131072 10671.854 10671.854 10671.854 84.5003464253 84.5003464253 84.5003464253 84.5003464253 84.5003464253 84.5003464253
3776 131072 11152.983 11152.983 11152.983 88.7525556167 88.7525556167 88.7525556167 88.7525556167 88.7525556167 88.7525556167
4144 65536 6313.801 6313.801 6313.801 86.0277934005 86.0277934005 86.0277934005 86.0277934005 86.0277934005 86.0277934005
4544 65536 6721.973 6721.973 6721.973 88.6036239658 88.6036239658 88.6036239658 88.6036239658 88.6036239658 88.6036239658
4992 65536 7462.978 7462.978 7462.978 87.674306959 87.674306959 87.674306959 87.674306959 87.674306959 87.674306959
5488 65536 14010.906 14010.906 14010.906 51.3402299609 51.3402299609 51.3402299609 51.3402299609 51.3402299609 51.3402299609
6032 65536 9991.169 9991.169 9991.169 79.1325123216 79.1325123216 79.1325123216 79.1325123216 79.1325123216 79.1325123216
6624 65536 10010.004 10010.004 10010.004 86.7353227831 86.7353227831 86.7353227831 86.7353227831 86.7353227831 86.7353227831
7280 65536 11209.011 11209.011 11209.011 85.1283097144 85.1283097144 85.1283097144 85.1283097144 85.1283097144 85.1283097144
8000 65536 12912.035 12912.035 12912.035 81.2091974658 81.2091974658 81.2091974658 81.2091974658 81.2091974658 81.2091974658
8800 32768 6566.048 6566.048 6566.048 87.8331684447 87.8331684447 87.8331684447 87.8331684447 87.8331684447 87.8331684447
9680 32768 9729.862 9729.862 9729.862 65.2001518624 65.2001518624 65.2001518624 65.2001518624 65.2001518624 65.2001518624
10640 32768 8043.051 8043.051 8043.051 86.6963345129 86.6963345129 86.6963345129 86.6963345129 86.6963345129 86.6963345129
11696 32768 8946.18 8946.18 8946.18 85.6800395252 85.6800395252 85.6800395252 85.6800395252 85.6800395252 85.6800395252
12864 32768 9517.908 9517.908 9517.908 88.5756727214 88.5756727214 88.5756727214 88.5756727214 88.5756727214 88.5756727214
14144 32768 11844.873 11844.873 11844.873 78.2567431495 78.2567431495 78.2567431495 78.2567431495 78.2567431495 78.2567431495
15552 32768 15239.0 15239.0 15239.0 66.8820704771 66.8820704771 66.8820704771 66.8820704771 66.8820704771 66.8820704771
17104 16384 6453.991 6453.991 6453.991 86.8398905421 86.8398905421 86.8398905421 86.8398905421 86.8398905421 86.8398905421
18800 16384 7085.8 7085.8 7085.8 86.9398515341 86.9398515341 86.9398515341 86.9398515341 86.9398515341 86.9398515341
20672 16384 7712.126 7712.126 7712.126 87.8331209838 87.8331209838 87.8331209838 87.8331209838 87.8331209838 87.8331209838
22736 16384 8831.978 8831.978 8831.978 84.3540651936 84.3540651936 84.3540651936 84.3540651936 84.3540651936 84.3540651936
25008 16384 9390.831 9390.831 9390.831 87.2619413553 87.2619413553 87.2619413553 87.2619413553 87.2619413553 87.2619413553
27504 16384 11165.142 11165.142 11165.142 80.7200725257 80.7200725257 80.7200725257 80.7200725257 80.7200725257 80.7200725257
30240 16384 20418.167 20418.167 20418.167 48.5305228427 48.5305228427 48.5305228427 48.5305228427 48.5305228427 48.5305228427
33264 8192 11149.883 11149.883 11149.883 48.8792013333 48.8792013333 48.8792013333 48.8792013333 48.8792013333 48.8792013333
36576 8192 12235.165 12235.165 12235.165 48.9785944039 48.9785944039 48.9785944039 48.9785944039 48.9785944039 48.9785944039
40224 8192 7644.892 7644.892 7644.892 86.2052748423 86.2052748423 86.2052748423 86.2052748423 86.2052748423 86.2052748423
44240 8192 12589.931 12589.931 12589.931 57.5720518246 57.5720518246 57.5720518246 57.5720518246 57.5720518246 57.5720518246
48656 8192 8934.975 8934.975 8934.975 89.2201605489 89.2201605489 89.2201605489 89.2201605489 89.2201605489 89.2201605489
53520 8192 9850.979 9850.979 9850.979 89.0136584394 89.0136584394 89.0136584394 89.0136584394 89.0136584394 89.0136584394
58864 8192 11114.12 11114.12 11114.12 86.7750011697 86.7750011697 86.7750011697 86.7750011697 86.7750011697 86.7750011697
64736 8192 16969.919 16969.919 16969.919 62.5008654431 62.5008654431 62.5008654431 62.5008654431 62.5008654431 62.5008654431
71200 4096 6832.123 6832.123 6832.123 85.3717651161 85.3717651161 85.3717651161 85.3717651161 85.3717651161 85.3717651161
78320 4096 7184.982 7184.982 7184.982 89.2970142444 89.2970142444 89.2970142444 89.2970142444 89.2970142444 89.2970142444
86144 4096 8224.01 8224.01 8224.01 85.8087049991 85.8087049991 85.8087049991 85.8087049991 85.8087049991 85.8087049991
94752 4096 11041.164 11041.164 11041.164 70.3013182306 70.3013182306 70.3013182306 70.3013182306 70.3013182306 70.3013182306
104224 4096 9705.067 9705.067 9705.067 87.9749730733 87.9749730733 87.9749730733 87.9749730733 87.9749730733 87.9749730733
114640 4096 12078.047 12078.047 12078.047 77.7551933686 77.7551933686 77.7551933686 77.7551933686 77.7551933686 77.7551933686
126096 4096 21050.93 21050.93 21050.93 49.0704416384 49.0704416384 49.0704416384 49.0704416384 49.0704416384 49.0704416384
138704 2048 11672.02 11672.02 11672.02 48.6746581997 48.6746581997 48.6746581997 48.6746581997 48.6746581997 48.6746581997
152560 2048 8132.935 8132.935 8132.935 76.8339793691 76.8339793691 76.8339793691 76.8339793691 76.8339793691 76.8339793691
167808 2048 7859.945 7859.945 7859.945 87.4486485592 87.4486485592 87.4486485592 87.4486485592 87.4486485592 87.4486485592
184576 2048 9361.982 9361.982 9361.982 80.7546196948 80.7546196948 80.7546196948 80.7546196948 80.7546196948 80.7546196948
203024 2048 9441.853 9441.853 9441.853 88.0744811426 88.0744811426 88.0744811426 88.0744811426 88.0744811426 88.0744811426
223312 2048 12961.149 12961.149 12961.149 70.571363079 70.571363079 70.571363079 70.571363079 70.571363079 70.571363079
245632 2048 11474.848 11474.848 11474.848 87.6794770615 87.6794770615 87.6794770615 87.6794770615 87.6794770615 87.6794770615
270192 1024 6197.929 6197.929 6197.929 89.2803412237 89.2803412237 89.2803412237 89.2803412237 89.2803412237 89.2803412237
297200 1024 10478.02 10478.02 10478.02 58.0897535985 58.0897535985 58.0897535985 58.0897535985 58.0897535985 58.0897535985
326912 1024 11852.98 11852.98 11852.98 56.4850169325 56.4850169325 56.4850169325 56.4850169325 56.4850169325 56.4850169325
359600 1024 10529.995 10529.995 10529.995 69.9393304555 69.9393304555 69.9393304555 69.9393304555 69.9393304555 69.9393304555
395552 1024 12448.072 12448.072 12448.072 65.0775875975 65.0775875975 65.0775875975 65.0775875975 65.0775875975 65.0775875975
435104 1024 10262.966 10262.966 10262.966 86.8260687992 86.8260687992 86.8260687992 86.8260687992 86.8260687992 86.8260687992
478608 1024 13092.041 13092.041 13092.041 74.8690890901 74.8690890901 74.8690890901 74.8690890901 74.8690890901 74.8690890901
526464 512 6096.84 6096.84 6096.84 88.4227134056 88.4227134056 88.4227134056 88.4227134056 88.4227134056 88.4227134056
579104 512 6690.025 6690.025 6690.025 88.6398026913 88.6398026913 88.6398026913 88.6398026913 88.6398026913 88.6398026913
637008 512 7201.91 7201.91 7201.91 90.5726664177 90.5726664177 90.5726664177 90.5726664177 90.5726664177 90.5726664177
700704 512 8205.891 8205.891 8205.891 87.4397303108 87.4397303108 87.4397303108 87.4397303108 87.4397303108 87.4397303108
770768 512 8836.985 8836.985 8836.985 89.3139947618 89.3139947618 89.3139947618 89.3139947618 89.3139947618 89.3139947618
847840 512 10494.947 10494.947 10494.947 82.7243967978 82.7243967978 82.7243967978 82.7243967978 82.7243967978 82.7243967978
932624 512 12389.898 12389.898 12389.898 77.0794865301 77.0794865301 77.0794865301 77.0794865301 77.0794865301 77.0794865301
1025872 512 12496.948 12496.948 12496.948 84.0599583194 84.0599583194 84.0599583194 84.0599583194 84.0599583194 84.0599583194
1128448 256 10259.151 10259.151 10259.151 56.3170749704 56.3170749704 56.3170749704 56.3170749704 56.3170749704 56.3170749704
1241280 256 8251.19 8251.19 8251.19 77.0234790376 77.0234790376 77.0234790376 77.0234790376 77.0234790376 77.0234790376
1365408 256 9116.173 9116.173 9116.173 76.6866640201 76.6866640201 76.6866640201 76.6866640201 76.6866640201 76.6866640201
1501936 256 10662.794 10662.794 10662.794 72.119111745 72.119111745 72.119111745 72.119111745 72.119111745 72.119111745
1652128 256 12959.003 12959.003 12959.003 65.2742758066 65.2742758066 65.2742758066 65.2742758066 65.2742758066 65.2742758066
1817328 256 12800.932 12800.932 12800.932 72.6878274176 72.6878274176 72.6878274176 72.6878274176 72.6878274176 72.6878274176
1999056 256 11642.933 11642.933 11642.933 87.9088346553 87.9088346553 87.9088346553 87.9088346553 87.9088346553 87.9088346553
2198960 128 6455.183 6455.183 6455.183 87.2064757885 87.2064757885 87.2064757885 87.2064757885 87.2064757885 87.2064757885
2418848 128 12700.081 12700.081 12700.081 48.7575699714 48.7575699714 48.7575699714 48.7575699714 48.7575699714 48.7575699714
2660720 128 8326.054 8326.054 8326.054 81.8087800055 81.8087800055 81.8087800055 81.8087800055 81.8087800055 81.8087800055
2926784 128 9180.069 9180.069 9180.069 81.6177638752 81.6177638752 81.6177638752 81.6177638752 81.6177638752 81.6177638752
3219456 128 11842.966 11842.966 11842.966 69.5924260865 69.5924260865 69.5924260865 69.5924260865 69.5924260865 69.5924260865
3541392 128 18579.006 18579.006 18579.006 48.7968167942 48.7968167942 48.7968167942 48.7968167942 48.7968167942 48.7968167942
3895520 128 20839.93 20839.93 20839.93 47.8529975868 47.8529975868 47.8529975868 47.8529975868 47.8529975868 47.8529975868
4285072 64 14651.06 14651.06 14651.06 37.4368281885 37.4368281885 37.4368281885 37.4368281885 37.4368281885 37.4368281885
4713568 64 22099.972 22099.972 22099.972 27.3003379371 27.3003379371 27.3003379371 27.3003379371 27.3003379371 27.3003379371
5184912 64 39682.15 39682.15 39682.15 16.7246163829 16.7246163829 16.7246163829 16.7246163829 16.7246163829 16.7246163829
5703392 64 42447.09 42447.09 42447.09 17.1986860819 17.1986860819 17.1986860819 17.1986860819 17.1986860819 17.1986860819
6273728 64 49444.914 49444.914 49444.914 16.241047239 16.241047239 16.241047239 16.241047239 16.241047239 16.241047239
6901088 64 46367.884 46367.884 46367.884 19.0506701578 19.0506701578 19.0506701578 19.0506701578 19.0506701578 19.0506701578
7591184 64 53532.124 53532.124 53532.124 18.1511862298 18.1511862298 18.1511862298 18.1511862298 18.1511862298 18.1511862298
8350288 64 59083.939 59083.939 59083.939 18.0901422974 18.0901422974 18.0901422974 18.0901422974 18.0901422974 18.0901422974
9185312 32 34683.943 34683.943 34683.943 16.9490524189 16.9490524189 16.9490524189 16.9490524189 16.9490524189 16.9490524189
10103840 32 37533.998 37533.998 37533.998 17.2282675563 17.2282675563 17.2282675563 17.2282675563 17.2282675563 17.2282675563
11114224 32 41727.066 41727.066 41727.066 17.0467373862 17.0467373862 17.0467373862 17.0467373862 17.0467373862 17.0467373862
12225632 32 47946.93 47946.93 47946.93 16.3188852342 16.3188852342 16.3188852342 16.3188852342 16.3188852342 16.3188852342
13448192 32 52138.09 52138.09 52138.09 16.5077832349 16.5077832349 16.5077832349 16.5077832349 16.5077832349 16.5077832349
14793008 32 56977.034 56977.034 56977.034 16.6163881398 16.6163881398 16.6163881398 16.6163881398 16.6163881398 16.6163881398
16272304 32 63936.949 63936.949 63936.949 16.2883508251 16.2883508251 16.2883508251 16.2883508251 16.2883508251 16.2883508251
17899520 16 41522.98 41522.98 41522.98 13.7944010762 13.7944010762 13.7944010762 13.7944010762 13.7944010762 13.7944010762
19689472 16 42974.949 42974.949 42974.949 14.6611716514 14.6611716514 14.6611716514 14.6611716514 14.6611716514 14.6611716514
21658416 16 43304.92 43304.92 43304.92 16.0044011627 16.0044011627 16.0044011627 16.0044011627 16.0044011627 16.0044011627
23824256 16 45302.153 45302.153 45302.153 16.8286966847 16.8286966847 16.8286966847 16.8286966847 16.8286966847 16.8286966847
26206672 16 52181.005 52181.005 52181.005 16.0712409429 16.0712409429 16.0712409429 16.0712409429 16.0712409429 16.0712409429
28827328 16 53442.955 53442.955 53442.955 17.2609186 17.2609186 17.2609186 17.2609186 17.2609186 17.2609186
31710048 16 58776.14 58776.14 58776.14 17.2641744762 17.2641744762 17.2641744762 17.2641744762 17.2641744762 17.2641744762
34881040 8 31877.041 31877.041 31877.041 17.5077931481 17.5077931481 17.5077931481 17.5077931481 17.5077931481 17.5077931481
38369136 8 35563.946 35563.946 35563.946 17.2620376828 17.2620376828 17.2620376828 17.2620376828 17.2620376828 17.2620376828
42206048 8 41352.987 41352.987 41352.987 16.3300602203 16.3300602203 16.3300602203 16.3300602203 16.3300602203 16.3300602203
46426640 8 41539.192 41539.192 41539.192 17.8825394582 17.8825394582 17.8825394582 17.8825394582 17.8825394582 17.8825394582
51069296 8 46338.797 46338.797 46338.797 17.6333610042 17.6333610042 17.6333610042 17.6333610042 17.6333610042 17.6333610042
56176224 8 53984.88 53984.88 53984.88 16.6494689624 16.6494689624 16.6494689624 16.6494689624 16.6494689624 16.6494689624
61793840 8 61166.048 61166.048 61166.048 16.1642197318 16.1642197318 16.1642197318 16.1642197318 16.1642197318 16.1642197318
67973216 4 30385.017 30385.017 30385.017 17.8965089274 17.8965089274 17.8965089274 17.8965089274 17.8965089274 17.8965089274
74770528 4 35861.969 35861.969 35861.969 16.6796258175 16.6796258175 16.6796258175 16.6796258175 16.6796258175 16.6796258175
82247568 4 37215.948 37215.948 37215.948 17.6800694154 17.6800694154 17.6800694154 17.6800694154 17.6800694154 17.6800694154
90472320 4 40620.089 40620.089 40620.089 17.8182416095 17.8182416095 17.8182416095 17.8182416095 17.8182416095 17.8182416095
99519552 4 44529.915 44529.915 44529.915 17.8791362166 17.8791362166 17.8791362166 17.8791362166 17.8791362166 17.8791362166
109471504 4 48339.844 48339.844 48339.844 18.1169809319 18.1169809319 18.1169809319 18.1169809319 18.1169809319 18.1169809319
120418640 4 50917.149 50917.149 50917.149 18.9199344213 18.9199344213 18.9199344213 18.9199344213 18.9199344213 18.9199344213
132460496 4 57252.169 57252.169 57252.169 18.5090623903 18.5090623903 18.5090623903 18.5090623903 18.5090623903 18.5090623903
145706544 2 30035.019 30035.019 30035.019 19.4048878744 19.4048878744 19.4048878744 19.4048878744 19.4048878744 19.4048878744
160277184 2 32449.007 32449.007 32449.007 19.7574223458 19.7574223458 19.7574223458 19.7574223458 19.7574223458 19.7574223458
176304896 2 36159.992 36159.992 36159.992 19.5027582971 19.5027582971 19.5027582971 19.5027582971 19.5027582971 19.5027582971
193935376 2 41860.104 41860.104 41860.104 18.5317624629 18.5317624629 18.5317624629 18.5317624629 18.5317624629 18.5317624629
213328912 2 43242.931 43242.931 43242.931 19.7330668451 19.7330668451 19.7330668451 19.7330668451 19.7330668451 19.7330668451
234661792 2 46565.056 46565.056 46565.056 20.1577588138 20.1577588138 20.1577588138 20.1577588138 20.1577588138 20.1577588138
258127968 2 51913.023 51913.023 51913.023 19.8892650116 19.8892650116 19.8892650116 19.8892650116 19.8892650116 19.8892650116
283940752 1 30202.15 30202.15 30202.15 18.8026847095 18.8026847095 18.8026847095 18.8026847095 18.8026847095 18.8026847095
312334816 1 33127.069 33127.069 33127.069 18.8567733535 18.8567733535 18.8567733535 18.8567733535 18.8567733535 18.8567733535
343568288 1 38370.132 38370.132 38370.132 17.9081108191 17.9081108191 17.9081108191 17.9081108191 17.9081108191 17.9081108191
377925104 1 41519.88 41519.88 41519.88 18.2045373927 18.2045373927 18.2045373927 18.2045373927 18.2045373927 18.2045373927
415717600 1 45459.032 45459.032 45459.032 18.2897691266 18.2897691266 18.2897691266 18.2897691266 18.2897691266 18.2897691266
457289360 1 48125.982 48125.982 48125.982 19.0038453657 19.0038453657 19.0038453657 19.0038453657 19.0038453657 19.0038453657
503018288 1 51615.953 51615.953 51615.953 19.4908069604 19.4908069604 19.4908069604 19.4908069604 19.4908069604 19.4908069604

META_DATA
ERT_VERSION  1.1.0
HOSTNAME  ('e828f4ff7df7', [], ['172.17.0.2'])
CONFIG  {'ERT_WORKING_SET_MIN': ['1'], 'ERT_CFLAGS': ['-Ofast', '-march=native'], 'ERT_CC': ['cc'], 'ERT_MPI_CFLAGS': [], 'ERT_MPI_LDFLAGS': [], 'ERT_MEMORY_MAX': ['536870912', '#', '512MB'], 'ERT_LDFLAGS': [], 'ERT_LDLIBS': [], 'ERT_RUN': ['export', 'OMP_NUM_THREADS=ERT_OPENMP_THREADS', ';', './ERT_CODE'], 'ERT_FLOPS': ['1,4,16,64'], 'ERT_OPENMP_CFLAGS': ['-fopenmp'], 'ERT_MPI': ['False'], 'ERT_TRIALS_MIN': ['1'], 'ERT_DRIVER': ['driver1'], 'ERT_RESULTS': ['OpenMP_4'], 'ERT_OPENMP': ['True'], 'ERT_OPENMP_THREADS': ['1,2,4'], 'ERT_KERNEL': ['kernel1'], 'ERT_GPU': [False], 'ERT_LD': ['cc'], 'ERT_NUM_EXPERIMENTS': ['1'], 'ERT_OPENMP_LDFLAGS': ['-fopenmp'], 'ERT_ALIGN': ['64'], 'ERT_GNUPLOT': ['gnuplot']}
OPENMP_THREADS 2
TIMESTAMP_DATA  1620700551.08
UNAME  ('Linux', 'e828f4ff7df7', '5.4.72-microsoft-standard-WSL2', '#1 SMP Wed Oct 28 23:40:43 UTC 2020', 'x86_64', 'x86_64')
FLOPS          16
