16 16777216 653310.061 653310.061 653310.061 0.821770464055 0.821770464055 0.821770464055 3.28708185622 3.28708185622 3.28708185622
32 8388608 326321.84 326321.84 326321.84 1.64521906349 1.64521906349 1.64521906349 6.58087625395 6.58087625395 6.58087625395
48 4194304 163086.891 163086.891 163086.891 2.46894880104 2.46894880104 2.46894880104 9.87579520417 9.87579520417 9.87579520417
64 4194304 164011.955 164011.955 164011.955 3.27336450565 3.27336450565 3.27336450565 13.0934580226 13.0934580226 13.0934580226
80 2097152 81897.02 81897.02 81897.02 4.09714932241 4.09714932241 4.09714932241 16.3885972896 16.3885972896 16.3885972896
96 2097152 82071.066 82071.066 82071.066 4.90615272379 4.90615272379 4.90615272379 19.6246108951 19.6246108951 19.6246108951
112 2097152 104449.034 104449.034 104449.034 4.49752410348 4.49752410348 4.49752410348 17.9900964139 17.9900964139 17.9900964139
128 2097152 82611.084 82611.084 82611.084 6.49877578171 6.49877578171 6.49877578171 25.9951031268 25.9951031268 25.9951031268
144 1048576 41854.143 41854.143 41854.143 7.21529259361 7.21529259361 7.21529259361 28.8611703745 28.8611703745 28.8611703745
160 1048576 52074.909 52074.909 52074.909 6.44349316098 6.44349316098 6.44349316098 25.7739726439 25.7739726439 25.7739726439
176 1048576 65469.98 65469.98 65469.98 5.63767931501 5.63767931501 5.63767931501 22.55071726 22.55071726 22.55071726
192 1048576 41848.183 41848.183 41848.183 9.62176025659 9.62176025659 9.62176025659 38.4870410264 38.4870410264 38.4870410264
208 1048576 52047.014 52047.014 52047.014 8.38103058131 8.38103058131 8.38103058131 33.5241223253 33.5241223253 33.5241223253
224 1048576 65208.912 65208.912 65208.912 7.20395469871 7.20395469871 7.20395469871 28.8158187948 28.8158187948 28.8158187948
240 1048576 78465.939 78465.939 78465.939 6.41445812558 6.41445812558 6.41445812558 25.6578325023 25.6578325023 25.6578325023
256 1048576 52056.074 52056.074 52056.074 10.3133192872 10.3133192872 10.3133192872 41.2532771488 41.2532771488 41.2532771488
272 524288 32506.943 32506.943 32506.943 8.77390014804 8.77390014804 8.77390014804 35.0956005922 35.0956005922 35.0956005922
288 524288 39443.016 39443.016 39443.016 7.65635893564 7.65635893564 7.65635893564 30.6254357425 30.6254357425 30.6254357425
304 524288 48704.863 48704.863 48704.863 6.54487220301 6.54487220301 6.54487220301 26.179488812 26.179488812 26.179488812
320 524288 33030.987 33030.987 33030.987 10.1584708928 10.1584708928 10.1584708928 40.6338835712 40.6338835712 40.6338835712
352 524288 46141.863 46141.863 46141.863 7.99921650324 7.99921650324 7.99921650324 31.996866013 31.996866013 31.996866013
384 524288 39309.025 39309.025 39309.025 10.2432757872 10.2432757872 10.2432757872 40.9731031487 40.9731031487 40.9731031487
416 524288 53122.044 53122.044 53122.044 8.21142379235 8.21142379235 8.21142379235 32.8456951694 32.8456951694 32.8456951694
448 524288 46016.932 46016.932 46016.932 10.2084608335 10.2084608335 10.2084608335 40.833843334 40.833843334 40.833843334
480 524288 59719.801 59719.801 59719.801 8.42796646292 8.42796646292 8.42796646292 33.7118658517 33.7118658517 33.7118658517
528 262144 29325.962 29325.962 29325.962 9.43955611755 9.43955611755 9.43955611755 37.7582244702 37.7582244702 37.7582244702
576 262144 29863.119 29863.119 29863.119 10.1124697658 10.1124697658 10.1124697658 40.4498790632 40.4498790632 40.4498790632
624 262144 39105.892 39105.892 39105.892 8.36589309867 8.36589309867 8.36589309867 33.4635723947 33.4635723947 33.4635723947
672 262144 39240.122 39240.122 39240.122 8.97860450077 8.97860450077 8.97860450077 35.9144180031 35.9144180031 35.9144180031
736 262144 42253.017 42253.017 42253.017 9.13250686927 9.13250686927 9.13250686927 36.5300274771 36.5300274771 36.5300274771
800 262144 45433.998 45433.998 45433.998 9.23164190833 9.23164190833 9.23164190833 36.9265676333 36.9265676333 36.9265676333
880 262144 51843.882 51843.882 51843.882 8.89928420098 8.89928420098 8.89928420098 35.5971368039 35.5971368039 35.5971368039
960 262144 48527.956 48527.956 48527.956 10.3716810162 10.3716810162 10.3716810162 41.4867240648 41.4867240648 41.4867240648
1056 131072 29008.865 29008.865 29008.865 9.54274026233 9.54274026233 9.54274026233 38.1709610493 38.1709610493 38.1709610493
1152 131072 29087.067 29087.067 29087.067 10.3822736063 10.3822736063 10.3822736063 41.5290944254 41.5290944254 41.5290944254
1264 131072 35855.055 35855.055 35855.055 9.241375198 9.241375198 9.241375198 36.965500792 36.965500792 36.965500792
1376 131072 37812.948 37812.948 37812.948 9.53932880346 9.53932880346 9.53932880346 38.1573152138 38.1573152138 38.1573152138
1504 131072 41337.967 41337.967 41337.967 9.5375898868 9.5375898868 9.5375898868 38.1503595472 38.1503595472 38.1503595472
1648 131072 45711.994 45711.994 45711.994 9.45076497866 9.45076497866 9.45076497866 37.8030599146 37.8030599146 37.8030599146
1808 131072 47033.072 47033.072 47033.072 10.0770868635 10.0770868635 10.0770868635 40.3083474539 40.3083474539 40.3083474539
1984 131072 51723.003 51723.003 51723.003 10.0553654242 10.0553654242 10.0553654242 40.2214616966 40.2214616966 40.2214616966
2176 65536 27791.977 27791.977 27791.977 10.2624103352 10.2624103352 10.2624103352 41.0496413407 41.0496413407 41.0496413407
2384 65536 31413.078 31413.078 31413.078 9.94731073472 9.94731073472 9.94731073472 39.7892429389 39.7892429389 39.7892429389
2608 65536 35125.971 35125.971 35125.971 9.73171036325 9.73171036325 9.73171036325 38.926841453 38.926841453 38.926841453
2864 65536 38346.052 38346.052 38346.052 9.78953995055 9.78953995055 9.78953995055 39.1581598022 39.1581598022 39.1581598022
3136 65536 40497.065 40497.065 40497.065 10.149915605 10.149915605 10.149915605 40.59966242 40.59966242 40.59966242
3440 65536 46080.112 46080.112 46080.112 9.78486510623 9.78486510623 9.78486510623 39.1394604249 39.1394604249 39.1394604249
3776 65536 48094.988 48094.988 48094.988 10.2906330281 10.2906330281 10.2906330281 41.1625321125 41.1625321125 41.1625321125
4144 32768 27869.94 27869.94 27869.94 9.74459162811 9.74459162811 9.74459162811 38.9783665125 38.9783665125 38.9783665125
4544 32768 29448.032 29448.032 29448.032 10.1125801548 10.1125801548 10.1125801548 40.450320619 40.450320619 40.450320619
4992 32768 31955.957 31955.957 31955.957 10.2377066035 10.2377066035 10.2377066035 40.950826414 40.950826414 40.950826414
5488 32768 35962.105 35962.105 35962.105 10.001126686 10.001126686 10.001126686 40.004506744 40.004506744 40.004506744
6032 32768 39428.949 39428.949 39428.949 10.0259621934 10.0259621934 10.0259621934 40.1038487737 40.1038487737 40.1038487737
6624 32768 43184.996 43184.996 43184.996 10.0523446616 10.0523446616 10.0523446616 40.2093786462 40.2093786462 40.2093786462
7280 32768 46858.072 46858.072 46858.072 10.1818546866 10.1818546866 10.1818546866 40.7274187466 40.7274187466 40.7274187466
8000 32768 50714.97 50714.97 50714.97 10.3379337501 10.3379337501 10.3379337501 41.3517350005 41.3517350005 41.3517350005
8800 16384 28213.024 28213.024 28213.024 10.2207547833 10.2207547833 10.2207547833 40.8830191333 40.8830191333 40.8830191333
9680 16384 30769.11 30769.11 30769.11 10.3088532622 10.3088532622 10.3088532622 41.235413049 41.235413049 41.235413049
10640 16384 33861.876 33861.876 33861.876 10.2962848249 10.2962848249 10.2962848249 41.1851392994 41.1851392994 41.1851392994
11696 16384 37553.072 37553.072 37553.072 10.2056771281 10.2056771281 10.2056771281 40.8227085124 40.8227085124 40.8227085124
12864 16384 41339.874 41339.874 41339.874 10.1966336908 10.1966336908 10.1966336908 40.786534763 40.786534763 40.786534763
14144 16384 44889.927 44889.927 44889.927 10.3246011516 10.3246011516 10.3246011516 41.2984046064 41.2984046064 41.2984046064
15552 16384 49359.083 49359.083 49359.083 10.324501693 10.324501693 10.324501693 41.2980067721 41.2980067721 41.2980067721
17104 8192 27185.917 27185.917 27185.917 10.3079817392 10.3079817392 10.3079817392 41.2319269569 41.2319269569 41.2319269569
18800 8192 29998.064 29998.064 29998.064 10.267969293 10.267969293 10.267969293 41.0718771718 41.0718771718 41.0718771718
20672 8192 32830.954 32830.954 32830.954 10.3161805167 10.3161805167 10.3161805167 41.2647220669 41.2647220669 41.2647220669
22736 8192 36157.131 36157.131 36157.131 10.3024386531 10.3024386531 10.3024386531 41.2097546124 41.2097546124 41.2097546124
25008 8192 39911.985 39911.985 39911.985 10.2658655539 10.2658655539 10.2658655539 41.0634622157 41.0634622157 41.0634622157
27504 8192 43744.087 43744.087 43744.087 10.3014045304 10.3014045304 10.3014045304 41.2056181216 41.2056181216 41.2056181216
30240 8192 48151.016 48151.016 48151.016 10.2895473691 10.2895473691 10.2895473691 41.1581894762 41.1581894762 41.1581894762
33264 4096 26494.98 26494.98 26494.98 10.2849176712 10.2849176712 10.2849176712 41.1396706848 41.1396706848 41.1396706848
36576 4096 29116.869 29116.869 29116.869 10.2906185414 10.2906185414 10.2906185414 41.1624741657 41.1624741657 41.1624741657
40224 4096 32659.054 32659.054 32659.054 10.0895453983 10.0895453983 10.0895453983 40.3581815934 40.3581815934 40.3581815934
44240 4096 35093.069 35093.069 35093.069 10.3272267239 10.3272267239 10.3272267239 41.3089068955 41.3089068955 41.3089068955
48656 4096 38637.161 38637.161 38637.161 10.3162329137 10.3162329137 10.3162329137 41.2649316548 41.2649316548 41.2649316548
53520 4096 42567.015 42567.015 42567.015 10.2998962929 10.2998962929 10.2998962929 41.1995851718 41.1995851718 41.1995851718
58864 4096 46778.917 46778.917 46778.917 10.3083593834 10.3083593834 10.3083593834 41.2334375334 41.2334375334 41.2334375334
64736 4096 51447.153 51447.153 51447.153 10.3080011444 10.3080011444 10.3080011444 41.2320045776 41.2320045776 41.2320045776
71200 2048 28320.074 28320.074 28320.074 10.2978261992 10.2978261992 10.2978261992 41.1913047967 41.1913047967 41.1913047967
78320 2048 31196.833 31196.833 31196.833 10.2830540523 10.2830540523 10.2830540523 41.1322162093 41.1322162093 41.1322162093
86144 2048 34153.938 34153.938 34153.938 10.3310436413 10.3310436413 10.3310436413 41.3241745652 41.3241745652 41.3241745652
94752 2048 37686.11 37686.11 37686.11 10.2983351691 10.2983351691 10.2983351691 41.1933406764 41.1933406764 41.1933406764
104224 2048 43237.925 43237.925 43237.925 9.87331154305 9.87331154305 9.87331154305 39.4932461722 39.4932461722 39.4932461722
114640 2048 45295.0 45295.0 45295.0 10.3668272436 10.3668272436 10.3668272436 41.4673089745 41.4673089745 41.4673089745
126096 2048 49883.127 49883.127 49883.127 10.3539863489 10.3539863489 10.3539863489 41.4159453957 41.4159453957 41.4159453957
138704 1024 28000.832 28000.832 28000.832 10.1449054085 10.1449054085 10.1449054085 40.5796216341 40.5796216341 40.5796216341
152560 1024 30150.89 30150.89 30150.89 10.3626420315 10.3626420315 10.3626420315 41.4505681258 41.4505681258 41.4505681258
167808 1024 33170.938 33170.938 33170.938 10.3605989074 10.3605989074 10.3605989074 41.4423956296 41.4423956296 41.4423956296
184576 1024 36434.174 36434.174 36434.174 10.375194673 10.375194673 10.375194673 41.500778692 41.500778692 41.500778692
203024 1024 42451.859 42451.859 42451.859 9.79446275839 9.79446275839 9.79446275839 39.1778510336 39.1778510336 39.1778510336
223312 1024 45017.958 45017.958 45017.958 10.1591230771 10.1591230771 10.1591230771 40.6364923082 40.6364923082 40.6364923082
245632 1024 49183.846 49183.846 49183.846 10.2280398324 10.2280398324 10.2280398324 40.9121593297 40.9121593297 40.9121593297
270192 512 27458.906 27458.906 27458.906 10.0760244418 10.0760244418 10.0760244418 40.304097767 40.304097767 40.304097767
297200 512 30354.977 30354.977 30354.977 10.0257957698 10.0257957698 10.0257957698 40.1031830793 40.1031830793 40.1031830793
326912 512 32464.981 32464.981 32464.981 10.3113532702 10.3113532702 10.3113532702 41.2454130806 41.2454130806 41.2454130806
359600 512 35623.074 35623.074 35623.074 10.3368507726 10.3368507726 10.3368507726 41.3474030905 41.3474030905 41.3474030905
395552 512 39253.95 39253.95 39253.95 10.3185857219 10.3185857219 10.3185857219 41.2743428878 41.2743428878 41.2743428878
435104 512 43012.142 43012.142 43012.142 10.358621433 10.358621433 10.358621433 41.434485732 41.434485732 41.434485732
478608 512 47360.182 47360.182 47360.182 10.3482413138 10.3482413138 10.3482413138 41.3929652551 41.3929652551 41.3929652551
526464 256 25992.155 25992.155 25992.155 10.3704201518 10.3704201518 10.3704201518 41.4816806071 41.4816806071 41.4816806071
579104 256 28630.018 28630.018 28630.018 10.3563067267 10.3563067267 10.3563067267 41.4252269069 41.4252269069 41.4252269069
637008 256 31524.181 31524.181 31524.181 10.3459657207 10.3459657207 10.3459657207 41.3838628829 41.3838628829 41.3838628829
700704 256 34689.903 34689.903 34689.903 10.341927102 10.341927102 10.341927102 41.3677084078 41.3677084078 41.3677084078
770768 256 37977.934 37977.934 37977.934 10.3911185901 10.3911185901 10.3911185901 41.5644743603 41.5644743603 41.5644743603
847840 256 41812.897 41812.897 41812.897 10.3818226228 10.3818226228 10.3818226228 41.5272904913 41.5272904913 41.5272904913
932624 256 46154.022 46154.022 46154.022 10.3458694889 10.3458694889 10.3458694889 41.3834779556 41.3834779556 41.3834779556
1025872 256 50675.869 50675.869 50675.869 10.3648240152 10.3648240152 10.3648240152 41.4592960606 41.4592960606 41.4592960606
1128448 128 28444.052 28444.052 28444.052 10.1561721234 10.1561721234 10.1561721234 40.6246884937 40.6246884937 40.6246884937
1241280 128 30905.962 30905.962 30905.962 10.2817598753 10.2817598753 10.2817598753 41.1270395013 41.1270395013 41.1270395013
1365408 128 34404.039 34404.039 34404.039 10.159982902 10.159982902 10.159982902 40.639931608 40.639931608 40.639931608
1501936 128 37231.922 37231.922 37231.922 10.3270418325 10.3270418325 10.3270418325 41.3081673302 41.3081673302 41.3081673302
1652128 128 41002.989 41002.989 41002.989 10.314974062 10.314974062 10.314974062 41.2598962481 41.2598962481 41.2598962481
1817328 128 45614.004 45614.004 45614.004 10.1994108651 10.1994108651 10.1994108651 40.7976434605 40.7976434605 40.7976434605
1999056 128 50293.922 50293.922 50293.922 10.1753515266 10.1753515266 10.1753515266 40.7014061063 40.7014061063 40.7014061063
2198960 64 27377.129 27377.129 27377.129 10.2810955816 10.2810955816 10.2810955816 41.1243823266 41.1243823266 41.1243823266
2418848 64 30210.018 30210.018 30210.018 10.2486712851 10.2486712851 10.2486712851 40.9946851405 40.9946851405 40.9946851405
2660720 64 33107.996 33107.996 33107.996 10.2867041545 10.2867041545 10.2867041545 41.146816618 41.146816618 41.146816618
2926784 64 36355.972 36355.972 36355.972 10.3044515493 10.3044515493 10.3044515493 41.217806197 41.217806197 41.217806197
3219456 64 39973.021 39973.021 39973.021 10.3092125061 10.3092125061 10.3092125061 41.2368500244 41.2368500244 41.2368500244
3541392 64 44787.884 44787.884 44787.884 10.1210000455 10.1210000455 10.1210000455 40.4840001818 40.4840001818 40.4840001818
3895520 64 48789.024 48789.024 48789.024 10.220056052 10.220056052 10.220056052 40.8802242078 40.8802242078 40.8802242078
4285072 32 26736.975 26736.975 26736.975 10.2571292377 10.2571292377 10.2571292377 41.0285169508 41.0285169508 41.0285169508
4713568 32 29561.996 29561.996 29561.996 10.2046002577 10.2046002577 10.2046002577 40.8184010308 40.8184010308 40.8184010308
5184912 32 32565.117 32565.117 32565.117 10.189871819 10.189871819 10.189871819 40.7594872759 40.7594872759 40.7594872759
5703392 32 35796.881 35796.881 35796.881 10.1968964279 10.1968964279 10.1968964279 40.7875857117 40.7875857117 40.7875857117
6273728 32 39803.028 39803.028 39803.028 10.0876393625 10.0876393625 10.0876393625 40.3505574501 40.3505574501 40.3505574501
6901088 32 44090.033 44090.033 44090.033 10.0174484333 10.0174484333 10.0174484333 40.0697937332 40.0697937332 40.0697937332
7591184 32 48322.916 48322.916 48322.916 10.0539416123 10.0539416123 10.0539416123 40.2157664492 40.2157664492 40.2157664492
8350288 32 53546.906 53546.906 53546.906 9.98037929586 9.98037929586 9.98037929586 39.9215171835 39.9215171835 39.9215171835
9185312 16 30261.04 30261.04 30261.04 9.71314878801 9.71314878801 9.71314878801 38.8525951521 38.8525951521 38.8525951521
10103840 16 49582.005 49582.005 49582.005 6.52097227613 6.52097227613 6.52097227613 26.0838891045 26.0838891045 26.0838891045
11114224 16 54761.171 54761.171 54761.171 6.49465965584 6.49465965584 6.49465965584 25.9786386233 25.9786386233 25.9786386233
12225632 16 59597.969 59597.969 59597.969 6.56432141169 6.56432141169 6.56432141169 26.2572856468 26.2572856468 26.2572856468
13448192 16 65649.033 65649.033 65649.033 6.55519395084 6.55519395084 6.55519395084 26.2207758034 26.2207758034 26.2207758034
14793008 16 72638.988 72638.988 72638.988 6.51683440303 6.51683440303 6.51683440303 26.0673376121 26.0673376121 26.0673376121
16272304 16 55377.007 55377.007 55377.007 9.40306737777 9.40306737777 9.40306737777 37.6122695111 37.6122695111 37.6122695111
17899520 8 30385.017 30385.017 30385.017 9.4254454424 9.4254454424 9.4254454424 37.7017817696 37.7017817696 37.7017817696
19689472 8 32433.033 32433.033 32433.033 9.71329298743 9.71329298743 9.71329298743 38.8531719497 38.8531719497 38.8531719497
21658416 8 36474.943 36474.943 36474.943 9.5006222765 9.5006222765 9.5006222765 38.002489106 38.002489106 38.002489106
23824256 8 41923.046 41923.046 41923.046 9.09256679488 9.09256679488 9.09256679488 36.3702671795 36.3702671795 36.3702671795
26206672 8 44839.144 44839.144 44839.144 9.35135496788 9.35135496788 9.35135496788 37.4054198715 37.4054198715 37.4054198715
28827328 8 49900.055 49900.055 49900.055 9.24322123493 9.24322123493 9.24322123493 36.9728849397 36.9728849397 36.9728849397
31710048 8 54412.127 54412.127 54412.127 9.32440608322 9.32440608322 9.32440608322 37.2976243329 37.2976243329 37.2976243329
34881040 4 30335.903 30335.903 30335.903 9.19861591066 9.19861591066 9.19861591066 36.7944636426 36.7944636426 36.7944636426
38369136 4 32370.09 32370.09 32370.09 9.48261459885 9.48261459885 9.48261459885 37.9304583954 37.9304583954 37.9304583954
42206048 4 36262.989 36262.989 36262.989 9.31110185098 9.31110185098 9.31110185098 37.2444074039 37.2444074039 37.2444074039
46426640 4 39549.112 39549.112 39549.112 9.39118734196 9.39118734196 9.39118734196 37.5647493678 37.5647493678 37.5647493678
51069296 4 51373.959 51373.959 51373.959 7.9525575983 7.9525575983 7.9525575983 31.8102303932 31.8102303932 31.8102303932
56176224 4 47703.028 47703.028 47703.028 9.42099088553 9.42099088553 9.42099088553 37.6839635421 37.6839635421 37.6839635421
61793840 4 53643.942 53643.942 53643.942 9.21540628017 9.21540628017 9.21540628017 36.8616251207 36.8616251207 36.8616251207
67973216 2 28839.827 28839.827 28839.827 9.42768706622 9.42768706622 9.42768706622 37.7107482649 37.7107482649 37.7107482649
74770528 2 31371.832 31371.832 31371.832 9.53346020723 9.53346020723 9.53346020723 38.1338408289 38.1338408289 38.1338408289
82247568 2 35481.93 35481.93 35481.93 9.27205121029 9.27205121029 9.27205121029 37.0882048412 37.0882048412 37.0882048412
90472320 2 38769.007 38769.007 38769.007 9.33449959139 9.33449959139 9.33449959139 37.3379983656 37.3379983656 37.3379983656
99519552 2 41779.041 41779.041 41779.041 9.52817964395 9.52817964395 9.52817964395 38.1127185758 38.1127185758 38.1127185758
109471504 2 47192.812 47192.812 47192.812 9.27865913139 9.27865913139 9.27865913139 37.1146365256 37.1146365256 37.1146365256
120418640 2 51844.835 51844.835 51844.835 9.29069520619 9.29069520619 9.29069520619 37.1627808247 37.1627808247 37.1627808247
132460496 2 72258.949 72258.949 72258.949 7.33254484507 7.33254484507 7.33254484507 29.3301793803 29.3301793803 29.3301793803
145706544 1 42746.067 42746.067 42746.067 6.81730761335 6.81730761335 6.81730761335 27.2692304534 27.2692304534 27.2692304534
160277184 1 51814.079 51814.079 51814.079 6.18662676606 6.18662676606 6.18662676606 24.7465070642 24.7465070642 24.7465070642
176304896 1 59121.132 59121.132 59121.132 5.9641921606 5.9641921606 5.9641921606 23.8567686424 23.8567686424 23.8567686424
193935376 1 58473.11 58473.11 58473.11 6.63331832358 6.63331832358 6.63331832358 26.5332732943 26.5332732943 26.5332732943
213328912 1 67099.094 67099.094 67099.094 6.35862272596 6.35862272596 6.35862272596 25.4344909039 25.4344909039 25.4344909039
234661792 1 78199.863 78199.863 78199.863 6.00159087235 6.00159087235 6.00159087235 24.0063634894 24.0063634894 24.0063634894
258127968 1 60959.101 60959.101 60959.101 8.46889024823 8.46889024823 8.46889024823 33.8755609929 33.8755609929 33.8755609929

META_DATA
ERT_VERSION  1.1.0
UNAME  ('Linux', '5a481ab6924f', '5.4.72-microsoft-standard-WSL2', '#1 SMP Wed Oct 28 23:40:43 UTC 2020', 'x86_64', 'x86_64')
TIMESTAMP_DATA  1620609758.94
HOSTNAME  ('5a481ab6924f', [], ['172.17.0.4'])
OPENMP_THREADS 2
FLOPS          64
CONFIG  {'ERT_WORKING_SET_MIN': ['1'], 'ERT_CFLAGS': ['-Ofast', '-march=native'], 'ERT_CC': ['cc'], 'ERT_MPI_CFLAGS': [], 'ERT_MPI_LDFLAGS': [], 'ERT_MEMORY_MAX': ['268435456', '#', '256MB'], 'ERT_LDFLAGS': [], 'ERT_LDLIBS': [], 'ERT_RUN': ['export', 'OMP_NUM_THREADS=ERT_OPENMP_THREADS', ';', './ERT_CODE'], 'ERT_FLOPS': ['1,4,16,64'], 'ERT_OPENMP_CFLAGS': ['-fopenmp'], 'ERT_MPI': ['False'], 'ERT_TRIALS_MIN': ['1'], 'ERT_DRIVER': ['driver1'], 'ERT_RESULTS': ['OpenMP_2'], 'ERT_OPENMP': ['True'], 'ERT_OPENMP_THREADS': ['1,2'], 'ERT_KERNEL': ['kernel1'], 'ERT_GPU': [False], 'ERT_LD': ['cc'], 'ERT_NUM_EXPERIMENTS': ['1'], 'ERT_OPENMP_LDFLAGS': ['-fopenmp'], 'ERT_ALIGN': ['64'], 'ERT_GNUPLOT': ['gnuplot']}
