16 16777216 224426.985 224426.985 224426.985 2.39218520001 2.39218520001 2.39218520001 0.598046300003 0.598046300003 0.598046300003
32 8388608 115720.987 115720.987 115720.987 4.63935648942 4.63935648942 4.63935648942 1.15983912235 1.15983912235 1.15983912235
48 4194304 55778.98 55778.98 55778.98 7.21872619399 7.21872619399 7.21872619399 1.8046815485 1.8046815485 1.8046815485
64 4194304 55737.972 55737.972 55737.972 9.6320496196 9.6320496196 9.6320496196 2.4080124049 2.4080124049 2.4080124049
80 2097152 28275.967 28275.967 28275.967 11.8667672798 11.8667672798 11.8667672798 2.96669181995 2.96669181995 2.96669181995
96 2097152 27770.042 27770.042 27770.042 14.4995525754 14.4995525754 14.4995525754 3.62488814385 3.62488814385 3.62488814385
112 2097152 29015.064 29015.064 29015.064 16.1902812966 16.1902812966 16.1902812966 4.04757032416 4.04757032416 4.04757032416
128 2097152 29694.08 29694.08 29694.08 18.0800655215 18.0800655215 18.0800655215 4.52001638037 4.52001638037 4.52001638037
144 1048576 24339.914 24339.914 24339.914 12.4071879629 12.4071879629 12.4071879629 3.10179699074 3.10179699074 3.10179699074
160 1048576 15893.936 15893.936 15893.936 21.1114679208 21.1114679208 21.1114679208 5.27786698021 5.27786698021 5.27786698021
176 1048576 16487.837 16487.837 16487.837 22.386123298 22.386123298 22.386123298 5.59653082451 5.59653082451 5.59653082451
192 1048576 18487.215 18487.215 18487.215 21.7800887803 21.7800887803 21.7800887803 5.44502219507 5.44502219507 5.44502219507
208 1048576 18800.02 18800.02 18800.02 23.2025080824 23.2025080824 23.2025080824 5.80062702061 5.80062702061 5.80062702061
224 1048576 19308.09 19308.09 19308.09 24.3298041391 24.3298041391 24.3298041391 6.08245103477 6.08245103477 6.08245103477
240 1048576 20960.093 20960.093 20960.093 24.0130842931 24.0130842931 24.0130842931 6.00327107327 6.00327107327 6.00327107327
256 1048576 15331.984 15331.984 15331.984 35.0164017912 35.0164017912 35.0164017912 8.7541004478 8.7541004478 8.7541004478
272 524288 7636.786 7636.786 7636.786 37.3472128196 37.3472128196 37.3472128196 9.33680320491 9.33680320491 9.33680320491
288 524288 7726.908 7726.908 7726.908 39.0828890418 39.0828890418 39.0828890418 9.77072226044 9.77072226044 9.77072226044
304 524288 7837.057 7837.057 7837.057 40.6743378286 40.6743378286 40.6743378286 10.1685844572 10.1685844572 10.1685844572
320 524288 7822.037 7822.037 7822.037 42.8973066734 42.8973066734 42.8973066734 10.7243266684 10.7243266684 10.7243266684
352 524288 7713.079 7713.079 7713.079 47.8536200653 47.8536200653 47.8536200653 11.9634050163 11.9634050163 11.9634050163
384 524288 8439.064 8439.064 8439.064 47.7130146187 47.7130146187 47.7130146187 11.9282536547 11.9282536547 11.9282536547
416 524288 9695.768 9695.768 9695.768 44.989485722 44.989485722 44.989485722 11.2473714305 11.2473714305 11.2473714305
448 524288 10912.895 10912.895 10912.895 43.0465103898 43.0465103898 43.0465103898 10.7616275974 10.7616275974 10.7616275974
480 524288 12413.025 12413.025 12413.025 40.54744754 40.54744754 40.54744754 10.136861885 10.136861885 10.136861885
528 262144 4060.984 4060.984 4060.984 68.1667457936 68.1667457936 68.1667457936 17.0416864484 17.0416864484 17.0416864484
576 262144 4168.034 4168.034 4168.034 72.4537966821 72.4537966821 72.4537966821 18.1134491705 18.1134491705 18.1134491705
624 262144 5147.934 5147.934 5147.934 63.5508753609 63.5508753609 63.5508753609 15.8877188402 15.8877188402 15.8877188402
672 262144 8299.828 8299.828 8299.828 42.4492575027 42.4492575027 42.4492575027 10.6123143757 10.6123143757 10.6123143757
736 262144 8853.912 8853.912 8853.912 43.582539334 43.582539334 43.582539334 10.8956348335 10.8956348335 10.8956348335
800 262144 5244.97 5244.97 5244.97 79.9681218386 79.9681218386 79.9681218386 19.9920304597 19.9920304597 19.9920304597
880 262144 7071.018 7071.018 7071.018 65.2485172573 65.2485172573 65.2485172573 16.3121293143 16.3121293143 16.3121293143
960 262144 9099.007 9099.007 9099.007 55.315539377 55.315539377 55.315539377 13.8288848442 13.8288848442 13.8288848442
1056 131072 3453.97 3453.97 3453.97 80.1466324259 80.1466324259 80.1466324259 20.0366581065 20.0366581065 20.0366581065
1152 131072 5279.064 5279.064 5279.064 57.2051954665 57.2051954665 57.2051954665 14.3012988666 14.3012988666 14.3012988666
1264 131072 5922.079 5922.079 5922.079 55.9516372544 55.9516372544 55.9516372544 13.9879093136 13.9879093136 13.9879093136
1376 131072 5072.117 5072.117 5072.117 71.1162901014 71.1162901014 71.1162901014 17.7790725253 17.7790725253 17.7790725253
1504 131072 6441.832 6441.832 6441.832 61.2037966839 61.2037966839 61.2037966839 15.300949171 15.300949171 15.300949171
1648 131072 10437.012 10437.012 10437.012 41.3924322402 41.3924322402 41.3924322402 10.34810806 10.34810806 10.34810806
1808 131072 5768.061 5768.061 5768.061 82.1690949524 82.1690949524 82.1690949524 20.5422737381 20.5422737381 20.5422737381
1984 131072 6672.144 6672.144 6672.144 77.9500106712 77.9500106712 77.9500106712 19.4875026678 19.4875026678 19.4875026678
2176 65536 3401.041 3401.041 3401.041 83.8604039175 83.8604039175 83.8604039175 20.9651009794 20.9651009794 20.9651009794
2384 65536 3650.188 3650.188 3650.188 85.6053573131 85.6053573131 85.6053573131 21.4013393283 21.4013393283 21.4013393283
2608 65536 4024.029 4024.029 4024.029 84.9486363046 84.9486363046 84.9486363046 21.2371590761 21.2371590761 21.2371590761
2864 65536 8590.937 8590.937 8590.937 43.6960727334 43.6960727334 43.6960727334 10.9240181833 10.9240181833 10.9240181833
3136 65536 5011.082 5011.082 5011.082 82.0265547441 82.0265547441 82.0265547441 20.506638686 20.506638686 20.506638686
3440 65536 5407.81 5407.81 5407.81 83.3771304835 83.3771304835 83.3771304835 20.8442826209 20.8442826209 20.8442826209
3776 65536 6174.803 6174.803 6174.803 80.1528197742 80.1528197742 80.1528197742 20.0382049435 20.0382049435 20.0382049435
4144 32768 3247.023 3247.023 3247.023 83.6400555216 83.6400555216 83.6400555216 20.9100138804 20.9100138804 20.9100138804
4544 32768 3839.97 3839.97 3839.97 77.5515392047 77.5515392047 77.5515392047 19.3878848012 19.3878848012 19.3878848012
4992 32768 4209.042 4209.042 4209.042 77.7268822692 77.7268822692 77.7268822692 19.4317205673 19.4317205673 19.4317205673
5488 32768 4422.903 4422.903 4422.903 81.3179868516 81.3179868516 81.3179868516 20.3294967129 20.3294967129 20.3294967129
6032 32768 4930.973 4930.973 4930.973 80.1694010492 80.1694010492 80.1694010492 20.0423502623 20.0423502623 20.0423502623
6624 32768 10206.938 10206.938 10206.938 42.5309200467 42.5309200467 42.5309200467 10.6327300117 10.6327300117 10.6327300117
7280 32768 8537.054 8537.054 8537.054 55.8860328165 55.8860328165 55.8860328165 13.9715082041 13.9715082041 13.9715082041
8000 32768 6263.018 6263.018 6263.018 83.7117185357 83.7117185357 83.7117185357 20.9279296339 20.9279296339 20.9279296339
8800 16384 3821.85 3821.85 3821.85 75.4499522483 75.4499522483 75.4499522483 18.8624880621 18.8624880621 18.8624880621
9680 16384 3869.057 3869.057 3869.057 81.982312486 81.982312486 81.982312486 20.4955781215 20.4955781215 20.4955781215
10640 16384 4458.904 4458.904 4458.904 78.1922014917 78.1922014917 78.1922014917 19.5480503729 19.5480503729 19.5480503729
11696 16384 5188.942 5188.942 5188.942 73.8598596785 73.8598596785 73.8598596785 18.4649649196 18.4649649196 18.4649649196
12864 16384 5265.951 5265.951 5265.951 80.0477543373 80.0477543373 80.0477543373 20.0119385843 20.0119385843 20.0119385843
14144 16384 5799.055 5799.055 5799.055 79.9217444911 79.9217444911 79.9217444911 19.9804361228 19.9804361228 19.9804361228
15552 16384 10079.145 10079.145 10079.145 50.5606314821 50.5606314821 50.5606314821 12.6401578705 12.6401578705 12.6401578705
17104 8192 6422.997 6422.997 6422.997 43.6294670541 43.6294670541 43.6294670541 10.9073667635 10.9073667635 10.9073667635
18800 8192 3897.905 3897.905 3897.905 79.0217309042 79.0217309042 79.0217309042 19.755432726 19.755432726 19.755432726
20672 8192 4209.042 4209.042 4209.042 80.4672531184 80.4672531184 80.4672531184 20.1168132796 20.1168132796 20.1168132796
22736 8192 4506.111 4506.111 4506.111 82.6669880081 82.6669880081 82.6669880081 20.666747002 20.666747002 20.666747002
25008 8192 5213.976 5213.976 5213.976 78.583229382 78.583229382 78.583229382 19.6458073455 19.6458073455 19.6458073455
27504 8192 5963.087 5963.087 5963.087 75.5691701295 75.5691701295 75.5691701295 18.8922925324 18.8922925324 18.8922925324
30240 8192 6345.034 6345.034 6345.034 78.085028386 78.085028386 78.085028386 19.5212570965 19.5212570965 19.5212570965
33264 4096 3462.076 3462.076 3462.076 78.7096204705 78.7096204705 78.7096204705 19.6774051176 19.6774051176 19.6774051176
36576 4096 5461.931 5461.931 5461.931 54.8579965584 54.8579965584 54.8579965584 13.7144991396 13.7144991396 13.7144991396
40224 4096 5505.085 5505.085 5505.085 59.8564796002 59.8564796002 59.8564796002 14.9641199001 14.9641199001 14.9641199001
44240 4096 4763.126 4763.126 4763.126 76.0874434143 76.0874434143 76.0874434143 19.0218608536 19.0218608536 19.0218608536
48656 4096 5277.157 5277.157 5277.157 75.5311907529 75.5311907529 75.5311907529 18.8827976882 18.8827976882 18.8827976882
53520 4096 8730.173 8730.173 8730.173 50.2207504937 50.2207504937 50.2207504937 12.5551876234 12.5551876234 12.5551876234
58864 4096 6322.861 6322.861 6322.861 76.2651413656 76.2651413656 76.2651413656 19.0662853414 19.0662853414 19.0662853414
64736 4096 6990.91 6990.91 6990.91 75.8581231914 75.8581231914 75.8581231914 18.9645307979 18.9645307979 18.9645307979
71200 2048 3897.19 3897.19 3897.19 74.832173951 74.832173951 74.832173951 18.7080434877 18.7080434877 18.7080434877
78320 2048 5110.025 5110.025 5110.025 62.7783073468 62.7783073468 62.7783073468 15.6945768367 15.6945768367 15.6945768367
86144 2048 4887.104 4887.104 4887.104 72.1993687877 72.1993687877 72.1993687877 18.0498421969 18.0498421969 18.0498421969
94752 2048 5731.106 5731.106 5731.106 67.718899633 67.718899633 67.718899633 16.9297249082 16.9297249082 16.9297249082
104224 2048 9481.907 9481.907 9481.907 45.0227474283 45.0227474283 45.0227474283 11.2556868571 11.2556868571 11.2556868571
114640 2048 6836.891 6836.891 6836.891 68.681135914 68.681135914 68.681135914 17.1702839785 17.1702839785 17.1702839785
126096 2048 7645.13 7645.13 7645.13 67.5579376675 67.5579376675 67.5579376675 16.8894844169 16.8894844169 16.8894844169
138704 1024 4072.905 4072.905 4072.905 69.7452535721 69.7452535721 69.7452535721 17.436313393 17.436313393 17.436313393
152560 1024 4300.833 4300.833 4300.833 72.6470616274 72.6470616274 72.6470616274 18.1617654068 18.1617654068 18.1617654068
167808 1024 4530.907 4530.907 4530.907 75.8503284221 75.8503284221 75.8503284221 18.9625821055 18.9625821055 18.9625821055
184576 1024 5654.097 5654.097 5654.097 66.8562368138 66.8562368138 66.8562368138 16.7140592034 16.7140592034 16.7140592034
203024 1024 5608.082 5608.082 5608.082 74.1417746745 74.1417746745 74.1417746745 18.5354436686 18.5354436686 18.5354436686
223312 1024 6280.899 6280.899 6280.899 72.8148909893 72.8148909893 72.8148909893 18.2037227473 18.2037227473 18.2037227473
245632 1024 6701.946 6701.946 6701.946 75.0609354358 75.0609354358 75.0609354358 18.7652338589 18.7652338589 18.7652338589
270192 512 3633.976 3633.976 3633.976 76.1360581358 76.1360581358 76.1360581358 19.0340145339 19.0340145339 19.0340145339
297200 512 4053.116 4053.116 4053.116 75.086131263 75.086131263 75.086131263 18.7715328157 18.7715328157 18.7715328157
326912 512 8019.924 8019.924 8019.924 41.740780586 41.740780586 41.740780586 10.4351951465 10.4351951465 10.4351951465
359600 512 8916.855 8916.855 8916.855 41.2959950566 41.2959950566 41.2959950566 10.3239987641 10.3239987641 10.3239987641
395552 512 9781.837 9781.837 9781.837 41.4078917897 41.4078917897 41.4078917897 10.3519729474 10.3519729474 10.3519729474
435104 512 10817.051 10817.051 10817.051 41.1892757092 41.1892757092 41.1892757092 10.2973189273 10.2973189273 10.2973189273
478608 512 8757.114 8757.114 8757.114 55.965309119 55.965309119 55.965309119 13.9913272797 13.9913272797 13.9913272797
526464 256 3679.037 3679.037 3679.037 73.2663379031 73.2663379031 73.2663379031 18.3165844758 18.3165844758 18.3165844758
579104 256 4176.14 4176.14 4176.14 70.9988764744 70.9988764744 70.9988764744 17.7497191186 17.7497191186 17.7497191186
637008 256 5357.027 5357.027 5357.027 60.8822946011 60.8822946011 60.8822946011 15.2205736503 15.2205736503 15.2205736503
700704 256 6011.963 6011.963 6011.963 59.674427138 59.674427138 59.674427138 14.9186067845 14.9186067845 14.9186067845
770768 256 6344.08 6344.08 6344.08 62.2049558013 62.2049558013 62.2049558013 15.5512389503 15.5512389503 15.5512389503
847840 256 7889.986 7889.986 7889.986 55.0183587145 55.0183587145 55.0183587145 13.7545896786 13.7545896786 13.7545896786
932624 256 7070.78 7070.78 7070.78 67.5319396163 67.5319396163 67.5319396163 16.8829849041 16.8829849041 16.8829849041
1025872 256 9562.969 9562.969 9562.969 54.9250409575 54.9250409575 54.9250409575 13.7312602394 13.7312602394 13.7312602394
1128448 128 4714.966 4714.966 4714.966 61.2693045931 61.2693045931 61.2693045931 15.3173261483 15.3173261483 15.3173261483
1241280 128 7564.068 7564.068 7564.068 42.0101564396 42.0101564396 42.0101564396 10.5025391099 10.5025391099 10.5025391099
1365408 128 8471.966 8471.966 8471.966 41.2589531167 41.2589531167 41.2589531167 10.3147382792 10.3147382792 10.3147382792
1501936 128 7313.013 7313.013 7313.013 52.5769085875 52.5769085875 52.5769085875 13.1442271469 13.1442271469 13.1442271469
1652128 128 11269.093 11269.093 11269.093 37.5313938753 37.5313938753 37.5313938753 9.38284846882 9.38284846882 9.38284846882
1817328 128 6861.925 6861.925 6861.925 67.7996288214 67.7996288214 67.7996288214 16.9499072053 16.9499072053 16.9499072053
1999056 128 7763.863 7763.863 7763.863 65.9154258647 65.9154258647 65.9154258647 16.4788564662 16.4788564662 16.4788564662
2198960 64 4675.15 4675.15 4675.15 60.2048875437 60.2048875437 60.2048875437 15.0512218859 15.0512218859 15.0512218859
2418848 64 4768.848 4768.848 4768.848 64.923969898 64.923969898 64.923969898 16.2309924745 16.2309924745 16.2309924745
2660720 64 5801.916 5801.916 5801.916 58.6999467073 58.6999467073 58.6999467073 14.6749866768 14.6749866768 14.6749866768
2926784 64 9404.898 9404.898 9404.898 39.8333242955 39.8333242955 39.8333242955 9.95833107387 9.95833107387 9.95833107387
3219456 64 10040.998 10040.998 10040.998 41.0407778191 41.0407778191 41.0407778191 10.2601944548 10.2601944548 10.2601944548
3541392 64 17482.042 17482.042 17482.042 25.9293608836 25.9293608836 25.9293608836 6.4823402209 6.4823402209 6.4823402209
3895520 64 19415.855 19415.855 19415.855 25.6814114032 25.6814114032 25.6814114032 6.4203528508 6.4203528508 6.4203528508
4285072 32 15640.974 15640.974 15640.974 17.5337295491 17.5337295491 17.5337295491 4.38343238727 4.38343238727 4.38343238727
4713568 32 44327.974 44327.974 44327.974 6.80537197572 6.80537197572 6.80537197572 1.70134299393 1.70134299393 1.70134299393
5184912 32 34764.051 34764.051 34764.051 9.54533083616 9.54533083616 9.54533083616 2.38633270904 2.38633270904 2.38633270904
5703392 32 50114.87 50114.87 50114.87 7.28360839807 7.28360839807 7.28360839807 1.82090209952 1.82090209952 1.82090209952
6273728 32 33265.114 33265.114 33265.114 12.0702605138 12.0702605138 12.0702605138 3.01756512844 3.01756512844 3.01756512844
6901088 32 40869.951 40869.951 40869.951 10.8067081363 10.8067081363 10.8067081363 2.70167703406 2.70167703406 2.70167703406
7591184 32 37787.914 37787.914 37787.914 12.8569091165 12.8569091165 12.8569091165 3.21422727912 3.21422727912 3.21422727912
8350288 32 43918.133 43918.133 43918.133 12.1685143583 12.1685143583 12.1685143583 3.04212858957 3.04212858957 3.04212858957
9185312 16 23108.006 23108.006 23108.006 12.7198332907 12.7198332907 12.7198332907 3.17995832267 3.17995832267 3.17995832267
10103840 16 25408.03 25408.03 25408.03 12.7252242697 12.7252242697 12.7252242697 3.18130606741 3.18130606741 3.18130606741
11114224 16 30766.01 30766.01 30766.01 11.5600030033 11.5600030033 11.5600030033 2.89000075083 2.89000075083 2.89000075083
12225632 16 37178.993 37178.993 37178.993 10.522614854 10.522614854 10.522614854 2.63065371351 2.63065371351 2.63065371351
13448192 16 40449.142 40449.142 40449.142 10.6390920233 10.6390920233 10.6390920233 2.65977300582 2.65977300582 2.65977300582
14793008 16 43694.019 43694.019 43694.019 10.8338913845 10.8338913845 10.8338913845 2.70847284613 2.70847284613 2.70847284613
16272304 16 51450.014 51450.014 51450.014 10.1207694132 10.1207694132 10.1207694132 2.5301923533 2.5301923533 2.5301923533
17899520 8 26281.118 26281.118 26281.118 10.8972654816 10.8972654816 10.8972654816 2.72431637041 2.72431637041 2.72431637041
19689472 8 28565.168 28565.168 28565.168 11.0285208895 11.0285208895 11.0285208895 2.75713022237 2.75713022237 2.75713022237
21658416 8 32458.067 32458.067 32458.067 10.6763799582 10.6763799582 10.6763799582 2.66909498954 2.66909498954 2.66909498954
23824256 8 33074.856 33074.856 33074.856 11.5250115072 11.5250115072 11.5250115072 2.88125287681 2.88125287681 2.88125287681
26206672 8 33061.981 33061.981 33061.981 12.6824448904 12.6824448904 12.6824448904 3.1706112226 3.1706112226 3.1706112226
28827328 8 35349.131 35349.131 35349.131 13.0480505447 13.0480505447 13.0480505447 3.26201263618 3.26201263618 3.26201263618
31710048 8 38969.04 38969.04 38969.04 13.0195860098 13.0195860098 13.0195860098 3.25489650245 3.25489650245 3.25489650245
34881040 4 22300.005 22300.005 22300.005 12.5133747728 12.5133747728 12.5133747728 3.1283436932 3.1283436932 3.1283436932
38369136 4 24650.097 24650.097 24650.097 12.4524089297 12.4524089297 12.4524089297 3.11310223242 3.11310223242 3.11310223242
42206048 4 26089.907 26089.907 26089.907 12.9417243227 12.9417243227 12.9417243227 3.23543108069 3.23543108069 3.23543108069
46426640 4 28825.998 28825.998 28825.998 12.8846578009 12.8846578009 12.8846578009 3.22116445023 3.22116445023 3.22116445023
51069296 4 37252.188 37252.188 37252.188 10.967258299 10.967258299 10.967258299 2.74181457476 2.74181457476 2.74181457476
56176224 4 44499.159 44499.159 44499.159 10.0992873146 10.0992873146 10.0992873146 2.52482182866 2.52482182866 2.52482182866
61793840 4 46852.827 46852.827 46852.827 10.5511396356 10.5511396356 10.5511396356 2.6377849089 2.6377849089 2.6377849089
67973216 2 24001.122 24001.122 24001.122 11.3283397335 11.3283397335 11.3283397335 2.83208493336 2.83208493336 2.83208493336
74770528 2 23374.081 23374.081 23374.081 12.7954597231 12.7954597231 12.7954597231 3.19886493078 3.19886493078 3.19886493078
82247568 2 27581.93 27581.93 27581.93 11.927746608 11.927746608 11.927746608 2.981936652 2.981936652 2.981936652
90472320 2 29604.912 29604.912 29604.912 12.2239606725 12.2239606725 12.2239606725 3.05599016812 3.05599016812 3.05599016812
99519552 2 32028.913 32028.913 32028.913 12.4287142683 12.4287142683 12.4287142683 3.10717856707 3.10717856707 3.10717856707
109471504 2 33021.927 33021.927 33021.927 13.2604622377 13.2604622377 13.2604622377 3.31511555943 3.31511555943 3.31511555943
120418640 2 36935.091 36935.091 36935.091 13.0411093342 13.0411093342 13.0411093342 3.26027733355 3.26027733355 3.26027733355
132460496 2 42088.985 42088.985 42088.985 12.5886139568 12.5886139568 12.5886139568 3.14715348921 3.14715348921 3.14715348921
145706544 1 26335.001 26335.001 26335.001 11.0656190216 11.0656190216 11.0656190216 2.76640475541 2.76640475541 2.76640475541
160277184 1 24689.198 24689.198 24689.198 12.9835877212 12.9835877212 12.9835877212 3.24589693031 3.24589693031 3.24589693031
176304896 1 26951.075 26951.075 26951.075 13.0833294034 13.0833294034 13.0833294034 3.27083235084 3.27083235084 3.27083235084
193935376 1 29354.095 29354.095 29354.095 13.2135142303 13.2135142303 13.2135142303 3.30337855757 3.30337855757 3.30337855757
213328912 1 32078.981 32078.981 32078.981 13.3002299543 13.3002299543 13.3002299543 3.32505748858 3.32505748858 3.32505748858
234661792 1 35531.998 35531.998 35531.998 13.2084771591 13.2084771591 13.2084771591 3.30211928977 3.30211928977 3.30211928977
258127968 1 39847.851 39847.851 39847.851 12.9556782372 12.9556782372 12.9556782372 3.2389195593 3.2389195593 3.2389195593

META_DATA
ERT_VERSION  1.1.0
UNAME  ('Linux', '5a481ab6924f', '5.4.72-microsoft-standard-WSL2', '#1 SMP Wed Oct 28 23:40:43 UTC 2020', 'x86_64', 'x86_64')
OPENMP_THREADS 2
HOSTNAME  ('5a481ab6924f', [], ['172.17.0.4'])
TIMESTAMP_DATA  1620609639.56
FLOPS          4
CONFIG  {'ERT_WORKING_SET_MIN': ['1'], 'ERT_CFLAGS': ['-Ofast', '-march=native'], 'ERT_CC': ['cc'], 'ERT_MPI_CFLAGS': [], 'ERT_MPI_LDFLAGS': [], 'ERT_MEMORY_MAX': ['268435456', '#', '256MB'], 'ERT_LDFLAGS': [], 'ERT_LDLIBS': [], 'ERT_RUN': ['export', 'OMP_NUM_THREADS=ERT_OPENMP_THREADS', ';', './ERT_CODE'], 'ERT_FLOPS': ['1,4,16,64'], 'ERT_OPENMP_CFLAGS': ['-fopenmp'], 'ERT_MPI': ['False'], 'ERT_TRIALS_MIN': ['1'], 'ERT_DRIVER': ['driver1'], 'ERT_RESULTS': ['OpenMP_2'], 'ERT_OPENMP': ['True'], 'ERT_OPENMP_THREADS': ['1,2'], 'ERT_KERNEL': ['kernel1'], 'ERT_GPU': [False], 'ERT_LD': ['cc'], 'ERT_NUM_EXPERIMENTS': ['1'], 'ERT_OPENMP_LDFLAGS': ['-fopenmp'], 'ERT_ALIGN': ['64'], 'ERT_GNUPLOT': ['gnuplot']}
