8 134217728 901633.024 901633.024 901633.024 2.38177128703 2.38177128703 2.38177128703 1.19088564351 1.19088564351 1.19088564351
16 67108864 453030.109 453030.109 453030.109 4.74026693886 4.74026693886 4.74026693886 2.37013346943 2.37013346943 2.37013346943
24 33554432 225982.904 225982.904 225982.904 7.12714416662 7.12714416662 7.12714416662 3.56357208331 3.56357208331 3.56357208331
32 33554432 230684.996 230684.996 230684.996 9.3091604796 9.3091604796 9.3091604796 4.6545802398 4.6545802398 4.6545802398
40 16777216 118294.001 118294.001 118294.001 11.3461144999 11.3461144999 11.3461144999 5.67305724996 5.67305724996 5.67305724996
48 16777216 142143.011 142143.011 142143.011 11.3309316066 11.3309316066 11.3309316066 5.66546580331 5.66546580331 5.66546580331
56 16777216 128473.997 128473.997 128473.997 14.6259027965 14.6259027965 14.6259027965 7.31295139825 7.31295139825 7.31295139825
64 16777216 131948.948 131948.948 131948.948 16.2751100373 16.2751100373 16.2751100373 8.13755501863 8.13755501863 8.13755501863
72 8388608 64171.076 64171.076 64171.076 18.8240501375 18.8240501375 18.8240501375 9.41202506874 9.41202506874 9.41202506874
80 8388608 64692.974 64692.974 64692.974 20.7468786332 20.7468786332 20.7468786332 10.3734393166 10.3734393166 10.3734393166
88 8388608 64013.958 64013.958 64013.958 23.0636419638 23.0636419638 23.0636419638 11.5318209819 11.5318209819 11.5318209819
96 8388608 62901.02 62901.02 62901.02 25.6055106261 25.6055106261 25.6055106261 12.802755313 12.802755313 12.802755313
104 8388608 60400.963 60400.963 60400.963 28.8874610161 28.8874610161 28.8874610161 14.4437305081 14.4437305081 14.4437305081
112 8388608 61367.989 61367.989 61367.989 30.6193542044 30.6193542044 30.6193542044 15.3096771022 15.3096771022 15.3096771022
120 8388608 61574.936 61574.936 61574.936 32.6961918401 32.6961918401 32.6961918401 16.3480959201 16.3480959201 16.3480959201
128 8388608 60256.004 60256.004 60256.004 35.6393306134 35.6393306134 35.6393306134 17.8196653067 17.8196653067 17.8196653067
136 4194304 30354.977 30354.977 30354.977 37.5836452783 37.5836452783 37.5836452783 18.7918226392 18.7918226392 18.7918226392
144 4194304 30812.979 30812.979 30812.979 39.2029460053 39.2029460053 39.2029460053 19.6014730027 19.6014730027 19.6014730027
152 4194304 31530.142 31530.142 31530.142 40.4396661455 40.4396661455 40.4396661455 20.2198330727 20.2198330727 20.2198330727
160 4194304 30686.14 30686.14 30686.14 43.7388762484 43.7388762484 43.7388762484 21.8694381242 21.8694381242 21.8694381242
176 4194304 31035.9 31035.9 31035.9 47.5705556468 47.5705556468 47.5705556468 23.7852778234 23.7852778234 23.7852778234
192 4194304 30433.178 30433.178 30433.178 52.922923002 52.922923002 52.922923002 26.461461501 26.461461501 26.461461501
208 4194304 30645.132 30645.132 30645.132 56.9366274552 56.9366274552 56.9366274552 28.4683137276 28.4683137276 28.4683137276
224 4194304 30600.071 30600.071 30600.071 61.4066611806 61.4066611806 61.4066611806 30.7033305903 30.7033305903 30.7033305903
240 4194304 31812.906 31812.906 31812.906 63.2845650756 63.2845650756 63.2845650756 31.6422825378 31.6422825378 31.6422825378
264 2097152 15956.163 15956.163 15956.163 69.3961484349 69.3961484349 69.3961484349 34.6980742175 34.6980742175 34.6980742175
288 2097152 16083.956 16083.956 16083.956 75.1033857591 75.1033857591 75.1033857591 37.5516928795 37.5516928795 37.5516928795
312 2097152 20258.904 20258.904 20258.904 64.5949478807 64.5949478807 64.5949478807 32.2974739403 32.2974739403 32.2974739403
336 2097152 18461.943 18461.943 18461.943 76.3346601168 76.3346601168 76.3346601168 38.1673300584 38.1673300584 38.1673300584
368 2097152 21962.881 21962.881 21962.881 70.2778416001 70.2778416001 70.2778416001 35.1389208001 35.1389208001 35.1389208001
400 2097152 20546.913 20546.913 20546.913 81.6532196345 81.6532196345 81.6532196345 40.8266098173 40.8266098173 40.8266098173
440 2097152 26202.917 26202.917 26202.917 70.4308516491 70.4308516491 70.4308516491 35.2154258245 35.2154258245 35.2154258245
480 2097152 22576.094 22576.094 22576.094 89.1768930445 89.1768930445 89.1768930445 44.5884465222 44.5884465222 44.5884465222
528 1048576 12852.907 12852.907 12852.907 86.151425199 86.151425199 86.151425199 43.0757125995 43.0757125995 43.0757125995
576 1048576 12559.175 12559.175 12559.175 96.1814412173 96.1814412173 96.1814412173 48.0907206086 48.0907206086 48.0907206086
632 1048576 14874.935 14874.935 14874.935 89.1029146682 89.1029146682 89.1029146682 44.5514573341 44.5514573341 44.5514573341
688 1048576 15898.943 15898.943 15898.943 90.7507232399 90.7507232399 90.7507232399 45.37536162 45.37536162 45.37536162
752 1048576 17861.128 17861.128 17861.128 88.2955602804 88.2955602804 88.2955602804 44.1477801402 44.1477801402 44.1477801402
824 1048576 17122.984 17122.984 17122.984 100.920099441 100.920099441 100.920099441 50.4600497203 50.4600497203 50.4600497203
904 1048576 18090.963 18090.963 18090.963 104.794057011 104.794057011 104.794057011 52.3970285053 52.3970285053 52.3970285053
992 1048576 21283.15 21283.15 21283.15 97.7475037295 97.7475037295 97.7475037295 48.8737518647 48.8737518647 48.8737518647
1088 524288 11255.026 11255.026 11255.026 101.363665264 101.363665264 101.363665264 50.6818326319 50.6818326319 50.6818326319
1192 524288 12459.04 12459.04 12459.04 100.320939013 100.320939013 100.320939013 50.1604695065 50.1604695065 50.1604695065
1304 524288 13226.986 13226.986 13226.986 103.375259035 103.375259035 103.375259035 51.6876295174 51.6876295174 51.6876295174
1432 524288 15284.061 15284.061 15284.061 98.2435775413 98.2435775413 98.2435775413 49.1217887707 49.1217887707 49.1217887707
1568 524288 16468.048 16468.048 16468.048 99.8398333549 99.8398333549 99.8398333549 49.9199166774 49.9199166774 49.9199166774
1720 524288 17504.93 17504.93 17504.93 103.031015834 103.031015834 103.031015834 51.5155079169 51.5155079169 51.5155079169
1888 524288 18126.011 18126.011 18126.011 109.219369226 109.219369226 109.219369226 54.6096846129 54.6096846129 54.6096846129
2072 262144 13154.984 13154.984 13154.984 82.5789477205 82.5789477205 82.5789477205 41.2894738602 41.2894738602 41.2894738602
2272 262144 10873.079 10873.079 10873.079 109.553359816 109.553359816 109.553359816 54.7766799082 54.7766799082 54.7766799082
2496 262144 11986.971 11986.971 11986.971 109.170435801 109.170435801 109.170435801 54.5852179003 54.5852179003 54.5852179003
2744 262144 13199.091 13199.091 13199.091 108.995859791 108.995859791 108.995859791 54.4979298953 54.4979298953 54.4979298953
3016 262144 14840.126 14840.126 14840.126 106.552505552 106.552505552 106.552505552 53.2762527758 53.2762527758 53.2762527758
3312 262144 18155.098 18155.098 18155.098 95.6448627267 95.6448627267 95.6448627267 47.8224313634 47.8224313634 47.8224313634
3640 262144 17192.125 17192.125 17192.125 111.00479551 111.00479551 111.00479551 55.5023977548 55.5023977548 55.5023977548
4000 262144 18035.889 18035.889 18035.889 116.276608267 116.276608267 116.276608267 58.1383041335 58.1383041335 58.1383041335
4400 131072 10127.068 10127.068 10127.068 113.896104973 113.896104973 113.896104973 56.9480524867 56.9480524867 56.9480524867
4840 131072 13477.087 13477.087 13477.087 94.1432640451 94.1432640451 94.1432640451 47.0716320226 47.0716320226 47.0716320226
5320 131072 14617.92 14617.92 14617.92 95.4038659399 95.4038659399 95.4038659399 47.7019329699 47.7019329699 47.7019329699
5848 131072 14177.084 14177.084 14177.084 108.133528164 108.133528164 108.133528164 54.0667640821 54.0667640821 54.0667640821
6432 131072 15419.96 15419.96 15419.96 109.34595213 109.34595213 109.34595213 54.6729760648 54.6729760648 54.6729760648
7072 131072 18934.011 18934.011 18934.011 97.9128177331 97.9128177331 97.9128177331 48.9564088666 48.9564088666 48.9564088666
7776 131072 18764.973 18764.973 18764.973 108.629612417 108.629612417 108.629612417 54.3148062084 54.3148062084 54.3148062084
8552 65536 10027.885 10027.885 10027.885 111.781072878 111.781072878 111.781072878 55.8905364391 55.8905364391 55.8905364391
9400 65536 11183.977 11183.977 11183.977 110.164461175 110.164461175 110.164461175 55.0822305876 55.0822305876 55.0822305876
10336 65536 12758.97 12758.97 12758.97 106.180999877 106.180999877 106.180999877 53.0904999385 53.0904999385 53.0904999385
11368 65536 13737.917 13737.917 13737.917 108.460874818 108.460874818 108.460874818 54.2304374091 54.2304374091 54.2304374091
12504 65536 15157.938 15157.938 15157.938 108.123168732 108.123168732 108.123168732 54.0615843659 54.0615843659 54.0615843659
13752 65536 17266.035 17266.035 17266.035 104.395835176 104.395835176 104.395835176 52.1979175879 52.1979175879 52.1979175879
15120 65536 17922.878 17922.878 17922.878 110.574241481 110.574241481 110.574241481 55.2871207403 55.2871207403 55.2871207403
16632 32768 10105.133 10105.133 10105.133 107.86545333 107.86545333 107.86545333 53.9327266648 53.9327266648 53.9327266648
18288 32768 11097.908 11097.908 11097.908 107.995341825 107.995341825 107.995341825 53.9976709124 53.9976709124 53.9976709124
20112 32768 12010.098 12010.098 12010.098 109.745984754 109.745984754 109.745984754 54.8729923769 54.8729923769 54.8729923769
22120 32768 12800.217 12800.217 12800.217 113.252480017 113.252480017 113.252480017 56.6262400083 56.6262400083 56.6262400083
24328 32768 14197.826 14197.826 14197.826 112.296052086 112.296052086 112.296052086 56.1480260429 56.1480260429 56.1480260429
26760 32768 18044.949 18044.949 18044.949 97.187493298 97.187493298 97.187493298 48.593746649 48.593746649 48.593746649
29432 32768 16580.105 16580.105 16580.105 116.33554504 116.33554504 116.33554504 58.1677725201 58.1677725201 58.1677725201
32368 32768 18862.009 18862.009 18862.009 112.462529734 112.462529734 112.462529734 56.2312648669 56.2312648669 56.2312648669
35600 16384 12553.93 12553.93 12553.93 92.922359771 92.922359771 92.922359771 46.4611798855 46.4611798855 46.4611798855
39160 16384 15021.086 15021.086 15021.086 85.4262388219 85.4262388219 85.4262388219 42.7131194109 42.7131194109 42.7131194109
43072 16384 16554.117 16554.117 16554.117 85.2587483827 85.2587483827 85.2587483827 42.6293741913 42.6293741913 42.6293741913
47376 16384 18031.12 18031.12 18031.12 86.0965246751 86.0965246751 86.0965246751 43.0482623376 43.0482623376 43.0482623376
52112 16384 20682.096 20682.096 20682.096 82.5644565232 82.5644565232 82.5644565232 41.2822282616 41.2822282616 41.2822282616
57320 16384 23410.082 23410.082 23410.082 80.233027804 80.233027804 80.233027804 40.116513902 40.116513902 40.116513902
63048 16384 23907.9 23907.9 23907.9 86.4131464495 86.4131464495 86.4131464495 43.2065732247 43.2065732247 43.2065732247
69352 8192 14003.992 14003.992 14003.992 81.1385187881 81.1385187881 81.1385187881 40.569259394 40.569259394 40.569259394
76280 8192 14961.958 14961.958 14961.958 83.5299444097 83.5299444097 83.5299444097 41.7649722048 41.7649722048 41.7649722048
83904 8192 15857.935 15857.935 15857.935 86.6873988322 86.6873988322 86.6873988322 43.3436994161 43.3436994161 43.3436994161
92288 8192 18642.902 18642.902 18642.902 81.1057523126 81.1057523126 81.1057523126 40.5528761563 40.5528761563 40.5528761563
101512 8192 19679.07 19679.07 19679.07 84.5147970915 84.5147970915 84.5147970915 42.2573985458 42.2573985458 42.2573985458
111656 8192 21891.117 21891.117 21891.117 83.566859745 83.566859745 83.566859745 41.7834298725 41.7834298725 41.7834298725
122816 8192 23172.855 23172.855 23172.855 86.835107025 86.835107025 86.835107025 43.4175535125 43.4175535125 43.4175535125
135096 4096 12817.144 12817.144 12817.144 86.3457906067 86.3457906067 86.3457906067 43.1728953034 43.1728953034 43.1728953034
148600 4096 14124.87 14124.87 14124.87 86.1835330166 86.1835330166 86.1835330166 43.0917665083 43.0917665083 43.0917665083
163456 4096 15928.984 15928.984 15928.984 84.0625837781 84.0625837781 84.0625837781 42.031291889 42.031291889 42.031291889
179800 4096 17170.906 17170.906 17170.906 85.780074738 85.780074738 85.780074738 42.890037369 42.890037369 42.890037369
197776 4096 19308.09 19308.09 19308.09 83.9120281706 83.9120281706 83.9120281706 41.9560140853 41.9560140853 41.9560140853
217552 4096 20987.988 20987.988 20987.988 84.9145703723 84.9145703723 84.9145703723 42.4572851862 42.4572851862 42.4572851862
239304 4096 22772.789 22772.789 22772.789 86.0842458954 86.0842458954 86.0842458954 43.0421229477 43.0421229477 43.0421229477
263232 2048 12641.907 12641.907 12641.907 85.2876288364 85.2876288364 85.2876288364 42.6438144182 42.6438144182 42.6438144182
289552 2048 13880.014 13880.014 13880.014 85.4469593474 85.4469593474 85.4469593474 42.7234796737 42.7234796737 42.7234796737
318504 2048 15062.094 15062.094 15062.094 86.6142771384 86.6142771384 86.6142771384 43.3071385692 43.3071385692 43.3071385692
350352 2048 16727.924 16727.924 16727.924 85.787201807 85.787201807 85.787201807 42.8936009035 42.8936009035 42.8936009035
385384 2048 19222.021 19222.021 19222.021 82.1210664581 82.1210664581 82.1210664581 41.0605332291 41.0605332291 41.0605332291
423920 2048 19443.035 19443.035 19443.035 89.3058269967 89.3058269967 89.3058269967 44.6529134983 44.6529134983 44.6529134983
466312 2048 22328.138 22328.138 22328.138 85.5429123557 85.5429123557 85.5429123557 42.7714561779 42.7714561779 42.7714561779
512936 2048 24024.01 24024.01 24024.01 87.453587307 87.453587307 87.453587307 43.7267936535 43.7267936535 43.7267936535
564224 1024 13340.95 13340.95 13340.95 86.6153273942 86.6153273942 86.6153273942 43.3076636971 43.3076636971 43.3076636971
620640 1024 14261.961 14261.961 14261.961 89.1231381154 89.1231381154 89.1231381154 44.5615690577 44.5615690577 44.5615690577
682704 1024 16214.848 16214.848 16214.848 86.228239204 86.228239204 86.228239204 43.114119602 43.114119602 43.114119602
750968 1024 18080.95 18080.95 18080.95 85.0609323072 85.0609323072 85.0609323072 42.5304661536 42.5304661536 42.5304661536
826064 1024 20276.07 20276.07 20276.07 83.4372278257 83.4372278257 83.4372278257 41.7186139129 41.7186139129 41.7186139129
908664 1024 28126.955 28126.955 28126.955 66.1622942121 66.1622942121 66.1622942121 33.081147106 33.081147106 33.081147106
999528 1024 27817.965 27817.965 27817.965 73.5867395045 73.5867395045 73.5867395045 36.7933697522 36.7933697522 36.7933697522
1099480 512 15016.079 15016.079 15016.079 74.9774638239 74.9774638239 74.9774638239 37.488731912 37.488731912 37.488731912
1209424 512 15097.857 15097.857 15097.857 82.028209434 82.028209434 82.028209434 41.014104717 41.014104717 41.014104717
1330360 512 18850.803 18850.803 18850.803 72.2668758461 72.2668758461 72.2668758461 36.133437923 36.133437923 36.133437923
1463392 512 19836.903 19836.903 19836.903 75.5417016457 75.5417016457 75.5417016457 37.7708508228 37.7708508228 37.7708508228
1609728 512 20784.14 20784.14 20784.14 79.3086205155 79.3086205155 79.3086205155 39.6543102577 39.6543102577 39.6543102577
1770696 512 22425.175 22425.175 22425.175 80.8552309625 80.8552309625 80.8552309625 40.4276154813 40.4276154813 40.4276154813
1947760 512 25828.838 25828.838 25828.838 77.2201304604 77.2201304604 77.2201304604 38.6100652302 38.6100652302 38.6100652302
2142536 256 16779.9 16779.9 16779.9 65.374551219 65.374551219 65.374551219 32.6872756095 32.6872756095 32.6872756095
2356784 256 21414.042 21414.042 21414.042 56.3496330118 56.3496330118 56.3496330118 28.1748165059 28.1748165059 28.1748165059
2592456 256 29057.026 29057.026 29057.026 45.6804310255 45.6804310255 45.6804310255 22.8402155128 22.8402155128 22.8402155128
2851696 256 41456.938 41456.938 41456.938 35.2189144312 35.2189144312 35.2189144312 17.6094572156 17.6094572156 17.6094572156
3136864 256 41500.092 41500.092 41500.092 38.7005013868 38.7005013868 38.7005013868 19.3502506934 19.3502506934 19.3502506934
3450544 256 60176.849 60176.849 60176.849 29.3581095946 29.3581095946 29.3581095946 14.6790547973 14.6790547973 14.6790547973
3795592 256 81921.101 81921.101 81921.101 23.7221311759 23.7221311759 23.7221311759 11.861065588 11.861065588 11.861065588
4175144 256 99762.917 99762.917 99762.917 21.4275383307 21.4275383307 21.4275383307 10.7137691654 10.7137691654 10.7137691654
4592656 128 76458.931 76458.931 76458.931 15.3771432666 15.3771432666 15.3771432666 7.68857163331 7.68857163331 7.68857163331
5051920 128 83271.98 83271.98 83271.98 15.5309327339 15.5309327339 15.5309327339 7.76546636696 7.76546636696 7.76546636696
5557112 128 79704.046 79704.046 79704.046 17.848788655 17.848788655 17.848788655 8.92439432748 8.92439432748 8.92439432748
6112816 128 94106.913 94106.913 94106.913 16.6287560192 16.6287560192 16.6287560192 8.31437800962 8.31437800962 8.31437800962
6724096 128 101241.827 101241.827 101241.827 17.0025435831 17.0025435831 17.0025435831 8.50127179155 8.50127179155 8.50127179155
7396504 128 143501.043 143501.043 143501.043 13.1950610561 13.1950610561 13.1950610561 6.59753052805 6.59753052805 6.59753052805
8136152 128 122473.955 122473.955 122473.955 17.0065130337 17.0065130337 17.0065130337 8.50325651687 8.50325651687 8.50325651687
8949760 64 66488.981 66488.981 66488.981 17.229460623 17.229460623 17.229460623 8.61473031148 8.61473031148 8.61473031148
9844736 64 74302.912 74302.912 74302.912 16.9593112044 16.9593112044 16.9593112044 8.47965560219 8.47965560219 8.47965560219
10829208 64 82321.882 82321.882 82321.882 16.8380337077 16.8380337077 16.8380337077 8.41901685387 8.41901685387 8.41901685387
11912128 64 88100.91 88100.91 88100.91 17.3068857518 17.3068857518 17.3068857518 8.6534428759 8.6534428759 8.6534428759
13103336 64 199512.005 199512.005 199512.005 8.40664704863 8.40664704863 8.40664704863 4.20332352432 4.20332352432 4.20332352432
14413664 64 125548.124 125548.124 125548.124 14.6951538041 14.6951538041 14.6951538041 7.34757690207 7.34757690207 7.34757690207
15855024 64 126787.901 126787.901 126787.901 16.0065988631 16.0065988631 16.0065988631 8.00329943154 8.00329943154 8.00329943154
17440520 32 70233.107 70233.107 70233.107 15.8926940253 15.8926940253 15.8926940253 7.94634701267 7.94634701267 7.94634701267
19184568 32 144986.153 144986.153 144986.153 8.46848010375 8.46848010375 8.46848010375 4.23424005188 4.23424005188 4.23424005188
21103024 32 82986.832 82986.832 82986.832 16.2747932829 16.2747932829 16.2747932829 8.13739664143 8.13739664143 8.13739664143
23213320 32 93697.071 93697.071 93697.071 15.8559116538 15.8559116538 15.8559116538 7.92795582692 7.92795582692 7.92795582692
25534648 32 98604.918 98604.918 98604.918 16.5733870597 16.5733870597 16.5733870597 8.28669352983 8.28669352983 8.28669352983
28088112 32 171179.056 171179.056 171179.056 10.5015135029 10.5015135029 10.5015135029 5.25075675146 5.25075675146 5.25075675146
30896920 32 118643.045 118643.045 118643.045 16.6668250971 16.6668250971 16.6668250971 8.33341254854 8.33341254854 8.33341254854
33986608 16 67232.132 67232.132 67232.132 16.176364242 16.176364242 16.176364242 8.08818212101 8.08818212101 8.08818212101
37385264 16 71578.026 71578.026 71578.026 16.71362728 16.71362728 16.71362728 8.35681363998 8.35681363998 8.35681363998
41123784 16 75462.818 75462.818 75462.818 17.4385362603 17.4385362603 17.4385362603 8.71926813017 8.71926813017 8.71926813017
45236160 16 85978.985 85978.985 85978.985 16.8361736301 16.8361736301 16.8361736301 8.41808681505 8.41808681505 8.41808681505
49759776 16 90302.944 90302.944 90302.944 17.6330113003 17.6330113003 17.6330113003 8.81650565014 8.81650565014 8.81650565014
54735752 16 98388.195 98388.195 98388.195 17.8023802957 17.8023802957 17.8023802957 8.90119014786 8.90119014786 8.90119014786
60209320 16 111982.107 111982.107 111982.107 17.2054115753 17.2054115753 17.2054115753 8.60270578763 8.60270578763 8.60270578763
66230248 16 126979.113 126979.113 126979.113 16.6906815296 16.6906815296 16.6906815296 8.34534076482 8.34534076482 8.34534076482
72853272 8 68399.191 68399.191 68399.191 17.0419026155 17.0419026155 17.0419026155 8.52095130774 8.52095130774 8.52095130774
80138592 8 78211.069 78211.069 78211.069 16.3943222922 16.3943222922 16.3943222922 8.19716114608 8.19716114608 8.19716114608
88152448 8 82569.122 82569.122 82569.122 17.0819203818 17.0819203818 17.0819203818 8.54096019091 8.54096019091 8.54096019091
96967688 8 91063.976 91063.976 91063.976 17.0372860504 17.0372860504 17.0372860504 8.51864302521 8.51864302521 8.51864302521
106664456 8 99074.125 99074.125 99074.125 17.2258023576 17.2258023576 17.2258023576 8.61290117879 8.61290117879 8.61290117879
117330896 8 108644.009 108644.009 108644.009 17.2793175922 17.2793175922 17.2793175922 8.6396587961 8.6396587961 8.6396587961
129063984 8 129985.094 129985.094 129985.094 15.886619615 15.886619615 15.886619615 7.94330980751 7.94330980751 7.94330980751
141970376 4 67256.927 67256.927 67256.927 16.8869298474 16.8869298474 16.8869298474 8.44346492369 8.44346492369 8.44346492369
156167408 4 71339.846 71339.846 71339.846 17.5125029566 17.5125029566 17.5125029566 8.75625147831 8.75625147831 8.75625147831
171784144 4 78588.009 78588.009 78588.009 17.4870590245 17.4870590245 17.4870590245 8.74352951224 8.74352951224 8.74352951224
188962552 4 88160.038 88160.038 88160.038 17.1472296325 17.1472296325 17.1472296325 8.57361481627 8.57361481627 8.57361481627
207858800 4 96982.002 96982.002 96982.002 17.1461752254 17.1461752254 17.1461752254 8.57308761269 8.57308761269 8.57308761269
228644680 4 104183.912 104183.912 104183.912 17.5570047706 17.5570047706 17.5570047706 8.77850238528 8.77850238528 8.77850238528
251509144 4 117505.074 117505.074 117505.074 17.123287391 17.123287391 17.123287391 8.56164369549 8.56164369549 8.56164369549
276660056 2 66263.199 66263.199 66263.199 16.7006761023 16.7006761023 16.7006761023 8.35033805114 8.35033805114 8.35033805114
304326056 2 66734.076 66734.076 66734.076 18.2411190349 18.2411190349 18.2411190349 9.12055951745 9.12055951745 9.12055951745
334758656 2 75129.032 75129.032 75129.032 17.8231315958 17.8231315958 17.8231315958 8.91156579789 8.91156579789 8.91156579789
368234520 2 95288.992 95288.992 95288.992 15.4575890571 15.4575890571 15.4575890571 7.72879452854 7.72879452854 7.72879452854
405057968 2 108304.977 108304.977 108304.977 14.9599022767 14.9599022767 14.9599022767 7.47995113835 7.47995113835 7.47995113835
445563760 2 114306.211 114306.211 114306.211 15.5919352449 15.5919352449 15.5919352449 7.79596762244 7.79596762244 7.79596762244
490120136 2 121382.952 121382.952 121382.952 16.1512017272 16.1512017272 16.1512017272 8.07560086362 8.07560086362 8.07560086362
539132144 1 60173.035 60173.035 60173.035 17.9193934293 17.9193934293 17.9193934293 8.95969671465 8.95969671465 8.95969671465
593045352 1 66587.21 66587.21 66587.21 17.812590496 17.812590496 17.812590496 8.90629524799 8.90629524799 8.90629524799
652349880 1 72875.023 72875.023 72875.023 17.9032500614 17.9032500614 17.9032500614 8.9516250307 8.9516250307 8.9516250307
717584864 1 79720.02 79720.02 79720.02 18.0026262914 18.0026262914 18.0026262914 9.00131314568 9.00131314568 9.00131314568
789343344 1 95241.07 95241.07 95241.07 16.5756924822 16.5756924822 16.5756924822 8.28784624112 8.28784624112 8.28784624112
868277672 1 110497.952 110497.952 110497.952 15.7157242516 15.7157242516 15.7157242516 7.85786212581 7.85786212581 7.85786212581
955105432 1 111865.997 111865.997 111865.997 17.0758846766 17.0758846766 17.0758846766 8.53794233828 8.53794233828 8.53794233828
1050615968 1 119956.017 119956.017 119956.017 17.5166864368 17.5166864368 17.5166864368 8.75834321841 8.75834321841 8.75834321841

META_DATA
ERT_VERSION  1.1.0
FLOPS          8
UNAME  ('Linux', '3689e1d83645', '5.4.72-microsoft-standard-WSL2', '#1 SMP Wed Oct 28 23:40:43 UTC 2020', 'x86_64', 'x86_64')
TIMESTAMP_DATA  1620702327.37
OPENMP_THREADS 1
HOSTNAME  ('3689e1d83645', [], ['172.17.0.2'])
CONFIG  {'ERT_WORKING_SET_MIN': ['1'], 'ERT_CFLAGS': ['-Ofast', '-march=native'], 'ERT_CC': ['cc'], 'ERT_MPI_CFLAGS': [], 'ERT_MPI_LDFLAGS': [], 'ERT_MEMORY_MAX': ['1073741824', '#', '1GB'], 'ERT_LDFLAGS': [], 'ERT_LDLIBS': [], 'ERT_RUN': ['export', 'OMP_NUM_THREADS=ERT_OPENMP_THREADS', ';', './ERT_CODE'], 'ERT_FLOPS': ['1,8,64'], 'ERT_OPENMP_CFLAGS': ['-fopenmp'], 'ERT_MPI': ['False'], 'ERT_TRIALS_MIN': ['1'], 'ERT_DRIVER': ['driver1'], 'ERT_RESULTS': ['OpenMP'], 'ERT_OPENMP': ['True'], 'ERT_OPENMP_THREADS': ['1,2,4,8'], 'ERT_KERNEL': ['kernel1'], 'ERT_GPU': [False], 'ERT_LD': ['cc'], 'ERT_NUM_EXPERIMENTS': ['1'], 'ERT_OPENMP_LDFLAGS': ['-fopenmp'], 'ERT_ALIGN': ['64'], 'ERT_GNUPLOT': ['gnuplot']}
