16 33554432 90620.041 90620.041 90620.041 11.8488340123 11.8488340123 11.8488340123 0.740552125771 0.740552125771 0.740552125771
32 16777216 47328.949 47328.949 47328.949 22.6867878262 22.6867878262 22.6867878262 1.41792423914 1.41792423914 1.41792423914
48 8388608 25774.002 25774.002 25774.002 31.2449098126 31.2449098126 31.2449098126 1.95280686329 1.95280686329 1.95280686329
64 8388608 28275.967 28275.967 28275.967 37.9736552953 37.9736552953 37.9736552953 2.37335345596 2.37335345596 2.37335345596
80 4194304 19806.862 19806.862 19806.862 33.8816234495 33.8816234495 33.8816234495 2.11760146559 2.11760146559 2.11760146559
96 4194304 27198.076 27198.076 27198.076 29.6089461622 29.6089461622 29.6089461622 1.85055913514 1.85055913514 1.85055913514
112 4194304 24828.196 24828.196 24828.196 37.8410133382 37.8410133382 37.8410133382 2.36506333364 2.36506333364 2.36506333364
128 4194304 33735.991 33735.991 33735.991 31.8277836866 31.8277836866 31.8277836866 1.98923648041 1.98923648041 1.98923648041
144 2097152 16937.971 16937.971 16937.971 35.6583309772 35.6583309772 35.6583309772 2.22864568607 2.22864568607 2.22864568607
160 2097152 13549.805 13549.805 13549.805 49.5275496585 49.5275496585 49.5275496585 3.09547185365 3.09547185365 3.09547185365
176 2097152 14314.175 14314.175 14314.175 51.5710827903 51.5710827903 51.5710827903 3.22319267439 3.22319267439 3.22319267439
192 2097152 18021.822 18021.822 18021.822 44.6850694674 44.6850694674 44.6850694674 2.79281684172 2.79281684172 2.79281684172
208 2097152 17015.934 17015.934 17015.934 51.2704875325 51.2704875325 51.2704875325 3.20440547078 3.20440547078 3.20440547078
224 2097152 22569.18 22569.18 22569.18 41.6286323207 41.6286323207 41.6286323207 2.60178952004 2.60178952004 2.60178952004
240 2097152 27444.839 27444.839 27444.839 36.6784064574 36.6784064574 36.6784064574 2.29240040359 2.29240040359 2.29240040359
256 2097152 6947.994 6947.994 6947.994 154.539831785 154.539831785 154.539831785 9.65873948653 9.65873948653 9.65873948653
272 1048576 3734.112 3734.112 3734.112 152.760641352 152.760641352 152.760641352 9.5475400845 9.5475400845 9.5475400845
288 1048576 5007.982 5007.982 5007.982 120.603423894 120.603423894 120.603423894 7.53771399338 7.53771399338 7.53771399338
304 1048576 4025.936 4025.936 4025.936 158.356766725 158.356766725 158.356766725 9.89729792028 9.89729792028 9.89729792028
320 1048576 5060.911 5060.911 5060.911 132.602339776 132.602339776 132.602339776 8.28764623602 8.28764623602 8.28764623602
352 1048576 7143.021 7143.021 7143.021 103.345279819 103.345279819 103.345279819 6.45907998871 6.45907998871 6.45907998871
384 1048576 6814.957 6814.957 6814.957 118.167490712 118.167490712 118.167490712 7.3854681695 7.3854681695 7.3854681695
416 1048576 11198.044 11198.044 11198.044 77.9078231877 77.9078231877 77.9078231877 4.86923894923 4.86923894923 4.86923894923
448 1048576 10386.944 10386.944 10386.944 90.452407946 90.452407946 90.452407946 5.65327549662 5.65327549662 5.65327549662
480 1048576 10781.05 10781.05 10781.05 93.3705863529 93.3705863529 93.3705863529 5.83566164706 5.83566164706 5.83566164706
528 524288 2408.981 2408.981 2408.981 229.826689376 229.826689376 229.826689376 14.364168086 14.364168086 14.364168086
576 524288 2534.151 2534.151 2534.151 238.336143347 238.336143347 238.336143347 14.8960089592 14.8960089592 14.8960089592
624 524288 3021.002 3021.002 3021.002 216.587550753 216.587550753 216.587550753 13.5367219221 13.5367219221 13.5367219221
672 524288 5826.95 5826.95 5826.95 120.928285295 120.928285295 120.928285295 7.55801783094 7.55801783094 7.55801783094
736 524288 5583.048 5583.048 5583.048 138.231291581 138.231291581 138.231291581 8.63945572383 8.63945572383 8.63945572383
800 524288 3744.841 3744.841 3744.841 224.004383631 224.004383631 224.004383631 14.0002739769 14.0002739769 14.0002739769
880 524288 4526.138 4526.138 4526.138 203.870690642 203.870690642 203.870690642 12.7419181651 12.7419181651 12.7419181651
960 524288 8667.946 8667.946 8667.946 116.132813933 116.132813933 116.132813933 7.25830087082 7.25830087082 7.25830087082
1056 262144 4048.824 4048.824 4048.824 136.742947582 136.742947582 136.742947582 8.54643422386 8.54643422386 8.54643422386
1152 262144 2569.914 2569.914 2569.914 235.019450456 235.019450456 235.019450456 14.6887156535 14.6887156535 14.6887156535
1264 262144 4072.905 4072.905 4072.905 162.709425336 162.709425336 162.709425336 10.1693390835 10.1693390835 10.1693390835
1376 262144 5775.213 5775.213 5775.213 124.916654676 124.916654676 124.916654676 7.80729091724 7.80729091724 7.80729091724
1504 262144 3403.902 3403.902 3403.902 231.654481239 231.654481239 231.654481239 14.4784050775 14.4784050775 14.4784050775
1648 262144 3465.891 3465.891 3465.891 249.294228814 249.294228814 249.294228814 15.5808893009 15.5808893009 15.5808893009
1808 262144 3610.134 3610.134 3610.134 262.569950035 262.569950035 262.569950035 16.4106218772 16.4106218772 16.4106218772
1984 262144 8568.048 8568.048 8568.048 121.403077107 121.403077107 121.403077107 7.58769231918 7.58769231918 7.58769231918
2176 131072 2537.012 2537.012 2537.012 224.841405559 224.841405559 224.841405559 14.0525878474 14.0525878474 14.0525878474
2384 131072 2480.03 2480.03 2480.03 251.993442015 251.993442015 251.993442015 15.7495901259 15.7495901259 15.7495901259
2608 131072 2615.929 2615.929 2615.929 261.349429591 261.349429591 261.349429591 16.3343393494 16.3343393494 16.3343393494
2864 131072 2869.129 2869.129 2869.129 261.675378137 261.675378137 261.675378137 16.3547111336 16.3547111336 16.3547111336
3136 131072 3360.987 3360.987 3360.987 244.595883293 244.595883293 244.595883293 15.2872427058 15.2872427058 15.2872427058
3440 131072 4069.09 4069.09 4069.09 221.61597802 221.61597802 221.61597802 13.8509986262 13.8509986262 13.8509986262
3776 131072 7308.96 7308.96 7308.96 135.430450297 135.430450297 135.430450297 8.46440314354 8.46440314354 8.46440314354
4144 65536 3265.858 3265.858 3265.858 166.315365824 166.315365824 166.315365824 10.394710364 10.394710364 10.394710364
4544 65536 2372.026 2372.026 2372.026 251.089645729 251.089645729 251.089645729 15.6931028581 15.6931028581 15.6931028581
4992 65536 2490.997 2490.997 2490.997 262.6704986 262.6704986 262.6704986 16.4169061625 16.4169061625 16.4169061625
5488 65536 4755.974 4755.974 4755.974 151.246229689 151.246229689 151.246229689 9.45288935558 9.45288935558 9.45288935558
6032 65536 3011.942 3011.942 3011.942 262.497187529 262.497187529 262.497187529 16.4060742206 16.4060742206 16.4060742206
6624 65536 3364.086 3364.086 3364.086 258.085235633 258.085235633 258.085235633 16.1303272271 16.1303272271 16.1303272271
7280 65536 6615.877 6615.877 6615.877 144.229428691 144.229428691 144.229428691 9.01433929319 9.01433929319 9.01433929319
8000 65536 3949.165 3949.165 3949.165 265.518407056 265.518407056 265.518407056 16.594900441 16.594900441 16.594900441
8800 32768 2433.777 2433.777 2433.777 236.963698811 236.963698811 236.963698811 14.8102311757 14.8102311757 14.8102311757
9680 32768 2585.888 2585.888 2585.888 245.327129404 245.327129404 245.327129404 15.3329455877 15.3329455877 15.3329455877
10640 32768 2813.101 2813.101 2813.101 247.877001217 247.877001217 247.877001217 15.4923125761 15.4923125761 15.4923125761
11696 32768 3228.188 3228.188 3228.188 237.442508305 237.442508305 237.442508305 14.8401567691 14.8401567691 14.8401567691
12864 32768 3344.059 3344.059 3344.059 252.105331874 252.105331874 252.105331874 15.7565832421 15.7565832421 15.7565832421
14144 32768 3905.058 3905.058 3905.058 237.369376844 237.369376844 237.369376844 14.8355860528 14.8355860528 14.8355860528
15552 32768 4156.113 4156.113 4156.113 245.232954927 245.232954927 245.232954927 15.3270596829 15.3270596829 15.3270596829
17104 16384 2286.196 2286.196 2286.196 245.151278368 245.151278368 245.151278368 15.321954898 15.321954898 15.321954898
18800 16384 4594.803 4594.803 4594.803 134.072864495 134.072864495 134.072864495 8.37955403093 8.37955403093 8.37955403093
20672 16384 2690.077 2690.077 2690.077 251.806954225 251.806954225 251.806954225 15.737934639 15.737934639 15.737934639
22736 16384 3080.13 3080.13 3080.13 241.877209079 241.877209079 241.877209079 15.1173255674 15.1173255674 15.1173255674
25008 16384 3585.815 3585.815 3585.815 228.528840445 228.528840445 228.528840445 14.2830525278 14.2830525278 14.2830525278
27504 16384 3736.973 3736.973 3736.973 241.171416545 241.171416545 241.171416545 15.0732135341 15.0732135341 15.0732135341
30240 16384 6445.169 6445.169 6445.169 153.743729606 153.743729606 153.743729606 9.60898310037 9.60898310037 9.60898310037
33264 8192 2529.86 2529.86 2529.86 215.42590341 215.42590341 215.42590341 13.4641189631 13.4641189631 13.4641189631
36576 8192 2822.161 2822.161 2822.161 212.3412463 212.3412463 212.3412463 13.2713278938 13.2713278938 13.2713278938
40224 8192 2741.098 2741.098 2741.098 240.425557933 240.425557933 240.425557933 15.0265973708 15.0265973708 15.0265973708
44240 8192 5517.006 5517.006 5517.006 131.380709029 131.380709029 131.380709029 8.21129431434 8.21129431434 8.21129431434
48656 8192 3437.996 3437.996 3437.996 231.873423937 231.873423937 231.873423937 14.492088996 14.492088996 14.492088996
53520 8192 3536.94 3536.94 3536.94 247.918166551 247.918166551 247.918166551 15.4948854094 15.4948854094 15.4948854094
58864 8192 3875.017 3875.017 3875.017 248.883495479 248.883495479 248.883495479 15.5552184674 15.5552184674 15.5552184674
64736 8192 4649.878 4649.878 4649.878 228.099452072 228.099452072 228.099452072 14.2562157545 14.2562157545 14.2562157545
71200 4096 3422.976 3422.976 3422.976 170.398623888 170.398623888 170.398623888 10.649913993 10.649913993 10.649913993
78320 4096 3709.078 3709.078 3709.078 172.980304 172.980304 172.980304 10.811269 10.811269 10.811269
86144 4096 4070.044 4070.044 4070.044 173.386736851 173.386736851 173.386736851 10.8366710532 10.8366710532 10.8366710532
94752 4096 4832.983 4832.983 4832.983 160.60647927 160.60647927 160.60647927 10.0379049544 10.0379049544 10.0379049544
104224 4096 5074.024 5074.024 5074.024 168.269406688 168.269406688 168.269406688 10.516837918 10.516837918 10.516837918
114640 4096 5342.007 5342.007 5342.007 175.801132421 175.801132421 175.801132421 10.9875707763 10.9875707763 10.9875707763
126096 4096 6124.02 6124.02 6124.02 168.676528163 168.676528163 168.676528163 10.5422830102 10.5422830102 10.5422830102
138704 2048 2702.951 2702.951 2702.951 210.189375982 210.189375982 210.189375982 13.1368359989 13.1368359989 13.1368359989
152560 2048 4364.014 4364.014 4364.014 143.190594714 143.190594714 143.190594714 8.94941216962 8.94941216962 8.94941216962
167808 2048 3679.991 3679.991 3679.991 186.778056794 186.778056794 186.778056794 11.6736285496 11.6736285496 11.6736285496
184576 2048 4572.868 4572.868 4572.868 165.328038334 165.328038334 165.328038334 10.3330023959 10.3330023959 10.3330023959
203024 2048 4495.859 4495.859 4495.859 184.967167342 184.967167342 184.967167342 11.5604479589 11.5604479589 11.5604479589
223312 2048 6421.089 6421.089 6421.089 142.450284056 142.450284056 142.450284056 8.90314275351 8.90314275351 8.90314275351
245632 2048 4927.874 4927.874 4927.874 204.166882514 204.166882514 204.166882514 12.7604301571 12.7604301571 12.7604301571
270192 1024 4302.025 4302.025 4302.025 128.626220443 128.626220443 128.626220443 8.03913877767 8.03913877767 8.03913877767
297200 1024 3479.958 3479.958 3479.958 174.906018981 174.906018981 174.906018981 10.9316261863 10.9316261863 10.9316261863
326912 1024 3098.011 3098.011 3098.011 216.111490889 216.111490889 216.111490889 13.5069681806 13.5069681806 13.5069681806
359600 1024 3806.114 3806.114 3806.114 193.494151778 193.494151778 193.494151778 12.0933844861 12.0933844861 12.0933844861
395552 1024 3949.881 3949.881 3949.881 205.092380251 205.092380251 205.092380251 12.8182737657 12.8182737657 12.8182737657
435104 1024 4513.979 4513.979 4513.979 197.407429676 197.407429676 197.407429676 12.3379643547 12.3379643547 12.3379643547
478608 1024 7894.993 7894.993 7894.993 124.15326828 124.15326828 124.15326828 7.75957926752 7.75957926752 7.75957926752
526464 512 4255.056 4255.056 4255.056 126.696131849 126.696131849 126.696131849 7.91850824055 7.91850824055 7.91850824055
579104 512 4758.12 4758.12 4758.12 124.62957975 124.62957975 124.62957975 7.78934873437 7.78934873437 7.78934873437
637008 512 2945.9 2945.9 2945.9 221.425096575 221.425096575 221.425096575 13.8390685359 13.8390685359 13.8390685359
700704 512 3690.004 3690.004 3690.004 194.449896531 194.449896531 194.449896531 12.1531185332 12.1531185332 12.1531185332
770768 512 4672.05 4672.05 4672.05 168.933644118 168.933644118 168.933644118 10.5583527574 10.5583527574 10.5583527574
847840 512 7032.871 7032.871 7032.871 123.447189633 123.447189633 123.447189633 7.71544935205 7.71544935205 7.71544935205
932624 512 6649.017 6649.017 6649.017 143.631303093 143.631303093 143.631303093 8.97695644334 8.97695644334 8.97695644334
1025872 512 6145.954 6145.954 6145.954 170.924306951 170.924306951 170.924306951 10.6827691844 10.6827691844 10.6827691844
1128448 256 2758.98 2758.98 2758.98 209.412672799 209.412672799 209.412672799 13.08829205 13.08829205 13.08829205
1241280 256 2989.054 2989.054 2989.054 212.620902801 212.620902801 212.620902801 13.288806425 13.288806425 13.288806425
1365408 256 3293.991 3293.991 3293.991 212.231574403 212.231574403 212.231574403 13.2644734002 13.2644734002 13.2644734002
1501936 256 6336.927 6336.927 6336.927 121.350811205 121.350811205 121.350811205 7.58442570034 7.58442570034 7.58442570034
1652128 256 5257.845 5257.845 5257.845 160.881413583 160.881413583 160.881413583 10.0550883489 10.0550883489 10.0550883489
1817328 256 5743.027 5743.027 5743.027 162.017684402 162.017684402 162.017684402 10.1261052751 10.1261052751 10.1261052751
1999056 256 5881.071 5881.071 5881.071 174.035761854 174.035761854 174.035761854 10.8772351158 10.8772351158 10.8772351158
2198960 128 2820.015 2820.015 2820.015 199.620838896 199.620838896 199.620838896 12.476302431 12.476302431 12.476302431
2418848 128 3357.887 3357.887 3357.887 184.409150159 184.409150159 184.409150159 11.5255718849 11.5255718849 11.5255718849
2660720 128 3875.971 3875.971 3875.971 175.735143529 175.735143529 175.735143529 10.9834464706 10.9834464706 10.9834464706
2926784 128 6514.072 6514.072 6514.072 115.021249995 115.021249995 115.021249995 7.18882812471 7.18882812471 7.18882812471
3219456 128 5259.037 5259.037 5259.037 156.717044584 156.717044584 156.717044584 9.79481528652 9.79481528652 9.79481528652
3541392 128 9643.078 9643.078 9643.078 94.0152461693 94.0152461693 94.0152461693 5.87595288558 5.87595288558 5.87595288558
3895520 128 17639.875 17639.875 17639.875 56.5340241923 56.5340241923 56.5340241923 3.53337651202 3.53337651202 3.53337651202
4285072 64 13254.881 13254.881 13254.881 41.3801690109 41.3801690109 41.3801690109 2.58626056318 2.58626056318 2.58626056318
4713568 64 24763.823 24763.823 24763.823 24.3636333534 24.3636333534 24.3636333534 1.52272708459 1.52272708459 1.52272708459
5184912 64 33496.141 33496.141 33496.141 19.8132894174 19.8132894174 19.8132894174 1.23833058859 1.23833058859 1.23833058859
5703392 64 63337.088 63337.088 63337.088 11.5261720905 11.5261720905 11.5261720905 0.720385755657 0.720385755657 0.720385755657
6273728 64 63393.831 63393.831 63393.831 12.6674342177 12.6674342177 12.6674342177 0.791714638606 0.791714638606 0.791714638606
6901088 64 17663.956 17663.956 17663.956 50.008008625 50.008008625 50.008008625 3.12550053906 3.12550053906 3.12550053906
7591184 64 70263.863 70263.863 70263.863 13.8288945485 13.8288945485 13.8288945485 0.864305909284 0.864305909284 0.864305909284
8350288 64 57513.952 57513.952 57513.952 18.5839579238 18.5839579238 18.5839579238 1.16149737024 1.16149737024 1.16149737024
9185312 32 31733.036 31733.036 31733.036 18.5251725678 18.5251725678 18.5251725678 1.15782328549 1.15782328549 1.15782328549
10103840 32 41069.984 41069.984 41069.984 15.7449722893 15.7449722893 15.7449722893 0.984060768078 0.984060768078 0.984060768078
11114224 32 51972.866 51972.866 51972.866 13.6861864805 13.6861864805 13.6861864805 0.855386655029 0.855386655029 0.855386655029
12225632 32 53596.02 53596.02 53596.02 14.5988535716 14.5988535716 14.5988535716 0.912428348224 0.912428348224 0.912428348224
13448192 32 60082.912 60082.912 60082.912 14.3249429721 14.3249429721 14.3249429721 0.895308935759 0.895308935759 0.895308935759
14793008 32 70698.977 70698.977 70698.977 13.3913184062 13.3913184062 13.3913184062 0.836957400388 0.836957400388 0.836957400388
16272304 32 79070.091 79070.091 79070.091 13.1709404002 13.1709404002 13.1709404002 0.823183775013 0.823183775013 0.823183775013
17899520 16 43881.893 43881.893 43881.893 13.0528698933 13.0528698933 13.0528698933 0.81580436833 0.81580436833 0.81580436833
19689472 16 45697.927 45697.927 45697.927 13.7875642368 13.7875642368 13.7875642368 0.861722764798 0.861722764798 0.861722764798
21658416 16 52758.932 52758.932 52758.932 13.1365303604 13.1365303604 13.1365303604 0.821033147525 0.821033147525 0.821033147525
23824256 16 52651.167 52651.167 52651.167 14.4797586728 14.4797586728 14.4797586728 0.904984917048 0.904984917048 0.904984917048
26206672 16 57477.951 57477.951 57477.951 14.5901774404 14.5901774404 14.5901774404 0.911886090024 0.911886090024 0.911886090024
28827328 16 56600.809 56600.809 56600.809 16.2979030211 16.2979030211 16.2979030211 1.01861893882 1.01861893882 1.01861893882
31710048 16 68652.868 68652.868 68652.868 14.7804682537 14.7804682537 14.7804682537 0.923779265857 0.923779265857 0.923779265857
34881040 8 38563.013 38563.013 38563.013 14.4723297425 14.4723297425 14.4723297425 0.904520608906 0.904520608906 0.904520608906
38369136 8 34414.053 34414.053 34414.053 17.8388222974 17.8388222974 17.8388222974 1.11492639359 1.11492639359 1.11492639359
42206048 8 36428.928 36428.928 36428.928 18.537376889 18.537376889 18.537376889 1.15858605557 1.15858605557 1.15858605557
46426640 8 40417.91 40417.91 40417.91 18.3786405581 18.3786405581 18.3786405581 1.14866503488 1.14866503488 1.14866503488
51069296 8 51643.848 51643.848 51643.848 15.8219956034 15.8219956034 15.8219956034 0.988874725214 0.988874725214 0.988874725214
56176224 8 47152.042 47152.042 47152.042 19.062156078 19.062156078 19.062156078 1.19138475487 1.19138475487 1.19138475487
61793840 8 49391.031 49391.031 49391.031 20.0178336022 20.0178336022 20.0178336022 1.25111460014 1.25111460014 1.25111460014
67973216 4 28237.104 28237.104 28237.104 19.2578434389 19.2578434389 19.2578434389 1.20361521493 1.20361521493 1.20361521493
74770528 4 32195.807 32195.807 32195.807 18.5789479978 18.5789479978 18.5789479978 1.16118424986 1.16118424986 1.16118424986
82247568 4 33952.951 33952.951 33952.951 19.3791857444 19.3791857444 19.3791857444 1.21119910903 1.21119910903 1.21119910903
90472320 4 38642.883 38642.883 38642.883 18.7299317186 18.7299317186 18.7299317186 1.17062073241 1.17062073241 1.17062073241
99519552 4 39758.921 39758.921 39758.921 20.0245981524 20.0245981524 20.0245981524 1.25153738453 1.25153738453 1.25153738453
109471504 4 44076.92 44076.92 44076.92 19.8691748879 19.8691748879 19.8691748879 1.24182343049 1.24182343049 1.24182343049
120418640 4 51695.108 51695.108 51695.108 18.6352085772 18.6352085772 18.6352085772 1.16470053607 1.16470053607 1.16470053607
132460496 4 53610.086 53610.086 53610.086 19.7665037881 19.7665037881 19.7665037881 1.23540648676 1.23540648676 1.23540648676
145706544 2 30987.978 30987.978 30987.978 18.8081383045 18.8081383045 18.8081383045 1.17550864403 1.17550864403 1.17550864403
160277184 2 33014.059 33014.059 33014.059 19.4192642595 19.4192642595 19.4192642595 1.21370401622 1.21370401622 1.21370401622
176304896 2 36040.068 36040.068 36040.068 19.5676540899 19.5676540899 19.5676540899 1.22297838062 1.22297838062 1.22297838062
193935376 2 38127.899 38127.899 38127.899 20.3457710586 20.3457710586 20.3457710586 1.27161069116 1.27161069116 1.27161069116
213328912 2 44366.121 44366.121 44366.121 19.2334968387 19.2334968387 19.2334968387 1.20209355242 1.20209355242 1.20209355242
234661792 2 50504.923 50504.923 50504.923 18.5852608467 18.5852608467 18.5852608467 1.16157880292 1.16157880292 1.16157880292
258127968 2 56390.047 56390.047 56390.047 18.3101793123 18.3101793123 18.3101793123 1.14438620702 1.14438620702 1.14438620702
283940752 1 28852.94 28852.94 28852.94 19.681928566 19.681928566 19.681928566 1.23012053538 1.23012053538 1.23012053538
312334816 1 32047.987 32047.987 32047.987 19.4916963739 19.4916963739 19.4916963739 1.21823102337 1.21823102337 1.21823102337
343568288 1 35279.989 35279.989 35279.989 19.4766663901 19.4766663901 19.4766663901 1.21729164938 1.21729164938 1.21729164938
377925104 1 37889.004 37889.004 37889.004 19.9490651166 19.9490651166 19.9490651166 1.24681656979 1.24681656979 1.24681656979
415717600 1 41800.022 41800.022 41800.022 19.8907837895 19.8907837895 19.8907837895 1.24317398685 1.24317398685 1.24317398685
457289360 1 49534.082 49534.082 49534.082 18.4636251056 18.4636251056 18.4636251056 1.1539765691 1.1539765691 1.1539765691
503018288 1 51871.061 51871.061 51871.061 19.3949488714 19.3949488714 19.3949488714 1.21218430446 1.21218430446 1.21218430446

META_DATA
ERT_VERSION  1.1.0
HOSTNAME  ('e828f4ff7df7', [], ['172.17.0.2'])
OPENMP_THREADS 2
TIMESTAMP_DATA  1620700502.84
CONFIG  {'ERT_WORKING_SET_MIN': ['1'], 'ERT_CFLAGS': ['-Ofast', '-march=native'], 'ERT_CC': ['cc'], 'ERT_MPI_CFLAGS': [], 'ERT_MPI_LDFLAGS': [], 'ERT_MEMORY_MAX': ['536870912', '#', '512MB'], 'ERT_LDFLAGS': [], 'ERT_LDLIBS': [], 'ERT_RUN': ['export', 'OMP_NUM_THREADS=ERT_OPENMP_THREADS', ';', './ERT_CODE'], 'ERT_FLOPS': ['1,4,16,64'], 'ERT_OPENMP_CFLAGS': ['-fopenmp'], 'ERT_MPI': ['False'], 'ERT_TRIALS_MIN': ['1'], 'ERT_DRIVER': ['driver1'], 'ERT_RESULTS': ['OpenMP_4'], 'ERT_OPENMP': ['True'], 'ERT_OPENMP_THREADS': ['1,2,4'], 'ERT_KERNEL': ['kernel1'], 'ERT_GPU': [False], 'ERT_LD': ['cc'], 'ERT_NUM_EXPERIMENTS': ['1'], 'ERT_OPENMP_LDFLAGS': ['-fopenmp'], 'ERT_ALIGN': ['64'], 'ERT_GNUPLOT': ['gnuplot']}
FLOPS          1
UNAME  ('Linux', 'e828f4ff7df7', '5.4.72-microsoft-standard-WSL2', '#1 SMP Wed Oct 28 23:40:43 UTC 2020', 'x86_64', 'x86_64')
