8 134217728 5386597.157 5386597.157 5386597.157 0.39867166328 0.39867166328 0.39867166328 1.59468665312 1.59468665312 1.59468665312
16 67108864 2779083.967 2779083.967 2779083.967 0.77273075355 0.77273075355 0.77273075355 3.0909230142 3.0909230142 3.0909230142
24 33554432 1360847.95 1360847.95 1360847.95 1.1835361445 1.1835361445 1.1835361445 4.73414457802 4.73414457802 4.73414457802
32 33554432 1354633.093 1354633.093 1354633.093 1.58528804523 1.58528804523 1.58528804523 6.3411521809 6.3411521809 6.3411521809
40 16777216 675654.888 675654.888 675654.888 1.98648349007 1.98648349007 1.98648349007 7.9459339603 7.9459339603 7.9459339603
48 16777216 681762.934 681762.934 681762.934 2.36242344029 2.36242344029 2.36242344029 9.44969376115 9.44969376115 9.44969376115
56 16777216 872075.081 872075.081 872075.081 2.15468625688 2.15468625688 2.15468625688 8.61874502753 8.61874502753 8.61874502753
64 16777216 680880.07 680880.07 680880.07 3.15398223949 3.15398223949 3.15398223949 12.6159289579 12.6159289579 12.6159289579
72 8388608 343203.068 343203.068 343203.068 3.51966420067 3.51966420067 3.51966420067 14.0786568027 14.0786568027 14.0786568027
80 8388608 436847.925 436847.925 436847.925 3.07241308288 3.07241308288 3.07241308288 12.2896523315 12.2896523315 12.2896523315
88 8388608 545728.922 545728.922 545728.922 2.70536331956 2.70536331956 2.70536331956 10.8214532782 10.8214532782 10.8214532782
96 8388608 342273.951 342273.951 342273.951 4.70562463575 4.70562463575 4.70562463575 18.822498543 18.822498543 18.822498543
104 8388608 435600.042 435600.042 435600.042 4.00557919138 4.00557919138 4.00557919138 16.0223167655 16.0223167655 16.0223167655
112 8388608 546012.163 546012.163 546012.163 3.44140354251 3.44140354251 3.44140354251 13.76561417 13.76561417 13.76561417
120 8388608 651259.184 651259.184 651259.184 3.09134361474 3.09134361474 3.09134361474 12.365374459 12.365374459 12.365374459
128 8388608 436909.914 436909.914 436909.914 4.91516346777 4.91516346777 4.91516346777 19.6606538711 19.6606538711 19.6606538711
136 4194304 272284.985 272284.985 272284.985 4.18991406375 4.18991406375 4.18991406375 16.759656255 16.759656255 16.759656255
144 4194304 326287.031 326287.031 326287.031 3.70213780271 3.70213780271 3.70213780271 14.8085512109 14.8085512109 14.8085512109
152 4194304 380645.037 380645.037 380645.037 3.34975710192 3.34975710192 3.34975710192 13.3990284077 13.3990284077 13.3990284077
160 4194304 271409.988 271409.988 271409.988 4.94520223773 4.94520223773 4.94520223773 19.7808089509 19.7808089509 19.7808089509
176 4194304 378737.926 378737.926 378737.926 3.89819689724 3.89819689724 3.89819689724 15.592787589 15.592787589 15.592787589
192 4194304 328615.904 328615.904 328615.904 4.90120142207 4.90120142207 4.90120142207 19.6048056883 19.6048056883 19.6048056883
208 4194304 431768.894 431768.894 431768.894 4.04112127633 4.04112127633 4.04112127633 16.1644851053 16.1644851053 16.1644851053
224 4194304 379548.073 379548.073 379548.073 4.95075150072 4.95075150072 4.95075150072 19.8030060029 19.8030060029 19.8030060029
240 4194304 488482.952 488482.952 488482.952 4.12146608547 4.12146608547 4.12146608547 16.4858643419 16.4858643419 16.4858643419
264 2097152 243195.057 243195.057 243195.057 4.55311990983 4.55311990983 4.55311990983 18.2124796393 18.2124796393 18.2124796393
288 2097152 242586.136 242586.136 242586.136 4.97950778193 4.97950778193 4.97950778193 19.9180311277 19.9180311277 19.9180311277
312 2097152 323624.134 323624.134 323624.134 4.04365036632 4.04365036632 4.04365036632 16.1746014653 16.1746014653 16.1746014653
336 2097152 323690.176 323690.176 323690.176 4.3538119118 4.3538119118 4.3538119118 17.4152476472 17.4152476472 17.4152476472
368 2097152 349110.126 349110.126 349110.126 4.42125208365 4.42125208365 4.42125208365 17.6850083346 17.6850083346 17.6850083346
400 2097152 377130.032 377130.032 377130.032 4.44865552367 4.44865552367 4.44865552367 17.7946220947 17.7946220947 17.7946220947
440 2097152 431837.082 431837.082 431837.082 4.27358797316 4.27358797316 4.27358797316 17.0943518926 17.0943518926 17.0943518926
480 2097152 405211.926 405211.926 405211.926 4.96842711387 4.96842711387 4.96842711387 19.8737084555 19.8737084555 19.8737084555
528 1048576 241462.946 241462.946 241462.946 4.58578127345 4.58578127345 4.58578127345 18.3431250938 18.3431250938 18.3431250938
576 1048576 245083.809 245083.809 245083.809 4.92876113248 4.92876113248 4.92876113248 19.7150445299 19.7150445299 19.7150445299
632 1048576 295073.032 295073.032 295073.032 4.491769563 4.491769563 4.491769563 17.967078252 17.967078252 17.967078252
688 1048576 309372.187 309372.187 309372.187 4.66376951979 4.66376951979 4.66376951979 18.6550780791 18.6550780791 18.6550780791
752 1048576 335604.906 335604.906 335604.906 4.69915151955 4.69915151955 4.69915151955 18.7966060782 18.7966060782 18.7966060782
824 1048576 376357.079 376357.079 376357.079 4.59152582593 4.59152582593 4.59152582593 18.3661033037 18.3661033037 18.3661033037
904 1048576 390002.012 390002.012 390002.012 4.86106571163 4.86106571163 4.86106571163 19.4442628465 19.4442628465 19.4442628465
992 1048576 416412.83 416412.83 416412.83 4.99594305007 4.99594305007 4.99594305007 19.9837722003 19.9837722003 19.9837722003
1088 524288 227709.77 227709.77 227709.77 5.01010864839 5.01010864839 5.01010864839 20.0404345936 20.0404345936 20.0404345936
1192 524288 254070.044 254070.044 254070.044 4.9195197211 4.9195197211 4.9195197211 19.6780788844 19.6780788844 19.6780788844
1304 524288 288628.101 288628.101 288628.101 4.73738731351 4.73738731351 4.73738731351 18.949549254 18.949549254 18.949549254
1432 524288 321873.903 321873.903 321873.903 4.6650592608 4.6650592608 4.6650592608 18.6602370432 18.6602370432 18.6602370432
1568 524288 329692.125 329692.125 329692.125 4.98697737472 4.98697737472 4.98697737472 19.9479094989 19.9479094989 19.9479094989
1720 524288 381341.934 381341.934 381341.934 4.72948437923 4.72948437923 4.72948437923 18.9179375169 18.9179375169 18.9179375169
1888 524288 399514.914 399514.914 399514.914 4.95528807217 4.95528807217 4.95528807217 19.8211522887 19.8211522887 19.8211522887
2072 262144 224807.978 224807.978 224807.978 4.83223391654 4.83223391654 4.83223391654 19.3289356662 19.3289356662 19.3289356662
2272 262144 239401.102 239401.102 239401.102 4.97567607688 4.97567607688 4.97567607688 19.9027043075 19.9027043075 19.9027043075
2496 262144 263293.982 263293.982 263293.982 4.97019657669 4.97019657669 4.97019657669 19.8807863068 19.8807863068 19.8807863068
2744 262144 294195.175 294195.175 294195.175 4.8901083167 4.8901083167 4.8901083167 19.5604332668 19.5604332668 19.5604332668
3016 262144 320451.021 320451.021 320451.021 4.93445957222 4.93445957222 4.93445957222 19.7378382889 19.7378382889 19.7378382889
3312 262144 354474.068 354474.068 354474.068 4.89864284233 4.89864284233 4.89864284233 19.5945713693 19.5945713693 19.5945713693
3640 262144 388690.948 388690.948 388690.948 4.90983474099 4.90983474099 4.90983474099 19.639338964 19.639338964 19.639338964
4000 262144 418534.04 418534.04 418534.04 5.01070832853 5.01070832853 5.01070832853 20.0428333141 20.0428333141 20.0428333141
4400 131072 234122.992 234122.992 234122.992 4.92661395682 4.92661395682 4.92661395682 19.7064558273 19.7064558273 19.7064558273
4840 131072 254140.854 254140.854 254140.854 4.99241637081 4.99241637081 4.99241637081 19.9696654832 19.9696654832 19.9696654832
5320 131072 279517.174 279517.174 279517.174 4.98933951014 4.98933951014 4.98933951014 19.9573580405 19.9573580405 19.9573580405
5848 131072 310885.906 310885.906 310885.906 4.93112773018 4.93112773018 4.93112773018 19.7245109207 19.7245109207 19.7245109207
6432 131072 339450.121 339450.121 339450.121 4.96718104867 4.96718104867 4.96718104867 19.8687241947 19.8687241947 19.8687241947
7072 131072 372231.007 372231.007 372231.007 4.98046195276 4.98046195276 4.98046195276 19.921847811 19.921847811 19.921847811
7776 131072 409543.991 409543.991 409543.991 4.97732060242 4.97732060242 4.97732060242 19.9092824097 19.9092824097 19.9092824097
8552 65536 225325.823 225325.823 225325.823 4.97469721435 4.97469721435 4.97469721435 19.8987888574 19.8987888574 19.8987888574
9400 65536 248722.076 248722.076 248722.076 4.95362864372 4.95362864372 4.95362864372 19.8145145749 19.8145145749 19.8145145749
10336 65536 272368.908 272368.908 272368.908 4.97398987993 4.97398987993 4.97398987993 19.8959595197 19.8959595197 19.8959595197
11368 65536 299926.043 299926.043 299926.043 4.96797970958 4.96797970958 4.96797970958 19.8719188383 19.8719188383 19.8719188383
12504 65536 327870.131 327870.131 327870.131 4.99869958572 4.99869958572 4.99869958572 19.9947983429 19.9947983429 19.9947983429
13752 65536 363033.056 363033.056 363033.056 4.96511850425 4.96511850425 4.96511850425 19.860474017 19.860474017 19.860474017
15120 65536 399595.022 399595.022 399595.022 4.95954286438 4.95954286438 4.95954286438 19.8381714575 19.8381714575 19.8381714575
16632 32768 217303.038 217303.038 217303.038 5.01601248667 5.01601248667 5.01601248667 20.0640499467 20.0640499467 20.0640499467
18288 32768 240448.952 240448.952 240448.952 4.98451899262 4.98451899262 4.98451899262 19.9380759705 19.9380759705 19.9380759705
20112 32768 263144.016 263144.016 263144.016 5.00889228657 5.00889228657 5.00889228657 20.0355691463 20.0355691463 20.0355691463
22120 32768 290796.041 290796.041 290796.041 4.98513086703 4.98513086703 4.98513086703 19.9405234681 19.9405234681 19.9405234681
24328 32768 320522.07 320522.07 320522.07 4.9742590518 4.9742590518 4.9742590518 19.8970362072 19.8970362072 19.8970362072
26760 32768 352854.967 352854.967 352854.967 4.97015353053 4.97015353053 4.97015353053 19.8806141221 19.8806141221 19.8806141221
29432 32768 386476.04 386476.04 386476.04 4.99088003489 4.99088003489 4.99088003489 19.9635201396 19.9635201396 19.9635201396
32368 32768 427062.988 427062.988 427062.988 4.96711095929 4.96711095929 4.96711095929 19.8684438371 19.8684438371 19.8684438371
35600 16384 232362.032 232362.032 232362.032 5.02035891991 5.02035891991 5.02035891991 20.0814356796 20.0814356796 20.0814356796
39160 16384 257665.157 257665.157 257665.157 4.98008692731 4.98008692731 4.98008692731 19.9203477093 19.9203477093 19.9203477093
43072 16384 280886.173 280886.173 280886.173 5.02475177374 5.02475177374 5.02475177374 20.0990070949 20.0990070949 20.0990070949
47376 16384 310817.957 310817.957 310817.957 4.99461737341 4.99461737341 4.99461737341 19.9784694936 19.9784694936 19.9784694936
52112 16384 342658.997 342658.997 342658.997 4.98339757879 4.98339757879 4.98339757879 19.9335903152 19.9335903152 19.9335903152
57320 16384 393692.017 393692.017 393692.017 4.77089115068 4.77089115068 4.77089115068 19.0835646027 19.0835646027 19.0835646027
63048 16384 421240.807 421240.807 421240.807 4.90445566922 4.90445566922 4.90445566922 19.6178226769 19.6178226769 19.6178226769
69352 8192 241648.912 241648.912 241648.912 4.70212407991 4.70212407991 4.70212407991 18.8084963197 18.8084963197 18.8084963197
76280 8192 259179.115 259179.115 259179.115 4.82203791768 4.82203791768 4.82203791768 19.2881516707 19.2881516707 19.2881516707
83904 8192 290558.815 290558.815 290558.815 4.73116995607 4.73116995607 4.73116995607 18.9246798243 18.9246798243 18.9246798243
92288 8192 307982.922 307982.922 307982.922 4.90951440483 4.90951440483 4.90951440483 19.6380576193 19.6380576193 19.6380576193
101512 8192 342406.034 342406.034 342406.034 4.85731103676 4.85731103676 4.85731103676 19.429244147 19.429244147 19.429244147
111656 8192 382498.026 382498.026 382498.026 4.78269632691 4.78269632691 4.78269632691 19.1307853076 19.1307853076 19.1307853076
122816 8192 422899.008 422899.008 422899.008 4.75815101463 4.75815101463 4.75815101463 19.0326040585 19.0326040585 19.0326040585
135096 4096 229609.966 229609.966 229609.966 4.81994075118 4.81994075118 4.81994075118 19.2797630047 19.2797630047 19.2797630047
148600 4096 258902.073 258902.073 258902.073 4.7018982347 4.7018982347 4.7018982347 18.8075929388 18.8075929388 18.8075929388
163456 4096 276177.168 276177.168 276177.168 4.84845131007 4.84845131007 4.84845131007 19.3938052403 19.3938052403 19.3938052403
179800 4096 313511.848 313511.848 313511.848 4.69813695845 4.69813695845 4.69813695845 18.7925478338 18.7925478338 18.7925478338
197776 4096 330246.925 330246.925 330246.925 4.90596844164 4.90596844164 4.90596844164 19.6238737666 19.6238737666 19.6238737666
217552 4096 367945.194 367945.194 367945.194 4.84361805253 4.84361805253 4.84361805253 19.3744722101 19.3744722101 19.3744722101
239304 4096 399734.02 399734.02 399734.02 4.90420697243 4.90420697243 4.90420697243 19.6168278897 19.6168278897 19.6168278897
263232 2048 214824.915 214824.915 214824.915 5.0189628703 5.0189628703 5.0189628703 20.0758514812 20.0758514812 20.0758514812
289552 2048 236735.106 236735.106 236735.106 5.00983995166 5.00983995166 5.00983995166 20.0393598067 20.0393598067 20.0393598067
318504 2048 260814.905 260814.905 260814.905 5.0019855422 5.0019855422 5.0019855422 20.0079421688 20.0079421688 20.0079421688
350352 2048 287515.163 287515.163 287515.163 4.99118647179 4.99118647179 4.99118647179 19.9647458872 19.9647458872 19.9647458872
385384 2048 340960.979 340960.979 340960.979 4.62965841027 4.62965841027 4.62965841027 18.5186336411 18.5186336411 18.5186336411
423920 2048 350461.96 350461.96 350461.96 4.954535779 4.954535779 4.954535779 19.818143116 19.818143116 19.818143116
466312 2048 384860.992 384860.992 384860.992 4.9628670915 4.9628670915 4.9628670915 19.851468366 19.851468366 19.851468366
512936 2048 425344.944 425344.944 425344.944 4.93948708134 4.93948708134 4.93948708134 19.7579483253 19.7579483253 19.7579483253
564224 1024 234273.911 234273.911 234273.911 4.93239194696 4.93239194696 4.93239194696 19.7295677879 19.7295677879 19.7295677879
620640 1024 254697.084 254697.084 254697.084 4.99051932609 4.99051932609 4.99051932609 19.9620773043 19.9620773043 19.9620773043
682704 1024 281595.23 281595.23 281595.23 4.9652041052 4.9652041052 4.9652041052 19.8608164208 19.8608164208 19.8608164208
750968 1024 311302.9 311302.9 311302.9 4.94046943989 4.94046943989 4.94046943989 19.7618777596 19.7618777596 19.7618777596
826064 1024 345530.987 345530.987 345530.987 4.89617179255 4.89617179255 4.89617179255 19.5846871702 19.5846871702 19.5846871702
908664 1024 377419.949 377419.949 377419.949 4.93069822337 4.93069822337 4.93069822337 19.7227928935 19.7227928935 19.7227928935
999528 1024 437627.077 437627.077 437627.077 4.67757470135 4.67757470135 4.67757470135 18.7102988054 18.7102988054 18.7102988054
1099480 512 233871.937 233871.937 233871.937 4.8140342721 4.8140342721 4.8140342721 19.2561370884 19.2561370884 19.2561370884
1209424 512 264760.971 264760.971 264760.971 4.67761608262 4.67761608262 4.67761608262 18.7104643305 18.7104643305 18.7104643305
1330360 512 286850.929 286850.929 286850.929 4.74911705794 4.74911705794 4.74911705794 18.9964682318 18.9964682318 18.9964682318
1463392 512 362118.959 362118.959 362118.959 4.13817992888 4.13817992888 4.13817992888 16.5527197155 16.5527197155 16.5527197155
1609728 512 368580.818 368580.818 368580.818 4.47218463767 4.47218463767 4.47218463767 17.8887385507 17.8887385507 17.8887385507
1770696 512 399494.886 399494.886 399494.886 4.53871317892 4.53871317892 4.53871317892 18.1548527157 18.1548527157 18.1548527157
1947760 512 431278.944 431278.944 431278.944 4.62463161661 4.62463161661 4.62463161661 18.4985264664 18.4985264664 18.4985264664
2142536 256 238471.031 238471.031 238471.031 4.60004901811 4.60004901811 4.60004901811 18.4001960725 18.4001960725 18.4001960725
2356784 256 259841.919 259841.919 259841.919 4.64387506313 4.64387506313 4.64387506313 18.5755002525 18.5755002525 18.5755002525
2592456 256 274796.009 274796.009 274796.009 4.83026473649 4.83026473649 4.83026473649 19.3210589459 19.3210589459 19.3210589459
2851696 256 298069.0 298069.0 298069.0 4.89842402934 4.89842402934 4.89842402934 19.5936961173 19.5936961173 19.5936961173
3136864 256 332603.931 332603.931 332603.931 4.82878949497 4.82878949497 4.82878949497 19.3151579799 19.3151579799 19.3151579799
3450544 256 368664.98 368664.98 368664.98 4.7920974973 4.7920974973 4.7920974973 19.1683899892 19.1683899892 19.1683899892
3795592 256 396797.895 396797.895 396797.895 4.8975640458 4.8975640458 4.8975640458 19.5902561832 19.5902561832 19.5902561832
4175144 256 434806.824 434806.824 434806.824 4.91637575587 4.91637575587 4.91637575587 19.6655030235 19.6655030235 19.6655030235
4592656 128 243247.032 243247.032 243247.032 4.83344000678 4.83344000678 4.83344000678 19.3337600271 19.3337600271 19.3337600271
5051920 128 264178.991 264178.991 264178.991 4.8955123763 4.8955123763 4.8955123763 19.5820495052 19.5820495052 19.5820495052
5557112 128 293298.006 293298.006 293298.006 4.85042735681 4.85042735681 4.85042735681 19.4017094272 19.4017094272 19.4017094272
6112816 128 320394.993 320394.993 320394.993 4.88422394291 4.88422394291 4.88422394291 19.5368957717 19.5368957717 19.5368957717
6724096 128 350006.104 350006.104 350006.104 4.91811015959 4.91811015959 4.91811015959 19.6724406383 19.6724406383 19.6724406383
7396504 128 386281.013 386281.013 386281.013 4.90188479443 4.90188479443 4.90188479443 19.6075391777 19.6075391777 19.6075391777
8136152 128 426622.868 426622.868 426622.868 4.8821923723 4.8821923723 4.8821923723 19.5287694892 19.5287694892 19.5287694892
8949760 64 233772.993 233772.993 233772.993 4.90034911774 4.90034911774 4.90034911774 19.601396471 19.601396471 19.601396471
9844736 64 258020.878 258020.878 258020.878 4.88381489811 4.88381489811 4.88381489811 19.5352595924 19.5352595924 19.5352595924
10829208 64 281998.158 281998.158 281998.158 4.91541729858 4.91541729858 4.91541729858 19.6616691943 19.6616691943 19.6616691943
11912128 64 316724.062 316724.062 316724.062 4.81413497406 4.81413497406 4.81413497406 19.2565398962 19.2565398962 19.2565398962
13103336 64 345419.168 345419.168 345419.168 4.85562806984 4.85562806984 4.85562806984 19.4225122793 19.4225122793 19.4225122793
14413664 64 376085.997 376085.997 376085.997 4.90565723456 4.90565723456 4.90565723456 19.6226289382 19.6226289382 19.6226289382
15855024 64 412117.004 412117.004 412117.004 4.92443420752 4.92443420752 4.92443420752 19.6977368301 19.6977368301 19.6977368301
17440520 32 228446.96 228446.96 228446.96 4.88600627472 4.88600627472 4.88600627472 19.5440250989 19.5440250989 19.5440250989
19184568 32 252313.852 252313.852 252313.852 4.86621064308 4.86621064308 4.86621064308 19.4648425723 19.4648425723 19.4648425723
21103024 32 277838.945 277838.945 277838.945 4.86106631308 4.86106631308 4.86106631308 19.4442652523 19.4442652523 19.4442652523
23213320 32 304787.159 304787.159 304787.159 4.87439328112 4.87439328112 4.87439328112 19.4975731245 19.4975731245 19.4975731245
25534648 32 332598.925 332598.925 332598.925 4.91347791338 4.91347791338 4.91347791338 19.6539116535 19.6539116535 19.6539116535
28088112 32 367293.119 367293.119 367293.119 4.89429035015 4.89429035015 4.89429035015 19.5771614006 19.5771614006 19.5771614006
30896920 32 406469.107 406469.107 406469.107 4.86482944447 4.86482944447 4.86482944447 19.4593177779 19.4593177779 19.4593177779
33986608 16 223134.041 223134.041 223134.041 4.87407233395 4.87407233395 4.87407233395 19.4962893358 19.4962893358 19.4962893358
37385264 16 245758.057 245758.057 245758.057 4.8679114028 4.8679114028 4.8679114028 19.4716456112 19.4716456112 19.4716456112
41123784 16 268512.011 268512.011 268512.011 4.90093937735 4.90093937735 4.90093937735 19.6037575094 19.6037575094 19.6037575094
45236160 16 294376.85 294376.85 294376.85 4.91736058729 4.91736058729 4.91736058729 19.6694423492 19.6694423492 19.6694423492
49759776 16 324687.004 324687.004 324687.004 4.90414710901 4.90414710901 4.90414710901 19.616588436 19.616588436 19.616588436
54735752 16 358361.959 358361.959 358361.959 4.88763949412 4.88763949412 4.88763949412 19.5505579765 19.5505579765 19.5505579765
60209320 16 393203.974 393203.974 393203.974 4.89999686524 4.89999686524 4.89999686524 19.599987461 19.599987461 19.599987461
66230248 16 431775.093 431775.093 431775.093 4.90849974989 4.90849974989 4.90849974989 19.6339989996 19.6339989996 19.6339989996
72853272 8 238403.082 238403.082 238403.082 4.88941813261 4.88941813261 4.88941813261 19.5576725304 19.5576725304 19.5576725304
80138592 8 264033.079 264033.079 264033.079 4.85627587595 4.85627587595 4.85627587595 19.4251035038 19.4251035038 19.4251035038
88152448 8 288784.981 288784.981 288784.981 4.88404612704 4.88404612704 4.88404612704 19.5361845082 19.5361845082 19.5361845082
96967688 8 322409.868 322409.868 322409.868 4.81214491859 4.81214491859 4.81214491859 19.2485796744 19.2485796744 19.2485796744
106664456 8 346570.015 346570.015 346570.015 4.92434781468 4.92434781468 4.92434781468 19.6973912587 19.6973912587 19.6973912587
117330896 8 382943.153 382943.153 382943.153 4.90227941482 4.90227941482 4.90227941482 19.6091176593 19.6091176593 19.6091176593
129063984 8 419592.857 419592.857 419592.857 4.92149403773 4.92149403773 4.92149403773 19.6859761509 19.6859761509 19.6859761509
141970376 4 283950.806 283950.806 283950.806 3.99985836983 3.99985836983 3.99985836983 15.9994334793 15.9994334793 15.9994334793
156167408 4 254275.084 254275.084 254275.084 4.91333733666 4.91333733666 4.91333733666 19.6533493466 19.6533493466 19.6533493466
171784144 4 281650.066 281650.066 281650.066 4.87936385571 4.87936385571 4.87936385571 19.5174554229 19.5174554229 19.5174554229
188962552 4 307940.96 307940.96 307940.96 4.90905924304 4.90905924304 4.90905924304 19.6362369722 19.6362369722 19.6362369722
207858800 4 338326.931 338326.931 338326.931 4.91498088871 4.91498088871 4.91498088871 19.6599235548 19.6599235548 19.6599235548
228644680 4 372874.022 372874.022 372874.022 4.90556416397 4.90556416397 4.90556416397 19.6222566559 19.6222566559 19.6222566559
251509144 4 409075.975 409075.975 409075.975 4.91858059374 4.91858059374 4.91858059374 19.674322375 19.674322375 19.674322375
276660056 2 248507.023 248507.023 248507.023 4.45315472634 4.45315472634 4.45315472634 17.8126189053 17.8126189053 17.8126189053
304326056 2 245807.171 245807.171 245807.171 4.95227303194 4.95227303194 4.95227303194 19.8090921277 19.8090921277 19.8090921277
334758656 2 274344.921 274344.921 274344.921 4.88084349847 4.88084349847 4.88084349847 19.5233739939 19.5233739939 19.5233739939
368234520 2 302035.093 302035.093 302035.093 4.876711727 4.876711727 4.876711727 19.506846908 19.506846908 19.506846908
405057968 2 342865.944 342865.944 342865.944 4.72555498834 4.72555498834 4.72555498834 18.9022199533 18.9022199533 18.9022199533
445563760 2 364113.092 364113.092 364113.092 4.89478428312 4.89478428312 4.89478428312 19.5791371325 19.5791371325 19.5791371325
490120136 2 399533.987 399533.987 399533.987 4.90691807904 4.90691807904 4.90691807904 19.6276723161 19.6276723161 19.6276723161
539132144 1 220006.943 220006.943 220006.943 4.90104663651 4.90104663651 4.90104663651 19.6041865461 19.6041865461 19.6041865461
593045352 1 239784.002 239784.002 239784.002 4.94649640554 4.94649640554 4.94649640554 19.7859856222 19.7859856222 19.7859856222
652349880 1 265372.038 265372.038 265372.038 4.91649297278 4.91649297278 4.91649297278 19.6659718911 19.6659718911 19.6659718911
717584864 1 293081.999 293081.999 293081.999 4.89681977364 4.89681977364 4.89681977364 19.5872790945 19.5872790945 19.5872790945
789343344 1 320826.769 320826.769 320826.769 4.92068256312 4.92068256312 4.92068256312 19.6827302525 19.6827302525 19.6827302525
868277672 1 351606.131 351606.131 351606.131 4.93892225105 4.93892225105 4.93892225105 19.7556890042 19.7556890042 19.7556890042
955105432 1 389861.107 389861.107 389861.107 4.89972154109 4.89972154109 4.89972154109 19.5988861643 19.5988861643 19.5988861643
1050615968 1 427367.926 427367.926 427367.926 4.91668140767 4.91668140767 4.91668140767 19.6667256307 19.6667256307 19.6667256307

META_DATA
ERT_VERSION  1.1.0
TIMESTAMP_DATA  1620702381.01
UNAME  ('Linux', '3689e1d83645', '5.4.72-microsoft-standard-WSL2', '#1 SMP Wed Oct 28 23:40:43 UTC 2020', 'x86_64', 'x86_64')
OPENMP_THREADS 1
HOSTNAME  ('3689e1d83645', [], ['172.17.0.2'])
FLOPS          64
CONFIG  {'ERT_WORKING_SET_MIN': ['1'], 'ERT_CFLAGS': ['-Ofast', '-march=native'], 'ERT_CC': ['cc'], 'ERT_MPI_CFLAGS': [], 'ERT_MPI_LDFLAGS': [], 'ERT_MEMORY_MAX': ['1073741824', '#', '1GB'], 'ERT_LDFLAGS': [], 'ERT_LDLIBS': [], 'ERT_RUN': ['export', 'OMP_NUM_THREADS=ERT_OPENMP_THREADS', ';', './ERT_CODE'], 'ERT_FLOPS': ['1,8,64'], 'ERT_OPENMP_CFLAGS': ['-fopenmp'], 'ERT_MPI': ['False'], 'ERT_TRIALS_MIN': ['1'], 'ERT_DRIVER': ['driver1'], 'ERT_RESULTS': ['OpenMP'], 'ERT_OPENMP': ['True'], 'ERT_OPENMP_THREADS': ['1,2,4,8'], 'ERT_KERNEL': ['kernel1'], 'ERT_GPU': [False], 'ERT_LD': ['cc'], 'ERT_NUM_EXPERIMENTS': ['1'], 'ERT_OPENMP_LDFLAGS': ['-fopenmp'], 'ERT_ALIGN': ['64'], 'ERT_GNUPLOT': ['gnuplot']}
