8 33554432 4198243.141 4198243.141 4198243.141 0.127879899751 0.127879899751 0.127879899751 0.511519599003 0.511519599003 0.511519599003
16 16777216 2101753.95 2101753.95 2101753.95 0.255439468545 0.255439468545 0.255439468545 1.02175787418 1.02175787418 1.02175787418
24 8388608 1073465.824 1073465.824 1073465.824 0.37509641667 0.37509641667 0.37509641667 1.50038566668 1.50038566668 1.50038566668
32 8388608 1045125.961 1045125.961 1045125.961 0.513690150311 0.513690150311 0.513690150311 2.05476060124 2.05476060124 2.05476060124
40 4194304 522545.099 522545.099 522545.099 0.642134660993 0.642134660993 0.642134660993 2.56853864397 2.56853864397 2.56853864397
48 4194304 546937.943 546937.943 546937.943 0.736195374911 0.736195374911 0.736195374911 2.94478149964 2.94478149964 2.94478149964
56 4194304 691899.061 691899.061 691899.061 0.678945925033 0.678945925033 0.678945925033 2.71578370013 2.71578370013 2.71578370013
64 4194304 523278.952 523278.952 523278.952 1.0259745972 1.0259745972 1.0259745972 4.10389838879 4.10389838879 4.10389838879
72 2097152 267451.048 267451.048 267451.048 1.1291407914 1.1291407914 1.1291407914 4.51656316561 4.51656316561 4.51656316561
80 2097152 339539.051 339539.051 339539.051 0.988234840769 0.988234840769 0.988234840769 3.95293936308 3.95293936308 3.95293936308
88 2097152 416351.08 416351.08 416351.08 0.886508453395 0.886508453395 0.886508453395 3.54603381358 3.54603381358 3.54603381358
96 2097152 264588.833 264588.833 264588.833 1.52180717317 1.52180717317 1.52180717317 6.08722869268 6.08722869268 6.08722869268
104 2097152 330145.836 330145.836 330145.836 1.32125736094 1.32125736094 1.32125736094 5.28502944378 5.28502944378 5.28502944378
112 2097152 441312.075 441312.075 441312.075 1.06446679031 1.06446679031 1.06446679031 4.25786716124 4.25786716124 4.25786716124
120 2097152 498561.144 498561.144 498561.144 1.00953811996 1.00953811996 1.00953811996 4.03815247985 4.03815247985 4.03815247985
128 2097152 330375.91 330375.91 330375.91 1.62503044487 1.62503044487 1.62503044487 6.50012177946 6.50012177946 6.50012177946
136 1048576 218092.918 218092.918 218092.918 1.30775760449 1.30775760449 1.30775760449 5.23103041796 5.23103041796 5.23103041796
144 1048576 249333.858 249333.858 249333.858 1.2111868417 1.2111868417 1.2111868417 4.8447473668 4.8447473668 4.8447473668
152 1048576 286378.145 286378.145 286378.145 1.11309857112 1.11309857112 1.11309857112 4.45239428449 4.45239428449 4.45239428449
160 1048576 206933.975 206933.975 206933.975 1.62150425033 1.62150425033 1.62150425033 6.48601700132 6.48601700132 6.48601700132
176 1048576 288779.02 288779.02 288779.02 1.27813562079 1.27813562079 1.27813562079 5.11254248318 5.11254248318 5.11254248318
192 1048576 247216.94 247216.94 247216.94 1.62874430854 1.62874430854 1.62874430854 6.51497723417 6.51497723417 6.51497723417
208 1048576 334679.127 334679.127 334679.127 1.30336068434 1.30336068434 1.30336068434 5.21344273735 5.21344273735 5.21344273735
224 1048576 294142.008 294142.008 294142.008 1.5970586833 1.5970586833 1.5970586833 6.3882347332 6.3882347332 6.3882347332
240 1048576 378523.111 378523.111 378523.111 1.32968493963 1.32968493963 1.32968493963 5.31873975853 5.31873975853 5.31873975853
264 524288 194960.833 194960.833 194960.833 1.41989577978 1.41989577978 1.41989577978 5.67958311914 5.67958311914 5.67958311914
288 524288 190699.816 190699.816 190699.816 1.58358772617 1.58358772617 1.58358772617 6.33435090467 6.33435090467 6.33435090467
312 524288 251891.136 251891.136 251891.136 1.29879803313 1.29879803313 1.29879803313 5.19519213253 5.19519213253 5.19519213253
336 524288 467999.935 467999.935 467999.935 0.752823899431 0.752823899431 0.752823899431 3.01129559772 3.01129559772 3.01129559772
368 524288 286483.049 286483.049 286483.049 1.34694171033 1.34694171033 1.34694171033 5.38776684131 5.38776684131 5.38776684131
400 524288 407051.086 407051.086 407051.086 1.03041218762 1.03041218762 1.03041218762 4.1216487505 4.1216487505 4.1216487505
440 524288 480688.81 480688.81 480688.81 0.959817308832 0.959817308832 0.959817308832 3.83926923533 3.83926923533 3.83926923533
480 524288 312564.135 312564.135 312564.135 1.61028225455 1.61028225455 1.61028225455 6.44112901821 6.44112901821 6.44112901821
528 262144 202246.904 202246.904 202246.904 1.36874314773 1.36874314773 1.36874314773 5.47497259093 5.47497259093 5.47497259093
576 262144 197114.944 197114.944 197114.944 1.53204968569 1.53204968569 1.53204968569 6.12819874276 6.12819874276 6.12819874276
632 262144 229241.133 229241.133 229241.133 1.44542129793 1.44542129793 1.44542129793 5.78168519172 5.78168519172 5.78168519172
688 262144 242314.816 242314.816 242314.816 1.4886012748 1.4886012748 1.4886012748 5.95440509919 5.95440509919 5.95440509919
752 262144 264406.919 264406.919 264406.919 1.49112805932 1.49112805932 1.49112805932 5.96451223729 5.96451223729 5.96451223729
824 262144 293367.147 293367.147 293367.147 1.47260290192 1.47260290192 1.47260290192 5.89041160768 5.89041160768 5.89041160768
904 262144 320295.811 320295.811 320295.811 1.47974570919 1.47974570919 1.47974570919 5.91898283678 5.91898283678 5.91898283678
992 262144 320705.175 320705.175 320705.175 1.62171906331 1.62171906331 1.62171906331 6.48687625324 6.48687625324 6.48687625324
1088 131072 178603.888 178603.888 178603.888 1.59690069009 1.59690069009 1.59690069009 6.38760276036 6.38760276036 6.38760276036
1192 131072 197363.138 197363.138 197363.138 1.58325232952 1.58325232952 1.58325232952 6.33300931808 6.33300931808 6.33300931808
1304 131072 224392.891 224392.891 224392.891 1.52338059587 1.52338059587 1.52338059587 6.09352238347 6.09352238347 6.09352238347
1432 131072 257175.922 257175.922 257175.922 1.4596631173 1.4596631173 1.4596631173 5.83865246918 5.83865246918 5.83865246918
1568 131072 278364.897 278364.897 278364.897 1.47662940417 1.47662940417 1.47662940417 5.9065176167 5.9065176167 5.9065176167
1720 131072 297377.11 297377.11 297377.11 1.51621515187 1.51621515187 1.51621515187 6.06486060746 6.06486060746 6.06486060746
1888 131072 312309.98 312309.98 312309.98 1.58473280937 1.58473280937 1.58473280937 6.33893123748 6.33893123748 6.33893123748
2072 65536 171563.864 171563.864 171563.864 1.58297427948 1.58297427948 1.58297427948 6.33189711792 6.33189711792 6.33189711792
2272 65536 195658.207 195658.207 195658.207 1.52201938557 1.52201938557 1.52201938557 6.08807754228 6.08807754228 6.08807754228
2496 65536 200942.993 200942.993 200942.993 1.62810211551 1.62810211551 1.62810211551 6.51240846204 6.51240846204 6.51240846204
2744 65536 229480.028 229480.028 229480.028 1.56728919346 1.56728919346 1.56728919346 6.26915677385 6.26915677385 6.26915677385
3016 65536 246446.133 246446.133 246446.133 1.60405500053 1.60405500053 1.60405500053 6.41622000212 6.41622000212 6.41622000212
3312 65536 271325.827 271325.827 271325.827 1.59995997727 1.59995997727 1.59995997727 6.39983990908 6.39983990908 6.39983990908
3640 65536 300745.01 300745.01 300745.01 1.58640065217 1.58640065217 1.58640065217 6.34560260867 6.34560260867 6.34560260867
4000 65536 327015.877 327015.877 327015.877 1.60324937373 1.60324937373 1.60324937373 6.41299749492 6.41299749492 6.41299749492
4400 32768 181023.121 181023.121 181023.121 1.59293684921 1.59293684921 1.59293684921 6.37174739684 6.37174739684 6.37174739684
4840 32768 198275.089 198275.089 198275.089 1.59976849134 1.59976849134 1.59976849134 6.39907396536 6.39907396536 6.39907396536
5320 32768 217966.08 217966.08 217966.08 1.59956778596 1.59956778596 1.59956778596 6.39827114384 6.39827114384 6.39827114384
5848 32768 241770.983 241770.983 241770.983 1.58519654941 1.58519654941 1.58519654941 6.34078619766 6.34078619766 6.34078619766
6432 32768 262200.832 262200.832 262200.832 1.60765146619 1.60765146619 1.60765146619 6.43060586474 6.43060586474 6.43060586474
7072 32768 290260.077 290260.077 290260.077 1.596742469 1.596742469 1.596742469 6.38696987598 6.38696987598 6.38696987598
7776 32768 317938.089 317938.089 317938.089 1.60285273653 1.60285273653 1.60285273653 6.41141094611 6.41141094611 6.41141094611
8552 16384 194383.144 194383.144 194383.144 1.44164730662 1.44164730662 1.44164730662 5.76658922648 5.76658922648 5.76658922648
9400 16384 194439.888 194439.888 194439.888 1.58413586414 1.58413586414 1.58413586414 6.33654345656 6.33654345656 6.33654345656
10336 16384 212216.854 212216.854 212216.854 1.59596206247 1.59596206247 1.59596206247 6.38384824987 6.38384824987 6.38384824987
11368 16384 233544.111 233544.111 233544.111 1.59501612952 1.59501612952 1.59501612952 6.38006451809 6.38006451809 6.38006451809
12504 16384 258479.834 258479.834 258479.834 1.58515682117 1.58515682117 1.58515682117 6.34062728468 6.34062728468 6.34062728468
13752 16384 277581.93 277581.93 277581.93 1.62339650856 1.62339650856 1.62339650856 6.49358603422 6.49358603422 6.49358603422
15120 16384 310789.108 310789.108 310789.108 1.59417478685 1.59417478685 1.59417478685 6.37669914738 6.37669914738 6.37669914738
16632 8192 169917.822 169917.822 169917.822 1.60370869161 1.60370869161 1.60370869161 6.41483476642 6.41483476642 6.41483476642
18288 8192 186959.028 186959.028 186959.028 1.60265377503 1.60265377503 1.60265377503 6.41061510012 6.41061510012 6.41061510012
20112 8192 207591.057 207591.057 207591.057 1.5873275697 1.5873275697 1.5873275697 6.34931027881 6.34931027881 6.34931027881
22120 8192 226515.055 226515.055 226515.055 1.59995581751 1.59995581751 1.59995581751 6.39982327003 6.39982327003 6.39982327003
24328 8192 250669.003 250669.003 250669.003 1.59010466882 1.59010466882 1.59010466882 6.3604186753 6.3604186753 6.3604186753
26760 8192 272537.947 272537.947 272537.947 1.60871484073 1.60871484073 1.60871484073 6.43485936291 6.43485936291 6.43485936291
29432 8192 302814.007 302814.007 302814.007 1.59244247906 1.59244247906 1.59244247906 6.36976991622 6.36976991622 6.36976991622
32368 8192 340158.939 340158.939 340158.939 1.55902800485 1.55902800485 1.55902800485 6.23611201939 6.23611201939 6.23611201939
35600 4096 190261.841 190261.841 190261.841 1.53280972405 1.53280972405 1.53280972405 6.13123889619 6.13123889619 6.13123889619
39160 4096 197955.132 197955.132 197955.132 1.6205627849 1.6205627849 1.6205627849 6.48225113962 6.48225113962 6.48225113962
43072 4096 218646.049 218646.049 218646.049 1.61377635504 1.61377635504 1.61377635504 6.45510542018 6.45510542018 6.45510542018
47376 4096 244604.111 244604.111 244604.111 1.58666258884 1.58666258884 1.58666258884 6.34665035536 6.34665035536 6.34665035536
52112 4096 265180.826 265180.826 265180.826 1.60985057042 1.60985057042 1.60985057042 6.43940228167 6.43940228167 6.43940228167
57320 4096 289627.075 289627.075 289627.075 1.62127604955 1.62127604955 1.62127604955 6.48510419822 6.48510419822 6.48510419822
63048 4096 321160.078 321160.078 321160.078 1.60819868776 1.60819868776 1.60819868776 6.43279475103 6.43279475103 6.43279475103
69352 2048 177289.963 177289.963 177289.963 1.60226663254 1.60226663254 1.60226663254 6.40906653018 6.40906653018 6.40906653018
76280 2048 198406.935 198406.935 198406.935 1.57475785814 1.57475785814 1.57475785814 6.29903143255 6.29903143255 6.29903143255
83904 2048 212459.803 212459.803 212459.803 1.61758026294 1.61758026294 1.61758026294 6.47032105174 6.47032105174 6.47032105174
92288 2048 236364.126 236364.126 236364.126 1.59927673627 1.59927673627 1.59927673627 6.39710694507 6.39710694507 6.39710694507
101512 2048 265429.02 265429.02 265429.02 1.56649469602 1.56649469602 1.56649469602 6.26597878408 6.26597878408 6.26597878408
111656 2048 285451.889 285451.889 285451.889 1.60217183219 1.60217183219 1.60217183219 6.40868732874 6.40868732874 6.40868732874
122816 2048 309908.867 309908.867 309908.867 1.62323311646 1.62323311646 1.62323311646 6.49293246585 6.49293246585 6.49293246585
135096 1024 175768.137 175768.137 175768.137 1.5740999064 1.5740999064 1.5740999064 6.2963996256 6.2963996256 6.2963996256
148600 1024 191090.107 191090.107 191090.107 1.59261410639 1.59261410639 1.59261410639 6.37045642556 6.37045642556 6.37045642556
163456 1024 207247.972 207247.972 207247.972 1.615252901 1.615252901 1.615252901 6.46101160401 6.46101160401 6.46101160401
179800 1024 240884.066 240884.066 240884.066 1.52866234 1.52866234 1.52866234 6.11464936 6.11464936 6.11464936
197776 1024 247275.114 247275.114 247275.114 1.63803482464 1.63803482464 1.63803482464 6.55213929858 6.55213929858 6.55213929858
217552 1024 253261.089 253261.089 253261.089 1.75923785908 1.75923785908 1.75923785908 7.03695143631 7.03695143631 7.03695143631
239304 1024 101712.942 101712.942 101712.942 4.8184093623 4.8184093623 4.8184093623 19.2736374492 19.2736374492 19.2736374492
263232 512 58165.073 58165.073 58165.073 4.63421696385 4.63421696385 4.63421696385 18.5368678554 18.5368678554 18.5368678554
289552 512 61089.993 61089.993 61089.993 4.85351582869 4.85351582869 4.85351582869 19.4140633148 19.4140633148 19.4140633148
318504 512 64184.904 64184.904 64184.904 5.08138324862 5.08138324862 5.08138324862 20.3255329945 20.3255329945 20.3255329945
350352 512 69467.068 69467.068 69467.068 5.16446797495 5.16446797495 5.16446797495 20.6578718998 20.6578718998 20.6578718998
385384 512 75648.069 75648.069 75648.069 5.21669913346 5.21669913346 5.21669913346 20.8667965338 20.8667965338 20.8667965338
423920 512 95572.948 95572.948 95572.948 4.54201831255 4.54201831255 4.54201831255 18.1680732502 18.1680732502 18.1680732502
466312 512 97583.055 97583.055 97583.055 4.89330333017 4.89330333017 4.89330333017 19.5732133207 19.5732133207 19.5732133207
512936 512 116095.066 116095.066 116095.066 4.52427895601 4.52427895601 4.52427895601 18.097115824 18.097115824 18.097115824
564224 256 58937.073 58937.073 58937.073 4.90154453378 4.90154453378 4.90154453378 19.6061781351 19.6061781351 19.6061781351
620640 256 61429.024 61429.024 61429.024 5.17292412134 5.17292412134 5.17292412134 20.6916964854 20.6916964854 20.6916964854
682704 256 68214.893 68214.893 68214.893 5.12416618465 5.12416618465 5.12416618465 20.4966647386 20.4966647386 20.4966647386
750968 256 77707.052 77707.052 77707.052 4.9480144479 4.9480144479 4.9480144479 19.7920577916 19.7920577916 19.7920577916
826064 256 95960.855 95960.855 95960.855 4.40747185923 4.40747185923 4.40747185923 17.6298874369 17.6298874369 17.6298874369
908664 256 94711.065 94711.065 94711.065 4.91216066465 4.91216066465 4.91216066465 19.6486426586 19.6486426586 19.6486426586
999528 256 104094.982 104094.982 104094.982 4.91626326426 4.91626326426 4.91626326426 19.665053057 19.665053057 19.665053057
1099480 128 55696.964 55696.964 55696.964 5.05354079982 5.05354079982 5.05354079982 20.2141631993 20.2141631993 20.2141631993
1209424 128 60584.068 60584.068 60584.068 5.11046145003 5.11046145003 5.11046145003 20.4418458001 20.4418458001 20.4418458001
1330360 128 66346.884 66346.884 66346.884 5.13320504999 5.13320504999 5.13320504999 20.5328202 20.5328202 20.5328202
1463392 128 73506.832 73506.832 73506.832 5.09651064815 5.09651064815 5.09651064815 20.3860425926 20.3860425926 20.3860425926
1609728 128 79908.848 79908.848 79908.848 5.15700549206 5.15700549206 5.15700549206 20.6280219682 20.6280219682 20.6280219682
1770696 128 103593.111 103593.111 103593.111 4.37575599018 4.37575599018 4.37575599018 17.5030239607 17.5030239607 17.5030239607
1947760 128 99766.016 99766.016 99766.016 4.99796002679 4.99796002679 4.99796002679 19.9918401072 19.9918401072 19.9918401072
2142536 64 54119.11 54119.11 54119.11 5.06742642294 5.06742642294 5.06742642294 20.2697056918 20.2697056918 20.2697056918
2356784 64 58743.954 58743.954 58743.954 5.1353089375 5.1353089375 5.1353089375 20.54123575 20.54123575 20.54123575
2592456 64 67541.838 67541.838 67541.838 4.91301951244 4.91301951244 4.91301951244 19.6520780498 19.6520780498 19.6520780498
2851696 64 71467.876 71467.876 71467.876 5.1074287978 5.1074287978 5.1074287978 20.4297151912 20.4297151912 20.4297151912
3136864 64 80595.016 80595.016 80595.016 4.9819283118 4.9819283118 4.9819283118 19.9277132472 19.9277132472 19.9277132472
3450544 64 100056.171 100056.171 100056.171 4.41421681028 4.41421681028 4.41421681028 17.6568672411 17.6568672411 17.6568672411
3795592 64 100933.075 100933.075 100933.075 4.81344471077 4.81344471077 4.81344471077 19.2537788431 19.2537788431 19.2537788431
4175144 64 111742.973 111742.973 111742.973 4.78256858263 4.78256858263 4.78256858263 19.1302743305 19.1302743305 19.1302743305
4592656 32 58967.829 58967.829 58967.829 4.98458208458 4.98458208458 4.98458208458 19.9383283383 19.9383283383 19.9383283383
5051920 32 65109.968 65109.968 65109.968 4.96579694218 4.96579694218 4.96579694218 19.8631877687 19.8631877687 19.8631877687
5557112 32 70727.11 70727.11 70727.11 5.02855507598 5.02855507598 5.02855507598 20.1142203039 20.1142203039 20.1142203039
6112816 32 78317.881 78317.881 78317.881 4.99528612119 4.99528612119 4.99528612119 19.9811444847 19.9811444847 19.9811444847
6724096 32 87615.013 87615.013 87615.013 4.91173977227 4.91173977227 4.91173977227 19.6469590891 19.6469590891 19.6469590891
7396504 32 98398.924 98398.924 98398.924 4.8107869147 4.8107869147 4.8107869147 19.2431476588 19.2431476588 19.2431476588
8136152 32 108798.027 108798.027 108798.027 4.78605855601 4.78605855601 4.78605855601 19.144234224 19.144234224 19.144234224
8949760 16 58777.094 58777.094 58777.094 4.87251581373 4.87251581373 4.87251581373 19.4900632549 19.4900632549 19.4900632549
9844736 16 64136.028 64136.028 64136.028 4.91192800402 4.91192800402 4.91192800402 19.6477120161 19.6477120161 19.6477120161
10829208 16 68596.84 68596.84 68596.84 5.05175830257 5.05175830257 5.05175830257 20.2070332103 20.2070332103 20.2070332103
11912128 16 76678.991 76678.991 76678.991 4.97121950914 4.97121950914 4.97121950914 19.8848780365 19.8848780365 19.8848780365
13103336 16 86426.02 86426.02 86426.02 4.85162630421 4.85162630421 4.85162630421 19.4065052168 19.4065052168 19.4065052168
14413664 16 94569.921 94569.921 94569.921 4.87720876916 4.87720876916 4.87720876916 19.5088350766 19.5088350766 19.5088350766
15855024 16 101024.866 101024.866 101024.866 5.02213750029 5.02213750029 5.02213750029 20.0885500011 20.0885500011 20.0885500011
17440520 8 59011.936 59011.936 59011.936 4.72867590719 4.72867590719 4.72867590719 18.9147036288 18.9147036288 18.9147036288
19184568 8 61081.886 61081.886 61081.886 5.02527194396 5.02527194396 5.02527194396 20.1010877758 20.1010877758 20.1010877758
21103024 8 73153.973 73153.973 73153.973 4.61558504827 4.61558504827 4.61558504827 18.4623401931 18.4623401931 18.4623401931
23213320 8 74922.085 74922.085 74922.085 4.95732493296 4.95732493296 4.95732493296 19.8292997318 19.8292997318 19.8292997318
25534648 8 82940.817 82940.817 82940.817 4.92585415454 4.92585415454 4.92585415454 19.7034166181 19.7034166181 19.7034166181
28088112 8 93177.08 93177.08 93177.08 4.82317960597 4.82317960597 4.82317960597 19.2927184239 19.2927184239 19.2927184239
30896920 8 97880.84 97880.84 97880.84 5.0505361417 5.0505361417 5.0505361417 20.2021445668 20.2021445668 20.2021445668
33986608 4 56949.854 56949.854 56949.854 4.77425041335 4.77425041335 4.77425041335 19.0970016534 19.0970016534 19.0970016534
37385264 4 59358.835 59358.835 59358.835 5.03854416954 5.03854416954 5.03854416954 20.1541766782 20.1541766782 20.1541766782
41123784 4 70590.973 70590.973 70590.973 4.66051476582 4.66051476582 4.66051476582 18.6420590633 18.6420590633 18.6420590633
45236160 4 71002.007 71002.007 71002.007 5.09688803586 5.09688803586 5.09688803586 20.3875521434 20.3875521434 20.3875521434
49759776 4 80425.024 80425.024 80425.024 4.94968093513 4.94968093513 4.94968093513 19.7987237405 19.7987237405 19.7987237405
54735752 4 89242.935 89242.935 89242.935 4.90667430425 4.90667430425 4.90667430425 19.626697217 19.626697217 19.626697217
60209320 4 98690.987 98690.987 98690.987 4.88063373001 4.88063373001 4.88063373001 19.52253492 19.52253492 19.52253492
66230248 4 105321.884 105321.884 105321.884 5.03069223486 5.03069223486 5.03069223486 20.1227689395 20.1227689395 20.1227689395
72853272 2 56851.149 56851.149 56851.149 5.12589618901 5.12589618901 5.12589618901 20.503584756 20.503584756 20.503584756
80138592 2 63230.038 63230.038 63230.038 5.06965325563 5.06965325563 5.06965325563 20.2786130225 20.2786130225 20.2786130225
88152448 2 72501.898 72501.898 72501.898 4.86345601601 4.86345601601 4.86345601601 19.453824064 19.453824064 19.453824064
96967688 2 78446.15 78446.15 78446.15 4.94442049737 4.94442049737 4.94442049737 19.7776819895 19.7776819895 19.7776819895
106664456 2 86508.989 86508.989 86508.989 4.9319478696 4.9319478696 4.9319478696 19.7277914784 19.7277914784 19.7277914784
117330896 2 93297.958 93297.958 93297.958 5.03037359081 5.03037359081 5.03037359081 20.1214943633 20.1214943633 20.1214943633
129063984 2 101402.044 101402.044 101402.044 5.0911787932 5.0911787932 5.0911787932 20.3647151728 20.3647151728 20.3647151728
141970376 1 55355.072 55355.072 55355.072 5.12944418174 5.12944418174 5.12944418174 20.5177767269 20.5177767269 20.5177767269
156167408 1 61033.01 61033.01 61033.01 5.117473577 5.117473577 5.117473577 20.469894308 20.469894308 20.469894308
171784144 1 67692.041 67692.041 67692.041 5.07546061434 5.07546061434 5.07546061434 20.3018424574 20.3018424574 20.3018424574
188962552 1 74134.827 74134.827 74134.827 5.09780786296 5.09780786296 5.09780786296 20.3912314519 20.3912314519 20.3912314519
207858800 1 83039.999 83039.999 83039.999 5.00623320094 5.00623320094 5.00623320094 20.0249328038 20.0249328038 20.0249328038
228644680 1 90868.95 90868.95 90868.95 5.03240501844 5.03240501844 5.03240501844 20.1296200737 20.1296200737 20.1296200737
251509144 1 102314.949 102314.949 102314.949 4.91637138968 4.91637138968 4.91637138968 19.6654855587 19.6654855587 19.6654855587

META_DATA
ERT_VERSION  1.1.0
UNAME  ('Linux', '5a481ab6924f', '5.4.72-microsoft-standard-WSL2', '#1 SMP Wed Oct 28 23:40:43 UTC 2020', 'x86_64', 'x86_64')
HOSTNAME  ('5a481ab6924f', [], ['172.17.0.4'])
OPENMP_THREADS 1
TIMESTAMP_DATA  1620609679.3
FLOPS          64
CONFIG  {'ERT_WORKING_SET_MIN': ['1'], 'ERT_CFLAGS': ['-Ofast', '-march=native'], 'ERT_CC': ['cc'], 'ERT_MPI_CFLAGS': [], 'ERT_MPI_LDFLAGS': [], 'ERT_MEMORY_MAX': ['268435456', '#', '256MB'], 'ERT_LDFLAGS': [], 'ERT_LDLIBS': [], 'ERT_RUN': ['export', 'OMP_NUM_THREADS=ERT_OPENMP_THREADS', ';', './ERT_CODE'], 'ERT_FLOPS': ['1,4,16,64'], 'ERT_OPENMP_CFLAGS': ['-fopenmp'], 'ERT_MPI': ['False'], 'ERT_TRIALS_MIN': ['1'], 'ERT_DRIVER': ['driver1'], 'ERT_RESULTS': ['OpenMP_2'], 'ERT_OPENMP': ['True'], 'ERT_OPENMP_THREADS': ['1,2'], 'ERT_KERNEL': ['kernel1'], 'ERT_GPU': [False], 'ERT_LD': ['cc'], 'ERT_NUM_EXPERIMENTS': ['1'], 'ERT_OPENMP_LDFLAGS': ['-fopenmp'], 'ERT_ALIGN': ['64'], 'ERT_GNUPLOT': ['gnuplot']}
