32 33554432 231867.075 231867.075 231867.075 9.26170155034 9.26170155034 9.26170155034 4.63085077517 4.63085077517 4.63085077517
64 16777216 115460.157 115460.157 115460.157 18.5993480677 18.5993480677 18.5993480677 9.29967403387 9.29967403387 9.29967403387
96 8388608 58010.817 58010.817 58010.817 27.7640071161 27.7640071161 27.7640071161 13.8820035581 13.8820035581 13.8820035581
128 8388608 60312.986 60312.986 60312.986 35.6056595838 35.6056595838 35.6056595838 17.8028297919 17.8028297919 17.8028297919
160 4194304 30632.019 30632.019 30632.019 43.816154593 43.816154593 43.816154593 21.9080772965 21.9080772965 21.9080772965
192 4194304 30820.847 30820.847 30820.847 52.2572509445 52.2572509445 52.2572509445 26.1286254722 26.1286254722 26.1286254722
224 4194304 30753.851 30753.851 30753.851 61.09960642 61.09960642 61.09960642 30.54980321 30.54980321 30.54980321
256 4194304 31062.126 31062.126 31062.126 69.1351148341 69.1351148341 69.1351148341 34.567557417 34.567557417 34.567557417
288 2097152 16158.819 16158.819 16158.819 74.7554355303 74.7554355303 74.7554355303 37.3777177651 37.3777177651 37.3777177651
320 2097152 15803.814 15803.814 15803.814 84.9274282778 84.9274282778 84.9274282778 42.4637141389 42.4637141389 42.4637141389
352 2097152 16577.005 16577.005 16577.005 89.0628317962 89.0628317962 89.0628317962 44.5314158981 44.5314158981 44.5314158981
384 2097152 16224.146 16224.146 16224.146 99.2725741004 99.2725741004 99.2725741004 49.6362870502 49.6362870502 49.6362870502
416 2097152 16362.906 16362.906 16362.906 106.633287755 106.633287755 106.633287755 53.3166438773 53.3166438773 53.3166438773
448 2097152 16453.981 16453.981 16453.981 114.20021647 114.20021647 114.20021647 57.1001082352 57.1001082352 57.1001082352
480 2097152 17863.035 17863.035 17863.035 112.705703146 112.705703146 112.705703146 56.3528515731 56.3528515731 56.3528515731
512 2097152 16004.086 16004.086 16004.086 134.183460899 134.183460899 134.183460899 67.0917304493 67.0917304493 67.0917304493
544 1048576 8269.072 8269.072 8269.072 137.965987961 137.965987961 137.965987961 68.9829939805 68.9829939805 68.9829939805
576 1048576 9099.007 9099.007 9099.007 132.757294505 132.757294505 132.757294505 66.3786472524 66.3786472524 66.3786472524
608 1048576 8350.134 8350.134 8350.134 152.700353791 152.700353791 152.700353791 76.3501768954 76.3501768954 76.3501768954
640 1048576 8228.064 8228.064 8228.064 163.121881405 163.121881405 163.121881405 81.5609407025 81.5609407025 81.5609407025
704 1048576 10204.077 10204.077 10204.077 144.686776472 144.686776472 144.686776472 72.3433882359 72.3433882359 72.3433882359
768 1048576 8502.96 8502.96 8502.96 189.4178893 189.4178893 189.4178893 94.7089446499 94.7089446499 94.7089446499
832 1048576 10798.216 10798.216 10798.216 161.585067756 161.585067756 161.585067756 80.7925338778 80.7925338778 80.7925338778
896 1048576 9682.894 9682.894 9682.894 194.058531675 194.058531675 194.058531675 97.0292658373 97.0292658373 97.0292658373
960 1048576 11615.992 11615.992 11615.992 173.318466473 173.318466473 173.318466473 86.6592332364 86.6592332364 86.6592332364
1056 524288 6164.074 6164.074 6164.074 179.637080282 179.637080282 179.637080282 89.8185401408 89.8185401408 89.8185401408
1152 524288 5730.152 5730.152 5730.152 210.807593237 210.807593237 210.807593237 105.403796618 105.403796618 105.403796618
1248 524288 5303.144 5303.144 5303.144 246.763589297 246.763589297 246.763589297 123.381794649 123.381794649 123.381794649
1344 524288 6577.015 6577.015 6577.015 214.274430574 214.274430574 214.274430574 107.137215287 107.137215287 107.137215287
1472 524288 5401.85 5401.85 5401.85 285.736159279 285.736159279 285.736159279 142.868079639 142.868079639 142.868079639
1600 524288 5347.013 5347.013 5347.013 313.768004678 313.768004678 313.768004678 156.884002339 156.884002339 156.884002339
1760 524288 7931.948 7931.948 7931.948 232.665892414 232.665892414 232.665892414 116.332946207 116.332946207 116.332946207
1920 524288 9819.031 9819.031 9819.031 205.037128409 205.037128409 205.037128409 102.518564205 102.518564205 102.518564205
2112 262144 5800.009 5800.009 5800.009 190.912851342 190.912851342 190.912851342 95.4564256711 95.4564256711 95.4564256711
2304 262144 5846.977 5846.977 5846.977 206.59557101 206.59557101 206.59557101 103.297785505 103.297785505 103.297785505
2528 262144 3520.966 3520.966 3520.966 376.430804501 376.430804501 376.430804501 188.21540225 188.21540225 188.21540225
2752 262144 3710.985 3710.985 3710.985 388.80258907 388.80258907 388.80258907 194.401294535 194.401294535 194.401294535
3008 262144 7838.011 7838.011 7838.011 201.206441787 201.206441787 201.206441787 100.603220894 100.603220894 100.603220894
3296 262144 9376.049 9376.049 9376.049 184.305057279 184.305057279 184.305057279 92.1525286397 92.1525286397 92.1525286397
3616 262144 9381.056 9381.056 9381.056 202.090831565 202.090831565 202.090831565 101.045415783 101.045415783 101.045415783
3968 262144 8520.842 8520.842 8520.842 244.151315562 244.151315562 244.151315562 122.075657781 122.075657781 122.075657781
4352 131072 5499.125 5499.125 5499.125 207.460402882 207.460402882 207.460402882 103.730201441 103.730201441 103.730201441
4768 131072 5940.199 5940.199 5940.199 210.414262552 210.414262552 210.414262552 105.207131276 105.207131276 105.207131276
5216 131072 4832.029 4832.029 4832.029 282.974937443 282.974937443 282.974937443 141.487468722 141.487468722 141.487468722
5728 131072 7000.208 7000.208 7000.208 214.502316503 214.502316503 214.502316503 107.251158251 107.251158251 107.251158251
6272 131072 7677.078 7677.078 7677.078 214.165750042 214.165750042 214.165750042 107.082875021 107.082875021 107.082875021
6880 131072 8590.937 8590.937 8590.937 209.936438831 209.936438831 209.936438831 104.968219415 104.968219415 104.968219415
7552 131072 8388.042 8388.042 8388.042 236.015924575 236.015924575 236.015924575 118.007962287 118.007962287 118.007962287
8288 65536 2711.058 2711.058 2711.058 400.70139997 400.70139997 400.70139997 200.350699985 200.350699985 200.350699985
9088 65536 5435.944 5435.944 5435.944 219.130722465 219.130722465 219.130722465 109.565361233 109.565361233 109.565361233
9984 65536 3036.022 3036.022 3036.022 431.032070255 431.032070255 431.032070255 215.516035128 215.516035128 215.516035128
10976 65536 6594.896 6594.896 6594.896 218.145406994 218.145406994 218.145406994 109.072703497 109.072703497 109.072703497
12064 65536 6983.995 6983.995 6983.995 226.41090207 226.41090207 226.41090207 113.205451035 113.205451035 113.205451035
13248 65536 3880.024 3880.024 3880.024 447.533792574 447.533792574 447.533792574 223.766896287 223.766896287 223.766896287
14560 65536 8744.955 8744.955 8744.955 218.229632971 218.229632971 218.229632971 109.114816486 109.114816486 109.114816486
16000 65536 6187.201 6187.201 6187.201 338.950035727 338.950035727 338.950035727 169.475017863 169.475017863 169.475017863
17600 32768 5277.872 5277.872 5277.872 218.541412145 218.541412145 218.541412145 109.270706072 109.270706072 109.270706072
19360 32768 5634.069 5634.069 5634.069 225.197270392 225.197270392 225.197270392 112.598635196 112.598635196 112.598635196
21280 32768 7261.038 7261.038 7261.038 192.067040553 192.067040553 192.067040553 96.0335202763 96.0335202763 96.0335202763
23392 32768 6536.007 6536.007 6536.007 234.549643536 234.549643536 234.549643536 117.274821768 117.274821768 117.274821768
25728 32768 5561.113 5561.113 5561.113 303.196537815 303.196537815 303.196537815 151.598268908 151.598268908 151.598268908
28288 32768 7529.02 7529.02 7529.02 246.231563736 246.231563736 246.231563736 123.115781868 123.115781868 123.115781868
31104 32768 8811.951 8811.951 8811.951 231.325814681 231.325814681 231.325814681 115.66290734 115.66290734 115.66290734
34208 16384 4798.889 4798.889 4798.889 233.580677528 233.580677528 233.580677528 116.790338764 116.790338764 116.790338764
37600 16384 5305.052 5305.052 5305.052 232.24594217 232.24594217 232.24594217 116.122971085 116.122971085 116.122971085
41344 16384 4945.993 4945.993 4945.993 273.91065697 273.91065697 273.91065697 136.955328485 136.955328485 136.955328485
45472 16384 5145.073 5145.073 5145.073 289.602595726 289.602595726 289.602595726 144.801297863 144.801297863 144.801297863
50016 16384 4585.981 4585.981 4585.981 357.377034052 357.377034052 357.377034052 178.688517026 178.688517026 178.688517026
55008 16384 7889.986 7889.986 7889.986 228.454416015 228.454416015 228.454416015 114.227208008 114.227208008 114.227208008
60480 16384 8571.148 8571.148 8571.148 231.218576555 231.218576555 231.218576555 115.609288277 115.609288277 115.609288277
66528 8192 2575.159 2575.159 2575.159 423.272796748 423.272796748 423.272796748 211.636398374 211.636398374 211.636398374
73152 8192 3532.171 3532.171 3532.171 339.316065955 339.316065955 339.316065955 169.658032977 169.658032977 169.658032977
80448 8192 4601.002 4601.002 4601.002 286.472388406 286.472388406 286.472388406 143.236194203 143.236194203 143.236194203
88480 8192 7025.003 7025.003 7025.003 206.356683406 206.356683406 206.356683406 103.178341703 103.178341703 103.178341703
97312 8192 4309.893 4309.893 4309.893 369.930253025 369.930253025 369.930253025 184.965126512 184.965126512 184.965126512
107040 8192 4683.971 4683.971 4683.971 374.413795474 374.413795474 374.413795474 187.206897737 187.206897737 187.206897737
117728 8192 6159.067 6159.067 6159.067 313.173334857 313.173334857 313.173334857 156.586667429 156.586667429 156.586667429
129472 8192 9691.0 9691.0 9691.0 218.890645754 218.890645754 218.890645754 109.445322877 109.445322877 109.445322877
142400 4096 5855.799 5855.799 5855.799 199.211209265 199.211209265 199.211209265 99.6056046323 99.6056046323 99.6056046323
156640 4096 6289.959 6289.959 6289.959 204.006875085 204.006875085 204.006875085 102.003437542 102.003437542 102.003437542
172288 4096 6964.922 6964.922 6964.922 202.641651407 202.641651407 202.641651407 101.320825703 101.320825703 101.320825703
189504 4096 5048.037 5048.037 5048.037 307.528801393 307.528801393 307.528801393 153.764400697 153.764400697 153.764400697
208448 4096 6179.094 6179.094 6179.094 276.352166839 276.352166839 276.352166839 138.176083419 138.176083419 138.176083419
229280 4096 9159.088 9159.088 9159.088 205.070828013 205.070828013 205.070828013 102.535414006 102.535414006 102.535414006
252192 4096 7026.911 7026.911 7026.911 294.006408221 294.006408221 294.006408221 147.003204111 147.003204111 147.003204111
277408 2048 5047.083 5047.083 5047.083 225.132649493 225.132649493 225.132649493 112.566324746 112.566324746 112.566324746
305120 2048 5869.865 5869.865 5869.865 212.913162398 212.913162398 212.913162398 106.456581199 106.456581199 106.456581199
335616 2048 6531.954 6531.954 6531.954 210.455115881 210.455115881 210.455115881 105.227557941 105.227557941 105.227557941
369152 2048 7238.15 7238.15 7238.15 208.899593404 208.899593404 208.899593404 104.449796702 104.449796702 104.449796702
406048 2048 8597.136 8597.136 8597.136 193.456589264 193.456589264 193.456589264 96.7282946321 96.7282946321 96.7282946321
446624 2048 9257.793 9257.793 9257.793 197.603457325 197.603457325 197.603457325 98.8017286625 98.8017286625 98.8017286625
491264 2048 10121.107 10121.107 10121.107 198.813958196 198.813958196 198.813958196 99.4069790982 99.4069790982 99.4069790982
540384 1024 5356.789 5356.789 5356.789 206.598847183 206.598847183 206.598847183 103.299423591 103.299423591 103.299423591
594400 1024 4075.05 4075.05 4075.05 298.727917449 298.727917449 298.727917449 149.363958724 149.363958724 149.363958724
653824 1024 5458.832 5458.832 5458.832 245.296347644 245.296347644 245.296347644 122.648173822 122.648173822 122.648173822
719200 1024 5541.086 5541.086 5541.086 265.818216862 265.818216862 265.818216862 132.909108431 132.909108431 132.909108431
791104 1024 6956.1 6956.1 6956.1 232.91513808 232.91513808 232.91513808 116.45756904 116.45756904 116.45756904
870208 1024 5644.083 5644.083 5644.083 315.761831284 315.761831284 315.761831284 157.880915642 157.880915642 157.880915642
957216 1024 9114.981 9114.981 9114.981 215.072128839 215.072128839 215.072128839 107.53606442 107.53606442 107.53606442
1052928 512 3216.028 3216.028 3216.028 335.257737806 335.257737806 335.257737806 167.628868903 167.628868903 167.628868903
1158208 512 5977.869 5977.869 5977.869 198.399294464 198.399294464 198.399294464 99.1996472321 99.1996472321 99.1996472321
1274016 512 6704.092 6704.092 6704.092 194.596432149 194.596432149 194.596432149 97.2982160746 97.2982160746 97.2982160746
1401408 512 4415.035 4415.035 4415.035 325.035201759 325.035201759 325.035201759 162.51760088 162.51760088 162.51760088
1541536 512 6834.03 6834.03 6834.03 230.981260545 230.981260545 230.981260545 115.490630272 115.490630272 115.490630272
1695680 512 9109.02 9109.02 9109.02 190.621638771 190.621638771 190.621638771 95.3108193856 95.3108193856 95.3108193856
1865248 512 7138.014 7138.014 7138.014 267.583385519 267.583385519 267.583385519 133.791692759 133.791692759 133.791692759
2051744 512 7143.974 7143.974 7143.974 294.092035609 294.092035609 294.092035609 147.046017805 147.046017805 147.046017805
2256896 256 5064.964 5064.964 5064.964 228.141947702 228.141947702 228.141947702 114.070973851 114.070973851 114.070973851
2482560 256 6586.075 6586.075 6586.075 192.993660109 192.993660109 192.993660109 96.4968300543 96.4968300543 96.4968300543
2730816 256 6907.94 6907.94 6907.94 202.401554154 202.401554154 202.401554154 101.200777077 101.200777077 101.200777077
3003872 256 4983.902 4983.902 4983.902 308.590029258 308.590029258 308.590029258 154.295014629 154.295014629 154.295014629
3304256 256 9305.0 9305.0 9305.0 181.813978721 181.813978721 181.813978721 90.9069893606 90.9069893606 90.9069893606
3634656 256 9908.915 9908.915 9908.915 187.805009126 187.805009126 187.805009126 93.9025045628 93.9025045628 93.9025045628
3998112 256 10688.066 10688.066 10688.066 191.525140657 191.525140657 191.525140657 95.7625703284 95.7625703284 95.7625703284
4397920 128 7221.937 7221.937 7221.937 155.895505596 155.895505596 155.895505596 77.9477527982 77.9477527982 77.9477527982
4837696 128 9023.905 9023.905 9023.905 137.24104764 137.24104764 137.24104764 68.6205238198 68.6205238198 68.6205238198
5321440 128 13648.987 13648.987 13648.987 99.8087726217 99.8087726217 99.8087726217 49.9043863109 49.9043863109 49.9043863109
5853568 128 11086.941 11086.941 11086.941 135.160222103 135.160222103 135.160222103 67.5801110514 67.5801110514 67.5801110514
6438912 128 18636.942 18636.942 18636.942 88.4459195076 88.4459195076 88.4459195076 44.2229597538 44.2229597538 44.2229597538
7082784 128 25564.909 25564.909 25564.909 70.9250599719 70.9250599719 70.9250599719 35.4625299859 35.4625299859 35.4625299859
7791040 128 45605.898 45605.898 45605.898 43.7335153449 43.7335153449 43.7335153449 21.8667576724 21.8667576724 21.8667576724
8570144 64 32341.957 32341.957 32341.957 33.9181216523 33.9181216523 33.9181216523 16.9590608262 16.9590608262 16.9590608262
9427136 64 44769.049 44769.049 44769.049 26.9532955234 26.9532955234 26.9532955234 13.4766477617 13.4766477617 13.4766477617
10369824 64 51922.083 51922.083 51922.083 25.56402585 25.56402585 25.56402585 12.782012925 12.782012925 12.782012925
11406784 64 69766.045 69766.045 69766.045 20.9280653934 20.9280653934 20.9280653934 10.4640326967 10.4640326967 10.4640326967
12547456 64 48006.058 48006.058 48006.058 33.4556602835 33.4556602835 33.4556602835 16.7278301418 16.7278301418 16.7278301418
13802176 64 70389.032 70389.032 70389.032 25.0987757297 25.0987757297 25.0987757297 12.5493878649 12.5493878649 12.5493878649
15182368 64 47465.086 47465.086 47465.086 40.9425804896 40.9425804896 40.9425804896 20.4712902448 20.4712902448 20.4712902448
16700576 64 78480.959 78480.959 78480.959 27.2381193507 27.2381193507 27.2381193507 13.6190596754 13.6190596754 13.6190596754
18370624 32 44790.983 44790.983 44790.983 26.249031775 26.249031775 26.249031775 13.1245158875 13.1245158875 13.1245158875
20207680 32 51522.97 51522.97 51522.97 25.1012610492 25.1012610492 25.1012610492 12.5506305246 12.5506305246 12.5506305246
22228448 32 56736.946 56736.946 56736.946 25.0739733506 25.0739733506 25.0739733506 12.5369866753 12.5369866753 12.5369866753
24451264 32 66367.149 66367.149 66367.149 23.5791490154 23.5791490154 23.5791490154 11.7895745077 11.7895745077 11.7895745077
26896384 32 87121.01 87121.01 87121.01 19.7583634074 19.7583634074 19.7583634074 9.8791817037 9.8791817037 9.8791817037
29586016 32 96500.874 96500.874 96500.874 19.6216360072 19.6216360072 19.6216360072 9.81081800358 9.81081800358 9.81081800358
32544608 32 106000.185 106000.185 106000.185 19.6495403475 19.6495403475 19.6495403475 9.82477017375 9.82477017375 9.82477017375
35799040 16 58910.131 58910.131 58910.131 19.446048762 19.446048762 19.446048762 9.72302438098 9.72302438098 9.72302438098
39378944 16 61393.023 61393.023 61393.023 20.5255605022 20.5255605022 20.5255605022 10.2627802511 10.2627802511 10.2627802511
43316832 16 70424.795 70424.795 70424.795 19.6825368679 19.6825368679 19.6825368679 9.84126843394 9.84126843394 9.84126843394
47648512 16 76160.192 76160.192 76160.192 20.0203327219 20.0203327219 20.0203327219 10.0101663609 10.0101663609 10.0101663609
52413344 16 86009.979 86009.979 86009.979 19.5003769039 19.5003769039 19.5003769039 9.75018845197 9.75018845197 9.75018845197
57654656 16 92075.109 92075.109 92075.109 20.037434786 20.037434786 20.037434786 10.018717393 10.018717393 10.018717393
63420096 16 102507.114 102507.114 102507.114 19.7980705222 19.7980705222 19.7980705222 9.8990352611 9.8990352611 9.8990352611
69762080 8 55829.048 55829.048 55829.048 19.9930559446 19.9930559446 19.9930559446 9.99652797232 9.99652797232 9.99652797232
76738272 8 62470.913 62470.913 62470.913 19.6541445136 19.6541445136 19.6541445136 9.82707225681 9.82707225681 9.82707225681
84412096 8 71867.228 71867.228 71867.228 18.7928987048 18.7928987048 18.7928987048 9.39644935241 9.39644935241 9.39644935241
92853280 8 73208.094 73208.094 73208.094 20.2935549722 20.2935549722 20.2935549722 10.1467774861 10.1467774861 10.1467774861
102138592 8 81655.025 81655.025 81655.025 20.0136791581 20.0136791581 20.0136791581 10.0068395791 10.0068395791 10.0068395791
112352448 8 89265.108 89265.108 89265.108 20.1382063863 20.1382063863 20.1382063863 10.0691031932 10.0691031932 10.0691031932
123587680 8 97170.115 97170.115 97170.115 20.349907788 20.349907788 20.349907788 10.174953894 10.174953894 10.174953894
135946432 4 54563.999 54563.999 54563.999 19.9320335007 19.9320335007 19.9320335007 9.96601675035 9.96601675035 9.96601675035
149541056 4 60468.197 60468.197 60468.197 19.7844240006 19.7844240006 19.7844240006 9.8922120003 9.8922120003 9.8922120003
164495136 4 66344.023 66344.023 66344.023 19.8354128751 19.8354128751 19.8354128751 9.91770643755 9.91770643755 9.91770643755
180944640 4 75200.081 75200.081 75200.081 19.2494090532 19.2494090532 19.2494090532 9.62470452658 9.62470452658 9.62470452658
199039104 4 80811.977 80811.977 80811.977 19.703921264 19.703921264 19.703921264 9.85196063202 9.85196063202 9.85196063202
218943008 4 90551.138 90551.138 90551.138 19.3431480011 19.3431480011 19.3431480011 9.67157400054 9.67157400054 9.67157400054
240837280 4 112911.94 112911.94 112911.94 17.0637245273 17.0637245273 17.0637245273 8.53186226364 8.53186226364 8.53186226364
264920992 4 119487.047 119487.047 119487.047 17.7372191314 17.7372191314 17.7372191314 8.86860956569 8.86860956569 8.86860956569
291413088 2 66255.808 66255.808 66255.808 17.5932101228 17.5932101228 17.5932101228 8.7966050614 8.7966050614 8.7966050614
320554368 2 72832.108 72832.108 72832.108 17.6051127341 17.6051127341 17.6051127341 8.80255636704 8.80255636704 8.80255636704
352609792 2 75586.081 75586.081 75586.081 18.6600383211 18.6600383211 18.6600383211 9.33001916054 9.33001916054 9.33001916054
387870752 2 84286.928 84286.928 84286.928 18.4071604555 18.4071604555 18.4071604555 9.20358022777 9.20358022777 9.20358022777
426657824 2 100930.929 100930.929 100930.929 16.9089030777 16.9089030777 16.9089030777 8.45445153883 8.45445153883 8.45445153883
469323584 2 104094.982 104094.982 104094.982 18.0344364342 18.0344364342 18.0344364342 9.01721821711 9.01721821711 9.01721821711
516255936 2 115611.792 115611.792 115611.792 17.8617051797 17.8617051797 17.8617051797 8.93085258985 8.93085258985 8.93085258985
567881504 1 62144.995 62144.995 62144.995 18.2760173687 18.2760173687 18.2760173687 9.13800868437 9.13800868437 9.13800868437
624669632 1 69227.934 69227.934 69227.934 18.0467506657 18.0467506657 18.0467506657 9.02337533285 9.02337533285 9.02337533285
687136576 1 75277.09 75277.09 75277.09 18.2561939097 18.2561939097 18.2561939097 9.12809695486 9.12809695486 9.12809695486
755850208 1 84583.998 84583.998 84583.998 17.8721797473 17.8721797473 17.8721797473 8.93608987364 8.93608987364 8.93608987364
831435200 1 95035.076 95035.076 95035.076 17.4974385247 17.4974385247 17.4974385247 8.74871926235 8.74871926235 8.74871926235
914578720 1 110249.043 110249.043 110249.043 16.5911412038 16.5911412038 16.5911412038 8.29557060191 8.29557060191 8.29557060191
1006036576 1 90432.167 90432.167 90432.167 22.2495293295 22.2495293295 22.2495293295 11.1247646648 11.1247646648 11.1247646648

META_DATA
ERT_VERSION  1.1.0
FLOPS          8
UNAME  ('Linux', '3689e1d83645', '5.4.72-microsoft-standard-WSL2', '#1 SMP Wed Oct 28 23:40:43 UTC 2020', 'x86_64', 'x86_64')
OPENMP_THREADS 4
HOSTNAME  ('3689e1d83645', [], ['172.17.0.2'])
TIMESTAMP_DATA  1620702361.38
CONFIG  {'ERT_WORKING_SET_MIN': ['1'], 'ERT_CFLAGS': ['-Ofast', '-march=native'], 'ERT_CC': ['cc'], 'ERT_MPI_CFLAGS': [], 'ERT_MPI_LDFLAGS': [], 'ERT_MEMORY_MAX': ['1073741824', '#', '1GB'], 'ERT_LDFLAGS': [], 'ERT_LDLIBS': [], 'ERT_RUN': ['export', 'OMP_NUM_THREADS=ERT_OPENMP_THREADS', ';', './ERT_CODE'], 'ERT_FLOPS': ['1,8,64'], 'ERT_OPENMP_CFLAGS': ['-fopenmp'], 'ERT_MPI': ['False'], 'ERT_TRIALS_MIN': ['1'], 'ERT_DRIVER': ['driver1'], 'ERT_RESULTS': ['OpenMP'], 'ERT_OPENMP': ['True'], 'ERT_OPENMP_THREADS': ['1,2,4,8'], 'ERT_KERNEL': ['kernel1'], 'ERT_GPU': [False], 'ERT_LD': ['cc'], 'ERT_NUM_EXPERIMENTS': ['1'], 'ERT_OPENMP_LDFLAGS': ['-fopenmp'], 'ERT_ALIGN': ['64'], 'ERT_GNUPLOT': ['gnuplot']}
