8 16777216 186622.0 186622.0 186622.0 1.4383912722 1.4383912722 1.4383912722 1.4383912722 1.4383912722 1.4383912722
16 8388608 94377.0 94377.0 94377.0 2.84428892633 2.84428892633 2.84428892633 2.84428892633 2.84428892633 2.84428892633
24 4194304 46699.0 46699.0 46699.0 4.31115424313 4.31115424313 4.31115424313 4.31115424313 4.31115424313 4.31115424313
32 4194304 47508.0 47508.0 47508.0 5.65032112486 5.65032112486 5.65032112486 5.65032112486 5.65032112486 5.65032112486
40 2097152 25049.0 25049.0 25049.0 6.69775879277 6.69775879277 6.69775879277 6.69775879277 6.69775879277 6.69775879277
48 2097152 23628.0 23628.0 23628.0 8.52067851701 8.52067851701 8.52067851701 8.52067851701 8.52067851701 8.52067851701
56 2097152 23670.0 23670.0 23670.0 9.92315268272 9.92315268272 9.92315268272 9.92315268272 9.92315268272 9.92315268272
64 2097152 24140.0 24140.0 24140.0 11.1199443248 11.1199443248 11.1199443248 11.1199443248 11.1199443248 11.1199443248
72 1048576 12040.0 12040.0 12040.0 12.5411083056 12.5411083056 12.5411083056 12.5411083056 12.5411083056 12.5411083056
80 1048576 12213.0 12213.0 12213.0 13.7371784164 13.7371784164 13.7371784164 13.7371784164 13.7371784164 13.7371784164
88 1048576 12098.0 12098.0 12098.0 15.2545359564 15.2545359564 15.2545359564 15.2545359564 15.2545359564 15.2545359564
96 1048576 12130.0 12130.0 12130.0 16.5974107172 16.5974107172 16.5974107172 16.5974107172 16.5974107172 16.5974107172
104 1048576 12465.0 12465.0 12465.0 17.4972970718 17.4972970718 17.4972970718 17.4972970718 17.4972970718 17.4972970718
112 1048576 13383.0 13383.0 13383.0 17.5507004409 17.5507004409 17.5507004409 17.5507004409 17.5507004409 17.5507004409
120 1048576 12156.0 12156.0 12156.0 20.7023889437 20.7023889437 20.7023889437 20.7023889437 20.7023889437 20.7023889437
128 1048576 12981.0 12981.0 12981.0 20.6791045374 20.6791045374 20.6791045374 20.6791045374 20.6791045374 20.6791045374
136 524288 6014.0 6014.0 6014.0 23.7123937479 23.7123937479 23.7123937479 23.7123937479 23.7123937479 23.7123937479
144 524288 6328.0 6328.0 6328.0 23.8614007585 23.8614007585 23.8614007585 23.8614007585 23.8614007585 23.8614007585
152 524288 8034.0 8034.0 8034.0 19.8386298233 19.8386298233 19.8386298233 19.8386298233 19.8386298233 19.8386298233
160 524288 6150.0 6150.0 6150.0 27.2800260163 27.2800260163 27.2800260163 27.2800260163 27.2800260163 27.2800260163
176 524288 6365.0 6365.0 6365.0 28.9944031422 28.9944031422 28.9944031422 28.9944031422 28.9944031422 28.9944031422
192 524288 6684.0 6684.0 6684.0 30.1206750449 30.1206750449 30.1206750449 30.1206750449 30.1206750449 30.1206750449
208 524288 6403.0 6403.0 6403.0 34.0627530845 34.0627530845 34.0627530845 34.0627530845 34.0627530845 34.0627530845
224 524288 6623.0 6623.0 6623.0 35.4644457195 35.4644457195 35.4644457195 35.4644457195 35.4644457195 35.4644457195
240 524288 6768.0 6768.0 6768.0 37.1835460993 37.1835460993 37.1835460993 37.1835460993 37.1835460993 37.1835460993
264 262144 3375.0 3375.0 3375.0 41.0109724444 41.0109724444 41.0109724444 41.0109724444 41.0109724444 41.0109724444
288 262144 3325.0 3325.0 3325.0 45.4120132331 45.4120132331 45.4120132331 45.4120132331 45.4120132331 45.4120132331
312 262144 4367.0 4367.0 4367.0 37.4577183421 37.4577183421 37.4577183421 37.4577183421 37.4577183421 37.4577183421
336 262144 4371.0 4371.0 4371.0 40.3021660947 40.3021660947 40.3021660947 40.3021660947 40.3021660947 40.3021660947
368 262144 4738.0 4738.0 4738.0 40.7213980583 40.7213980583 40.7213980583 40.7213980583 40.7213980583 40.7213980583
400 262144 5071.0 5071.0 5071.0 41.3557878131 41.3557878131 41.3557878131 41.3557878131 41.3557878131 41.3557878131
440 262144 7589.0 7589.0 7589.0 30.3975121887 30.3975121887 30.3975121887 30.3975121887 30.3975121887 30.3975121887
480 262144 5413.0 5413.0 5413.0 46.4914539073 46.4914539073 46.4914539073 46.4914539073 46.4914539073 46.4914539073
528 131072 3246.0 3246.0 3246.0 42.6407985213 42.6407985213 42.6407985213 42.6407985213 42.6407985213 42.6407985213
576 131072 3454.0 3454.0 3454.0 43.7159652577 43.7159652577 43.7159652577 43.7159652577 43.7159652577 43.7159652577
632 131072 4002.0 4002.0 4002.0 41.3980529735 41.3980529735 41.3980529735 41.3980529735 41.3980529735 41.3980529735
688 131072 4144.0 4144.0 4144.0 43.521976834 43.521976834 43.521976834 43.521976834 43.521976834 43.521976834
752 131072 4493.0 4493.0 4493.0 43.8754257734 43.8754257734 43.8754257734 43.8754257734 43.8754257734 43.8754257734
824 131072 5048.0 5048.0 5048.0 42.7905419968 42.7905419968 42.7905419968 42.7905419968 42.7905419968 42.7905419968
904 131072 5238.0 5238.0 5238.0 45.2421107293 45.2421107293 45.2421107293 45.2421107293 45.2421107293 45.2421107293
992 131072 5585.0 5585.0 5585.0 46.5616558639 46.5616558639 46.5616558639 46.5616558639 46.5616558639 46.5616558639
1088 65536 4338.0 4338.0 4338.0 32.8737519594 32.8737519594 32.8737519594 32.8737519594 32.8737519594 32.8737519594
1192 65536 4250.0 4250.0 4250.0 36.7618409412 36.7618409412 36.7618409412 36.7618409412 36.7618409412 36.7618409412
1304 65536 3954.0 3954.0 3954.0 43.2265776429 43.2265776429 43.2265776429 43.2265776429 43.2265776429 43.2265776429
1432 65536 4223.0 4223.0 4223.0 44.4459161733 44.4459161733 44.4459161733 44.4459161733 44.4459161733 44.4459161733
1568 65536 4376.0 4376.0 4376.0 46.9654698355 46.9654698355 46.9654698355 46.9654698355 46.9654698355 46.9654698355
1720 65536 4997.0 4997.0 4997.0 45.1158375025 45.1158375025 45.1158375025 45.1158375025 45.1158375025 45.1158375025
1888 65536 5312.0 5312.0 5312.0 46.5858313253 46.5858313253 46.5858313253 46.5858313253 46.5858313253 46.5858313253
2072 32768 2985.0 2985.0 2985.0 45.4909855946 45.4909855946 45.4909855946 45.4909855946 45.4909855946 45.4909855946
2272 32768 3165.0 3165.0 3165.0 47.0451159558 47.0451159558 47.0451159558 47.0451159558 47.0451159558 47.0451159558
2496 32768 3481.0 3481.0 3481.0 46.9916276932 46.9916276932 46.9916276932 46.9916276932 46.9916276932 46.9916276932
2744 32768 3909.0 3909.0 3909.0 46.0042936812 46.0042936812 46.0042936812 46.0042936812 46.0042936812 46.0042936812
3016 32768 4266.0 4266.0 4266.0 46.3329995312 46.3329995312 46.3329995312 46.3329995312 46.3329995312 46.3329995312
3312 32768 4688.0 4688.0 4688.0 46.3001774744 46.3001774744 46.3001774744 46.3001774744 46.3001774744 46.3001774744
3640 32768 5237.0 5237.0 5237.0 45.5510864999 45.5510864999 45.5510864999 45.5510864999 45.5510864999 45.5510864999
4000 32768 5571.0 5571.0 5571.0 47.0551068031 47.0551068031 47.0551068031 47.0551068031 47.0551068031 47.0551068031
4400 16384 3132.0 3132.0 3132.0 46.0342273308 46.0342273308 46.0342273308 46.0342273308 46.0342273308 46.0342273308
4840 16384 3380.0 3380.0 3380.0 46.9222248521 46.9222248521 46.9222248521 46.9222248521 46.9222248521 46.9222248521
5320 16384 3719.0 3719.0 3719.0 46.8743640764 46.8743640764 46.8743640764 46.8743640764 46.8743640764 46.8743640764
5848 16384 5479.0 5479.0 5479.0 34.974861106 34.974861106 34.974861106 34.974861106 34.974861106 34.974861106
6432 16384 4662.0 4662.0 4662.0 45.2088751609 45.2088751609 45.2088751609 45.2088751609 45.2088751609 45.2088751609
7072 16384 5190.0 5190.0 5190.0 44.6503460501 44.6503460501 44.6503460501 44.6503460501 44.6503460501 44.6503460501
7776 16384 5457.0 5457.0 5457.0 46.693048928 46.693048928 46.693048928 46.693048928 46.693048928 46.693048928
8552 8192 3027.0 3027.0 3027.0 46.2887241493 46.2887241493 46.2887241493 46.2887241493 46.2887241493 46.2887241493
9400 8192 3313.0 3313.0 3313.0 46.4864473287 46.4864473287 46.4864473287 46.4864473287 46.4864473287 46.4864473287
10336 8192 3566.0 3566.0 3566.0 47.4887896803 47.4887896803 47.4887896803 47.4887896803 47.4887896803 47.4887896803
11368 8192 3965.0 3965.0 3965.0 46.9743535939 46.9743535939 46.9743535939 46.9743535939 46.9743535939 46.9743535939
12504 8192 4455.0 4455.0 4455.0 45.9855299663 45.9855299663 45.9855299663 45.9855299663 45.9855299663 45.9855299663
13752 8192 4908.0 4908.0 4908.0 45.9072469438 45.9072469438 45.9072469438 45.9072469438 45.9072469438 45.9072469438
15120 8192 5362.0 5362.0 5362.0 46.2003133159 46.2003133159 46.2003133159 46.2003133159 46.2003133159 46.2003133159
16632 4096 2944.0 2944.0 2944.0 46.2803478261 46.2803478261 46.2803478261 46.2803478261 46.2803478261 46.2803478261
18288 4096 3480.0 3480.0 3480.0 43.0503724138 43.0503724138 43.0503724138 43.0503724138 43.0503724138 43.0503724138
20112 4096 3586.0 3586.0 3586.0 45.9446469604 45.9446469604 45.9446469604 45.9446469604 45.9446469604 45.9446469604
22120 4096 3849.0 3849.0 3849.0 47.078991946 47.078991946 47.078991946 47.078991946 47.078991946 47.078991946
24328 4096 4247.0 4247.0 4247.0 46.9260598069 46.9260598069 46.9260598069 46.9260598069 46.9260598069 46.9260598069
26760 4096 4650.0 4650.0 4650.0 47.1436387097 47.1436387097 47.1436387097 47.1436387097 47.1436387097 47.1436387097
29432 4096 5245.0 5245.0 5245.0 45.9689121068 45.9689121068 45.9689121068 45.9689121068 45.9689121068 45.9689121068
32368 4096 5858.0 5858.0 5858.0 45.2643659952 45.2643659952 45.2643659952 45.2643659952 45.2643659952 45.2643659952
35600 2048 3118.0 3118.0 3118.0 46.7663887107 46.7663887107 46.7663887107 46.7663887107 46.7663887107 46.7663887107
39160 2048 3414.0 3414.0 3414.0 46.9828236673 46.9828236673 46.9828236673 46.9828236673 46.9828236673 46.9828236673
43072 2048 3732.0 3732.0 3732.0 47.2730203644 47.2730203644 47.2730203644 47.2730203644 47.2730203644 47.2730203644
47376 2048 4201.0 4201.0 4201.0 46.1918819329 46.1918819329 46.1918819329 46.1918819329 46.1918819329 46.1918819329
52112 2048 4517.0 4517.0 4517.0 47.254981625 47.254981625 47.254981625 47.254981625 47.254981625 47.254981625
57320 2048 4997.0 4997.0 4997.0 46.9847348409 46.9847348409 46.9847348409 46.9847348409 46.9847348409 46.9847348409
63048 2048 5613.0 5613.0 5613.0 46.008303581 46.008303581 46.008303581 46.008303581 46.008303581 46.008303581
69352 1024 3274.0 3274.0 3274.0 43.3820696396 43.3820696396 43.3820696396 43.3820696396 43.3820696396 43.3820696396
76280 1024 4241.0 4241.0 4241.0 36.8359915114 36.8359915114 36.8359915114 36.8359915114 36.8359915114 36.8359915114
83904 1024 4876.0 4876.0 4876.0 35.2410566038 35.2410566038 35.2410566038 35.2410566038 35.2410566038 35.2410566038
92288 1024 4028.0 4028.0 4028.0 46.9229950348 46.9229950348 46.9229950348 46.9229950348 46.9229950348 46.9229950348
101512 1024 4881.0 4881.0 4881.0 42.5930292973 42.5930292973 42.5930292973 42.5930292973 42.5930292973 42.5930292973
111656 1024 4903.0 4903.0 4903.0 46.6390960636 46.6390960636 46.6390960636 46.6390960636 46.6390960636 46.6390960636
122816 1024 5308.0 5308.0 5308.0 47.3864295403 47.3864295403 47.3864295403 47.3864295403 47.3864295403 47.3864295403
135096 512 2931.0 2931.0 2931.0 47.1983295803 47.1983295803 47.1983295803 47.1983295803 47.1983295803 47.1983295803
148600 512 3281.0 3281.0 3281.0 46.3780554709 46.3780554709 46.3780554709 46.3780554709 46.3780554709 46.3780554709
163456 512 3585.0 3585.0 3585.0 46.6886873082 46.6886873082 46.6886873082 46.6886873082 46.6886873082 46.6886873082
179800 512 3965.0 3965.0 3965.0 46.4351071879 46.4351071879 46.4351071879 46.4351071879 46.4351071879 46.4351071879
197776 512 4346.0 4346.0 4346.0 46.5997754257 46.5997754257 46.5997754257 46.5997754257 46.5997754257 46.5997754257
217552 512 4993.0 4993.0 4993.0 44.617113559 44.617113559 44.617113559 44.617113559 44.617113559 44.617113559
239304 512 5202.0 5202.0 5202.0 47.1063621684 47.1063621684 47.1063621684 47.1063621684 47.1063621684 47.1063621684
263232 256 2912.0 2912.0 2912.0 46.2825494505 46.2825494505 46.2825494505 46.2825494505 46.2825494505 46.2825494505
289552 256 3186.0 3186.0 3186.0 46.5318970496 46.5318970496 46.5318970496 46.5318970496 46.5318970496 46.5318970496
318504 256 3446.0 3446.0 3446.0 47.3227069066 47.3227069066 47.3227069066 47.3227069066 47.3227069066 47.3227069066
350352 256 3813.0 3813.0 3813.0 47.0443808025 47.0443808025 47.0443808025 47.0443808025 47.0443808025 47.0443808025
385384 256 4206.0 4206.0 4206.0 46.9131260105 46.9131260105 46.9131260105 46.9131260105 46.9131260105 46.9131260105
423920 256 4788.0 4788.0 4788.0 45.3314619883 45.3314619883 45.3314619883 45.3314619883 45.3314619883 45.3314619883
466312 256 5639.0 5639.0 5639.0 42.3393764852 42.3393764852 42.3393764852 42.3393764852 42.3393764852 42.3393764852
512936 256 5714.0 5714.0 5714.0 45.9613636682 45.9613636682 45.9613636682 45.9613636682 45.9613636682 45.9613636682
564224 128 3060.0 3060.0 3060.0 47.2030535948 47.2030535948 47.2030535948 47.2030535948 47.2030535948 47.2030535948
620640 128 3361.0 3361.0 3361.0 47.2727878608 47.2727878608 47.2727878608 47.2727878608 47.2727878608 47.2727878608
682704 128 3692.0 3692.0 3692.0 47.3380888407 47.3380888407 47.3380888407 47.3380888407 47.3380888407 47.3380888407
750968 128 4070.0 4070.0 4070.0 47.2353336609 47.2353336609 47.2353336609 47.2353336609 47.2353336609 47.2353336609
826064 128 4463.0 4463.0 4463.0 47.3834604526 47.3834604526 47.3834604526 47.3834604526 47.3834604526 47.3834604526
908664 128 4915.0 4915.0 4915.0 47.3281757884 47.3281757884 47.3281757884 47.3281757884 47.3281757884 47.3281757884
999528 128 5423.0 5423.0 5423.0 47.1840619583 47.1840619583 47.1840619583 47.1840619583 47.1840619583 47.1840619583
1099480 64 2971.0 2971.0 2971.0 47.3690474588 47.3690474588 47.3690474588 47.3690474588 47.3690474588 47.3690474588
1209424 64 3291.0 3291.0 3291.0 47.0392804619 47.0392804619 47.0392804619 47.0392804619 47.0392804619 47.0392804619
1330360 64 3622.0 3622.0 3622.0 47.0143787962 47.0143787962 47.0143787962 47.0143787962 47.0143787962 47.0143787962
1463392 64 3998.0 3998.0 3998.0 46.851969985 46.851969985 46.851969985 46.851969985 46.851969985 46.851969985
1609728 64 4387.0 4387.0 4387.0 46.9672176886 46.9672176886 46.9672176886 46.9672176886 46.9672176886 46.9672176886
1770696 64 4891.0 4891.0 4891.0 46.3400302597 46.3400302597 46.3400302597 46.3400302597 46.3400302597 46.3400302597
1947760 64 9251.0 9251.0 9251.0 26.9498735272 26.9498735272 26.9498735272 26.9498735272 26.9498735272 26.9498735272
2142536 32 3024.0 3024.0 3024.0 45.3446772487 45.3446772487 45.3446772487 45.3446772487 45.3446772487 45.3446772487
2356784 32 3192.0 3192.0 3192.0 47.2538145363 47.2538145363 47.2538145363 47.2538145363 47.2538145363 47.2538145363
2592456 32 3568.0 3568.0 3568.0 46.5014529148 46.5014529148 46.5014529148 46.5014529148 46.5014529148 46.5014529148
2851696 32 3973.0 3973.0 3973.0 45.9372121822 45.9372121822 45.9372121822 45.9372121822 45.9372121822 45.9372121822
3136864 32 4244.0 4244.0 4244.0 47.304263902 47.304263902 47.304263902 47.304263902 47.304263902 47.304263902
3450544 32 4653.0 4653.0 4653.0 47.4607384483 47.4607384483 47.4607384483 47.4607384483 47.4607384483 47.4607384483
3795592 32 5131.0 5131.0 5131.0 47.3431861236 47.3431861236 47.3431861236 47.3431861236 47.3431861236 47.3431861236
4175144 32 7147.0 7147.0 7147.0 37.3876054289 37.3876054289 37.3876054289 37.3876054289 37.3876054289 37.3876054289
4592656 16 11807.0 11807.0 11807.0 12.4472763615 12.4472763615 12.4472763615 12.4472763615 12.4472763615 12.4472763615
5051920 16 9344.0 9344.0 9344.0 17.3010958904 17.3010958904 17.3010958904 17.3010958904 17.3010958904 17.3010958904
5557112 16 12934.0 12934.0 12934.0 13.7488467605 13.7488467605 13.7488467605 13.7488467605 13.7488467605 13.7488467605
6112816 16 14804.0 14804.0 14804.0 13.2133282897 13.2133282897 13.2133282897 13.2133282897 13.2133282897 13.2133282897
6724096 16 17248.0 17248.0 17248.0 12.4751317254 12.4751317254 12.4751317254 12.4751317254 12.4751317254 12.4751317254
7396504 16 19517.0 19517.0 19517.0 12.1272802172 12.1272802172 12.1272802172 12.1272802172 12.1272802172 12.1272802172
8136152 16 22043.0 22043.0 22043.0 11.8113171528 11.8113171528 11.8113171528 11.8113171528 11.8113171528 11.8113171528
8949760 8 12062.0 12062.0 12062.0 11.8716763389 11.8716763389 11.8716763389 11.8716763389 11.8716763389 11.8716763389
9844736 8 13381.0 13381.0 13381.0 11.771599731 11.771599731 11.771599731 11.771599731 11.771599731 11.771599731
10829208 8 14899.0 14899.0 14899.0 11.6294602322 11.6294602322 11.6294602322 11.6294602322 11.6294602322 11.6294602322
11912128 8 16259.0 16259.0 16259.0 11.7223721016 11.7223721016 11.7223721016 11.7223721016 11.7223721016 11.7223721016
13103336 8 17838.0 17838.0 17838.0 11.753188474 11.753188474 11.753188474 11.753188474 11.753188474 11.753188474
14413664 8 19732.0 19732.0 19732.0 11.6875442935 11.6875442935 11.6875442935 11.6875442935 11.6875442935 11.6875442935
15855024 8 22597.0 22597.0 22597.0 11.2262859672 11.2262859672 11.2262859672 11.2262859672 11.2262859672 11.2262859672
17440520 4 11884.0 11884.0 11884.0 11.7405048805 11.7405048805 11.7405048805 11.7405048805 11.7405048805 11.7405048805
19184568 4 13160.0 13160.0 13160.0 11.6623513678 11.6623513678 11.6623513678 11.6623513678 11.6623513678 11.6623513678
21103024 4 14553.0 14553.0 14553.0 11.6006453652 11.6006453652 11.6006453652 11.6006453652 11.6006453652 11.6006453652
23213320 4 17655.0 17655.0 17655.0 10.5186383461 10.5186383461 10.5186383461 10.5186383461 10.5186383461 10.5186383461
25534648 4 17666.0 17666.0 17666.0 11.5632958225 11.5632958225 11.5632958225 11.5632958225 11.5632958225 11.5632958225
28088112 4 19614.0 19614.0 19614.0 11.4563524013 11.4563524013 11.4563524013 11.4563524013 11.4563524013 11.4563524013
30896920 4 21604.0 21604.0 21604.0 11.4411849657 11.4411849657 11.4411849657 11.4411849657 11.4411849657 11.4411849657
33986608 2 11826.0 11826.0 11826.0 11.4955548791 11.4955548791 11.4955548791 11.4955548791 11.4955548791 11.4955548791
37385264 2 12852.0 12852.0 12852.0 11.6356252723 11.6356252723 11.6356252723 11.6356252723 11.6356252723 11.6356252723
41123784 2 14084.0 14084.0 14084.0 11.6795751207 11.6795751207 11.6795751207 11.6795751207 11.6795751207 11.6795751207
45236160 2 15374.0 15374.0 15374.0 11.7695225706 11.7695225706 11.7695225706 11.7695225706 11.7695225706 11.7695225706
49759776 2 17089.0 17089.0 17089.0 11.647206039 11.647206039 11.647206039 11.647206039 11.647206039 11.647206039
54735752 2 18720.0 18720.0 18720.0 11.6956735043 11.6956735043 11.6956735043 11.6956735043 11.6956735043 11.6956735043
60209320 2 20617.0 20617.0 20617.0 11.6814900325 11.6814900325 11.6814900325 11.6814900325 11.6814900325 11.6814900325
66230248 2 22488.0 22488.0 22488.0 11.7805492707 11.7805492707 11.7805492707 11.7805492707 11.7805492707 11.7805492707
72853272 1 12454.0 12454.0 12454.0 11.6995779669 11.6995779669 11.6995779669 11.6995779669 11.6995779669 11.6995779669
80138592 1 13680.0 13680.0 13680.0 11.7161684211 11.7161684211 11.7161684211 11.7161684211 11.7161684211 11.7161684211
88152448 1 15004.0 15004.0 15004.0 11.7505262597 11.7505262597 11.7505262597 11.7505262597 11.7505262597 11.7505262597
96967688 1 16540.0 16540.0 16540.0 11.725234341 11.725234341 11.725234341 11.725234341 11.725234341 11.725234341
106664456 1 18095.0 18095.0 18095.0 11.7893844708 11.7893844708 11.7893844708 11.7893844708 11.7893844708 11.7893844708
117330896 1 19919.0 19919.0 19919.0 11.7808018475 11.7808018475 11.7808018475 11.7808018475 11.7808018475 11.7808018475
129063984 1 24057.0 24057.0 24057.0 10.7298486096 10.7298486096 10.7298486096 10.7298486096 10.7298486096 10.7298486096

META_DATA
ERT_VERSION  1.1.0
HOSTNAME  ('a4f3e0a7115f', [], ['172.17.0.4'])
UNAME  ('Linux', 'a4f3e0a7115f', '5.4.72-microsoft-standard-WSL2', '#1 SMP Wed Oct 28 23:40:43 UTC 2020', 'x86_64', 'x86_64')
FLOPS          16
TIMESTAMP_DATA  1620608735.17
CONFIG  {'ERT_WORKING_SET_MIN': ['1'], 'ERT_CFLAGS': ['-Ofast', '-march=native'], 'ERT_CC': ['cc'], 'ERT_MPI_CFLAGS': [], 'ERT_MPI_LDFLAGS': [], 'ERT_MEMORY_MAX': ['134217728', '#', '128MB'], 'ERT_LDFLAGS': [], 'ERT_LDLIBS': [], 'ERT_RUN': ['./ERT_CODE'], 'ERT_FLOPS': ['1,4,16,64'], 'ERT_OPENMP_CFLAGS': ['-fopenmp'], 'ERT_MPI': ['False'], 'ERT_TRIALS_MIN': ['1'], 'ERT_DRIVER': ['driver1'], 'ERT_RESULTS': ['Sequential'], 'ERT_OPENMP': ['False'], 'ERT_KERNEL': ['kernel1'], 'ERT_GPU': [False], 'ERT_LD': ['cc'], 'ERT_NUM_EXPERIMENTS': ['1'], 'ERT_OPENMP_LDFLAGS': ['-fopenmp'], 'ERT_ALIGN': ['64'], 'ERT_GNUPLOT': ['gnuplot']}
