8 16777216 43247.0 43247.0 43247.0 6.20703068421 6.20703068421 6.20703068421 0.387939417763 0.387939417763 0.387939417763
16 8388608 21184.0 21184.0 21184.0 12.6716132931 12.6716132931 12.6716132931 0.791975830816 0.791975830816 0.791975830816
24 4194304 10994.0 10994.0 10994.0 18.3124060397 18.3124060397 18.3124060397 1.14452537748 1.14452537748 1.14452537748
32 4194304 10682.0 10682.0 10682.0 25.1297000562 25.1297000562 25.1297000562 1.57060625351 1.57060625351 1.57060625351
40 2097152 5354.0 5354.0 5354.0 31.3358535674 31.3358535674 31.3358535674 1.95849084796 1.95849084796 1.95849084796
48 2097152 5441.0 5441.0 5441.0 37.0017629112 37.0017629112 37.0017629112 2.31261018195 2.31261018195 2.31261018195
56 2097152 5337.0 5337.0 5337.0 44.0099351696 44.0099351696 44.0099351696 2.7506209481 2.7506209481 2.7506209481
64 2097152 7850.0 7850.0 7850.0 34.1955994904 34.1955994904 34.1955994904 2.13722496815 2.13722496815 2.13722496815
72 1048576 3126.0 3126.0 3126.0 48.302925144 48.302925144 48.302925144 3.0189328215 3.0189328215 3.0189328215
80 1048576 3901.0 3901.0 3901.0 43.0074750064 43.0074750064 43.0074750064 2.6879671879 2.6879671879 2.6879671879
88 1048576 3670.0 3670.0 3670.0 50.285933515 50.285933515 50.285933515 3.14287084469 3.14287084469 3.14287084469
96 1048576 3838.0 3838.0 3838.0 52.4561208963 52.4561208963 52.4561208963 3.27850755602 3.27850755602 3.27850755602
104 1048576 4070.0 4070.0 4070.0 53.5881592138 53.5881592138 53.5881592138 3.34925995086 3.34925995086 3.34925995086
112 1048576 4323.0 4323.0 4323.0 54.3328762433 54.3328762433 54.3328762433 3.39580476521 3.39580476521 3.39580476521
120 1048576 5755.0 5755.0 5755.0 43.728625543 43.728625543 43.728625543 2.73303909644 2.73303909644 2.73303909644
128 1048576 3201.0 3201.0 3201.0 83.8598737894 83.8598737894 83.8598737894 5.24124211184 5.24124211184 5.24124211184
136 524288 1568.0 1568.0 1568.0 90.9479183673 90.9479183673 90.9479183673 5.68424489796 5.68424489796 5.68424489796
144 524288 1612.0 1612.0 1612.0 93.6693200993 93.6693200993 93.6693200993 5.8543325062 5.8543325062 5.8543325062
152 524288 1561.0 1561.0 1561.0 102.103492633 102.103492633 102.103492633 6.38146828956 6.38146828956 6.38146828956
160 524288 1572.0 1572.0 1572.0 106.725292621 106.725292621 106.725292621 6.6703307888 6.6703307888 6.6703307888
176 524288 1777.0 1777.0 1777.0 103.854460326 103.854460326 103.854460326 6.4909037704 6.4909037704 6.4909037704
192 524288 1935.0 1935.0 1935.0 104.044750388 104.044750388 104.044750388 6.50279689922 6.50279689922 6.50279689922
208 524288 2527.0 2527.0 2527.0 86.3093818757 86.3093818757 86.3093818757 5.39433636723 5.39433636723 5.39433636723
224 524288 2421.0 2421.0 2421.0 97.0181842214 97.0181842214 97.0181842214 6.06363651384 6.06363651384 6.06363651384
240 524288 2660.0 2660.0 2660.0 94.6083609023 94.6083609023 94.6083609023 5.91302255639 5.91302255639 5.91302255639
264 262144 1025.0 1025.0 1025.0 135.03612878 135.03612878 135.03612878 8.43975804878 8.43975804878 8.43975804878
288 262144 1205.0 1205.0 1205.0 125.307007469 125.307007469 125.307007469 7.8316879668 7.8316879668 7.8316879668
312 262144 1401.0 1401.0 1401.0 116.757927195 116.757927195 116.757927195 7.29737044968 7.29737044968 7.29737044968
336 262144 1565.0 1565.0 1565.0 112.562791054 112.562791054 112.562791054 7.03517444089 7.03517444089 7.03517444089
368 262144 1798.0 1798.0 1798.0 107.306998888 107.306998888 107.306998888 6.70668743048 6.70668743048 6.70668743048
400 262144 1563.0 1563.0 1563.0 134.174792067 134.174792067 134.174792067 8.38592450416 8.38592450416 8.38592450416
440 262144 1863.0 1863.0 1863.0 123.825399893 123.825399893 123.825399893 7.73908749329 7.73908749329 7.73908749329
480 262144 2167.0 2167.0 2167.0 116.132090448 116.132090448 116.132090448 7.25825565298 7.25825565298 7.25825565298
528 131072 1030.0 1030.0 1030.0 134.380613592 134.380613592 134.380613592 8.39878834951 8.39878834951 8.39878834951
576 131072 1214.0 1214.0 1214.0 124.378042834 124.378042834 124.378042834 7.7736276771 7.7736276771 7.7736276771
632 131072 1419.0 1419.0 1419.0 116.754762509 116.754762509 116.754762509 7.2971726568 7.2971726568 7.2971726568
688 131072 1392.0 1392.0 1392.0 129.565425287 129.565425287 129.565425287 8.09783908046 8.09783908046 8.09783908046
752 131072 2641.0 2641.0 2641.0 74.6430473306 74.6430473306 74.6430473306 4.66519045816 4.66519045816 4.66519045816
824 131072 1664.0 1664.0 1664.0 129.811692308 129.811692308 129.811692308 8.11323076923 8.11323076923 8.11323076923
904 131072 1713.0 1713.0 1713.0 138.341025102 138.341025102 138.341025102 8.64631406888 8.64631406888 8.64631406888
992 131072 2044.0 2044.0 2044.0 127.224485323 127.224485323 127.224485323 7.95153033268 7.95153033268 7.95153033268
1088 65536 1081.0 1081.0 1081.0 131.920754857 131.920754857 131.920754857 8.24504717854 8.24504717854 8.24504717854
1192 65536 1161.0 1161.0 1161.0 134.571769165 134.571769165 134.571769165 8.41073557278 8.41073557278 8.41073557278
1304 65536 1261.0 1261.0 1261.0 135.541544806 135.541544806 135.541544806 8.47134655036 8.47134655036 8.47134655036
1432 65536 1374.0 1374.0 1374.0 136.604879185 136.604879185 136.604879185 8.53780494905 8.53780494905 8.53780494905
1568 65536 1509.0 1509.0 1509.0 136.196750166 136.196750166 136.196750166 8.51229688535 8.51229688535 8.51229688535
1720 65536 1662.0 1662.0 1662.0 135.646113117 135.646113117 135.646113117 8.4778820698 8.4778820698 8.4778820698
1888 65536 1857.0 1857.0 1857.0 133.260062466 133.260062466 133.260062466 8.32875390415 8.32875390415 8.32875390415
2072 32768 988.0 988.0 988.0 137.439870445 137.439870445 137.439870445 8.58999190283 8.58999190283 8.58999190283
2272 32768 1108.0 1108.0 1108.0 134.384288809 134.384288809 134.384288809 8.39901805054 8.39901805054 8.39901805054
2496 32768 1303.0 1303.0 1303.0 125.539413661 125.539413661 125.539413661 7.8462133538 7.8462133538 7.8462133538
2744 32768 1313.0 1313.0 1313.0 136.96175476 136.96175476 136.96175476 8.56010967251 8.56010967251 8.56010967251
3016 32768 1465.0 1465.0 1465.0 134.919164505 134.919164505 134.919164505 8.43244778157 8.43244778157 8.43244778157
3312 32768 1617.0 1617.0 1617.0 134.23329128 134.23329128 134.23329128 8.38958070501 8.38958070501 8.38958070501
3640 32768 1753.0 1753.0 1753.0 136.081597262 136.081597262 136.081597262 8.50509982886 8.50509982886 8.50509982886
4000 32768 1906.0 1906.0 1906.0 137.536201469 137.536201469 137.536201469 8.59601259182 8.59601259182 8.59601259182
4400 16384 1108.0 1108.0 1108.0 130.125631769 130.125631769 130.125631769 8.13285198556 8.13285198556 8.13285198556
4840 16384 1253.0 1253.0 1253.0 126.573918595 126.573918595 126.573918595 7.91086991221 7.91086991221 7.91086991221
5320 16384 1332.0 1332.0 1332.0 130.875195195 130.875195195 130.875195195 8.1796996997 8.1796996997 8.1796996997
5848 16384 1455.0 1455.0 1455.0 131.702586942 131.702586942 131.702586942 8.23141168385 8.23141168385 8.23141168385
6432 16384 1578.0 1578.0 1578.0 133.563863118 133.563863118 133.563863118 8.34774144487 8.34774144487 8.34774144487
7072 16384 1740.0 1740.0 1740.0 133.181204598 133.181204598 133.181204598 8.32382528736 8.32382528736 8.32382528736
7776 16384 3032.0 3032.0 3032.0 84.0382480211 84.0382480211 84.0382480211 5.25239050132 5.25239050132 5.25239050132
8552 8192 1083.0 1083.0 1083.0 129.377625115 129.377625115 129.377625115 8.08610156971 8.08610156971 8.08610156971
9400 8192 1306.0 1306.0 1306.0 117.924655436 117.924655436 117.924655436 7.37029096478 7.37029096478 7.37029096478
10336 8192 1290.0 1290.0 1290.0 131.275212403 131.275212403 131.275212403 8.20470077519 8.20470077519 8.20470077519
11368 8192 1412.0 1412.0 1412.0 131.907444759 131.907444759 131.907444759 8.24421529745 8.24421529745 8.24421529745
12504 8192 1580.0 1580.0 1580.0 129.661731646 129.661731646 129.661731646 8.10385822785 8.10385822785 8.10385822785
13752 8192 1725.0 1725.0 1725.0 130.616097391 130.616097391 130.616097391 8.16350608696 8.16350608696 8.16350608696
15120 8192 1880.0 1880.0 1880.0 131.769191489 131.769191489 131.769191489 8.23557446809 8.23557446809 8.23557446809
16632 4096 1077.0 1077.0 1077.0 126.508211699 126.508211699 126.508211699 7.9067632312 7.9067632312 7.9067632312
18288 4096 1155.0 1155.0 1155.0 129.710212987 129.710212987 129.710212987 8.10688831169 8.10688831169 8.10688831169
20112 4096 1253.0 1253.0 1253.0 131.490426177 131.490426177 131.490426177 8.21815163607 8.21815163607 8.21815163607
22120 4096 1392.0 1392.0 1392.0 130.177471264 130.177471264 130.177471264 8.13609195402 8.13609195402 8.13609195402
24328 4096 1594.0 1594.0 1594.0 125.028215809 125.028215809 125.028215809 7.81426348808 7.81426348808 7.81426348808
26760 4096 1668.0 1668.0 1668.0 131.425611511 131.425611511 131.425611511 8.21410071942 8.21410071942 8.21410071942
29432 4096 1862.0 1862.0 1862.0 129.488154672 129.488154672 129.488154672 8.09300966702 8.09300966702 8.09300966702
32368 4096 2039.0 2039.0 2039.0 130.043480137 130.043480137 130.043480137 8.12771750858 8.12771750858 8.12771750858
35600 2048 1159.0 1159.0 1159.0 125.813287317 125.813287317 125.813287317 7.86333045729 7.86333045729 7.86333045729
39160 2048 1420.0 1420.0 1420.0 112.957295775 112.957295775 112.957295775 7.05983098592 7.05983098592 7.05983098592
43072 2048 1539.0 1539.0 1539.0 114.63477063 114.63477063 114.63477063 7.16467316439 7.16467316439 7.16467316439
47376 2048 1611.0 1611.0 1611.0 120.454435754 120.454435754 120.454435754 7.52840223464 7.52840223464 7.52840223464
52112 2048 1767.0 1767.0 1767.0 120.798388229 120.798388229 120.798388229 7.54989926429 7.54989926429 7.54989926429
57320 2048 1984.0 1984.0 1984.0 118.338064516 118.338064516 118.338064516 7.39612903226 7.39612903226 7.39612903226
63048 2048 2241.0 2241.0 2241.0 115.23632664 115.23632664 115.23632664 7.20227041499 7.20227041499 7.20227041499
69352 1024 1201.0 1201.0 1201.0 118.262194838 118.262194838 118.262194838 7.39138717735 7.39138717735 7.39138717735
76280 1024 1322.0 1322.0 1322.0 118.170529501 118.170529501 118.170529501 7.3856580938 7.3856580938 7.3856580938
83904 1024 1482.0 1482.0 1482.0 115.948307692 115.948307692 115.948307692 7.24676923077 7.24676923077 7.24676923077
92288 1024 1578.0 1578.0 1578.0 119.775553866 119.775553866 119.775553866 7.4859721166 7.4859721166 7.4859721166
101512 1024 1728.0 1728.0 1728.0 120.310518519 120.310518519 120.310518519 7.51940740741 7.51940740741 7.51940740741
111656 1024 1898.0 1898.0 1898.0 120.480236038 120.480236038 120.480236038 7.53001475237 7.53001475237 7.53001475237
122816 1024 2065.0 2065.0 2065.0 121.804923971 121.804923971 121.804923971 7.61280774818 7.61280774818 7.61280774818
135096 512 1236.0 1236.0 1236.0 111.924194175 111.924194175 111.924194175 6.99526213592 6.99526213592 6.99526213592
148600 512 1256.0 1256.0 1256.0 121.151592357 121.151592357 121.151592357 7.57197452229 7.57197452229 7.57197452229
163456 512 1379.0 1379.0 1379.0 121.377044235 121.377044235 121.377044235 7.58606526468 7.58606526468 7.58606526468
179800 512 1619.0 1619.0 1619.0 113.721556516 113.721556516 113.721556516 7.10759728227 7.10759728227 7.10759728227
197776 512 1685.0 1685.0 1685.0 120.191468249 120.191468249 120.191468249 7.51196676558 7.51196676558 7.51196676558
217552 512 1845.0 1845.0 1845.0 120.744307859 120.744307859 120.744307859 7.54651924119 7.54651924119 7.54651924119
239304 512 2064.0 2064.0 2064.0 118.724465116 118.724465116 118.724465116 7.42027906977 7.42027906977 7.42027906977
263232 256 1106.0 1106.0 1106.0 121.857851718 121.857851718 121.857851718 7.61611573237 7.61611573237 7.61611573237
289552 256 1218.0 1218.0 1218.0 121.716440066 121.716440066 121.716440066 7.60727750411 7.60727750411 7.60727750411
318504 256 1364.0 1364.0 1364.0 119.555753666 119.555753666 119.555753666 7.47223460411 7.47223460411 7.47223460411
350352 256 1525.0 1525.0 1525.0 117.626376393 117.626376393 117.626376393 7.35164852459 7.35164852459 7.35164852459
385384 256 1660.0 1660.0 1660.0 118.865426506 118.865426506 118.865426506 7.42908915663 7.42908915663 7.42908915663
423920 256 1827.0 1827.0 1827.0 118.799693487 118.799693487 118.799693487 7.42498084291 7.42498084291 7.42498084291
466312 256 1994.0 1994.0 1994.0 119.735077232 119.735077232 119.735077232 7.48344232698 7.48344232698 7.48344232698
512936 256 2204.0 2204.0 2204.0 119.157546279 119.157546279 119.157546279 7.44734664247 7.44734664247 7.44734664247
564224 128 1318.0 1318.0 1318.0 109.591308042 109.591308042 109.591308042 6.84945675266 6.84945675266 6.84945675266
620640 128 1363.0 1363.0 1363.0 116.569214967 116.569214967 116.569214967 7.28557593544 7.28557593544 7.28557593544
682704 128 1480.0 1480.0 1480.0 118.089340541 118.089340541 118.089340541 7.38058378378 7.38058378378 7.38058378378
750968 128 1639.0 1639.0 1639.0 117.295794997 117.295794997 117.295794997 7.33098718731 7.33098718731 7.33098718731
826064 128 1786.0 1786.0 1786.0 118.405590146 118.405590146 118.405590146 7.4003493841 7.4003493841 7.4003493841
908664 128 1979.0 1979.0 1979.0 117.543195553 117.543195553 117.543195553 7.34644972208 7.34644972208 7.34644972208
999528 128 2243.0 2243.0 2243.0 114.078987071 114.078987071 114.078987071 7.12993669193 7.12993669193 7.12993669193
1099480 64 1214.0 1214.0 1214.0 115.925403624 115.925403624 115.925403624 7.24533772652 7.24533772652 7.24533772652
1209424 64 1361.0 1361.0 1361.0 113.744505511 113.744505511 113.744505511 7.10903159442 7.10903159442 7.10903159442
1330360 64 1487.0 1487.0 1487.0 114.516529926 114.516529926 114.516529926 7.15728312038 7.15728312038 7.15728312038
1463392 64 1611.0 1611.0 1611.0 116.271990068 116.271990068 116.271990068 7.26699937927 7.26699937927 7.26699937927
1609728 64 1771.0 1771.0 1771.0 116.343977414 116.343977414 116.343977414 7.27149858837 7.27149858837 7.27149858837
1770696 64 2986.0 2986.0 2986.0 75.9039142666 75.9039142666 75.9039142666 4.74399464166 4.74399464166 4.74399464166
1947760 64 2118.0 2118.0 2118.0 117.711652502 117.711652502 117.711652502 7.3569782814 7.3569782814 7.3569782814
2142536 32 1180.0 1180.0 1180.0 116.205342373 116.205342373 116.205342373 7.26283389831 7.26283389831 7.26283389831
2356784 32 1275.0 1275.0 1275.0 118.30131451 118.30131451 118.30131451 7.39383215686 7.39383215686 7.39383215686
2592456 32 1406.0 1406.0 1406.0 118.006532006 118.006532006 118.006532006 7.37540825036 7.37540825036 7.37540825036
2851696 32 1864.0 1864.0 1864.0 97.9123090129 97.9123090129 97.9123090129 6.1195193133 6.1195193133 6.1195193133
3136864 32 1782.0 1782.0 1782.0 112.659537598 112.659537598 112.659537598 7.04122109989 7.04122109989 7.04122109989
3450544 32 1918.0 1918.0 1918.0 115.138068822 115.138068822 115.138068822 7.19612930136 7.19612930136 7.19612930136
3795592 32 2491.0 2491.0 2491.0 97.5182207949 97.5182207949 97.5182207949 6.09488879968 6.09488879968 6.09488879968
4175144 32 4460.0 4460.0 4460.0 59.9123802691 59.9123802691 59.9123802691 3.74452376682 3.74452376682 3.74452376682
4592656 16 3711.0 3711.0 3711.0 39.6025308542 39.6025308542 39.6025308542 2.47515817839 2.47515817839 2.47515817839
5051920 16 6764.0 6764.0 6764.0 23.9002720284 23.9002720284 23.9002720284 1.49376700177 1.49376700177 1.49376700177
5557112 16 9907.0 9907.0 9907.0 17.9496905219 17.9496905219 17.9496905219 1.12185565762 1.12185565762 1.12185565762
6112816 16 13643.0 13643.0 13643.0 14.3377638349 14.3377638349 14.3377638349 0.896110239683 0.896110239683 0.896110239683
6724096 16 24816.0 24816.0 24816.0 8.67065892972 8.67065892972 8.67065892972 0.541916183108 0.541916183108 0.541916183108
7396504 16 23501.0 23501.0 23501.0 10.0714066635 10.0714066635 10.0714066635 0.629462916472 0.629462916472 0.629462916472
8136152 16 23202.0 23202.0 23202.0 11.2213112663 11.2213112663 11.2213112663 0.701331954142 0.701331954142 0.701331954142
8949760 8 12396.0 12396.0 12396.0 11.5518038077 11.5518038077 11.5518038077 0.72198773798 0.72198773798 0.72198773798
9844736 8 13181.0 13181.0 13181.0 11.9502143995 11.9502143995 11.9502143995 0.74688839997 0.74688839997 0.74688839997
10829208 8 15151.0 15151.0 15151.0 11.4360324731 11.4360324731 11.4360324731 0.714752029569 0.714752029569 0.714752029569
11912128 8 16096.0 16096.0 16096.0 11.8410815109 11.8410815109 11.8410815109 0.740067594433 0.740067594433 0.740067594433
13103336 8 17627.0 17627.0 17627.0 11.8938773473 11.8938773473 11.8938773473 0.743367334203 0.743367334203 0.743367334203
14413664 8 19612.0 19612.0 19612.0 11.7590569039 11.7590569039 11.7590569039 0.734941056496 0.734941056496 0.734941056496
15855024 8 24646.0 24646.0 24646.0 10.2929637264 10.2929637264 10.2929637264 0.643310232898 0.643310232898 0.643310232898
17440520 4 12099.0 12099.0 12099.0 11.5318753616 11.5318753616 11.5318753616 0.7207422101 0.7207422101 0.7207422101
19184568 4 13301.0 13301.0 13301.0 11.5387222013 11.5387222013 11.5387222013 0.721170137584 0.721170137584 0.721170137584
21103024 4 14511.0 14511.0 14511.0 11.6342217628 11.6342217628 11.6342217628 0.727138860175 0.727138860175 0.727138860175
23213320 4 16231.0 16231.0 16231.0 11.4414737231 11.4414737231 11.4414737231 0.715092107695 0.715092107695 0.715092107695
25534648 4 17716.0 17716.0 17716.0 11.5306606457 11.5306606457 11.5306606457 0.720666290359 0.720666290359 0.720666290359
28088112 4 19535.0 19535.0 19535.0 11.5026821602 11.5026821602 11.5026821602 0.718917635014 0.718917635014 0.718917635014
30896920 4 21022.0 21022.0 21022.0 11.7579373989 11.7579373989 11.7579373989 0.734871087432 0.734871087432 0.734871087432
33986608 2 11836.0 11836.0 11836.0 11.4858425144 11.4858425144 11.4858425144 0.717865157148 0.717865157148 0.717865157148
37385264 2 12905.0 12905.0 12905.0 11.5878385122 11.5878385122 11.5878385122 0.724239907013 0.724239907013 0.724239907013
41123784 2 14212.0 14212.0 14212.0 11.574383338 11.574383338 11.574383338 0.723398958627 0.723398958627 0.723398958627
45236160 2 16094.0 16094.0 16094.0 11.2429874487 11.2429874487 11.2429874487 0.702686715546 0.702686715546 0.702686715546
49759776 2 17299.0 17299.0 17299.0 11.5058155963 11.5058155963 11.5058155963 0.719113474767 0.719113474767 0.719113474767
54735752 2 19287.0 19287.0 19287.0 11.3518436252 11.3518436252 11.3518436252 0.709490226577 0.709490226577 0.709490226577
60209320 2 20479.0 20479.0 20479.0 11.7602070414 11.7602070414 11.7602070414 0.735012940085 0.735012940085 0.735012940085
66230248 2 22788.0 22788.0 22788.0 11.6254604178 11.6254604178 11.6254604178 0.72659127611 0.72659127611 0.72659127611
72853272 1 12325.0 12325.0 12325.0 11.8220319675 11.8220319675 11.8220319675 0.738876997972 0.738876997972 0.738876997972
80138592 1 13567.0 13567.0 13567.0 11.8137527825 11.8137527825 11.8137527825 0.738359548905 0.738359548905 0.738359548905
88152448 1 14944.0 14944.0 14944.0 11.7977044968 11.7977044968 11.7977044968 0.737356531049 0.737356531049 0.737356531049
96967688 1 16252.0 16252.0 16252.0 11.933015998 11.933015998 11.933015998 0.745813499877 0.745813499877 0.745813499877
106664456 1 17952.0 17952.0 17952.0 11.8832950089 11.8832950089 11.8832950089 0.742705938057 0.742705938057 0.742705938057
117330896 1 19821.0 19821.0 19821.0 11.8390490893 11.8390490893 11.8390490893 0.739940568084 0.739940568084 0.739940568084
129063984 1 21753.0 21753.0 21753.0 11.8663158185 11.8663158185 11.8663158185 0.741644738657 0.741644738657 0.741644738657

META_DATA
ERT_VERSION  1.1.0
HOSTNAME  ('a4f3e0a7115f', [], ['172.17.0.4'])
UNAME  ('Linux', 'a4f3e0a7115f', '5.4.72-microsoft-standard-WSL2', '#1 SMP Wed Oct 28 23:40:43 UTC 2020', 'x86_64', 'x86_64')
FLOPS          1
TIMESTAMP_DATA  1620608730.19
CONFIG  {'ERT_WORKING_SET_MIN': ['1'], 'ERT_CFLAGS': ['-Ofast', '-march=native'], 'ERT_CC': ['cc'], 'ERT_MPI_CFLAGS': [], 'ERT_MPI_LDFLAGS': [], 'ERT_MEMORY_MAX': ['134217728', '#', '128MB'], 'ERT_LDFLAGS': [], 'ERT_LDLIBS': [], 'ERT_RUN': ['./ERT_CODE'], 'ERT_FLOPS': ['1,4,16,64'], 'ERT_OPENMP_CFLAGS': ['-fopenmp'], 'ERT_MPI': ['False'], 'ERT_TRIALS_MIN': ['1'], 'ERT_DRIVER': ['driver1'], 'ERT_RESULTS': ['Sequential'], 'ERT_OPENMP': ['False'], 'ERT_KERNEL': ['kernel1'], 'ERT_GPU': [False], 'ERT_LD': ['cc'], 'ERT_NUM_EXPERIMENTS': ['1'], 'ERT_OPENMP_LDFLAGS': ['-fopenmp'], 'ERT_ALIGN': ['64'], 'ERT_GNUPLOT': ['gnuplot']}
