16 67108864 454097.033 454097.033 454097.033 4.72912944137 4.72912944137 4.72912944137 2.36456472069 2.36456472069 2.36456472069
32 33554432 226632.118 226632.118 226632.118 9.47563684685 9.47563684685 9.47563684685 4.73781842342 4.73781842342 4.73781842342
48 16777216 114233.971 114233.971 114233.971 14.099244926 14.099244926 14.099244926 7.04962246301 7.04962246301 7.04962246301
64 16777216 119174.957 119174.957 119174.957 18.0195881925 18.0195881925 18.0195881925 9.00979409625 9.00979409625 9.00979409625
80 8388608 59801.102 59801.102 59801.102 22.4440225199 22.4440225199 22.4440225199 11.2220112599 11.2220112599 11.2220112599
96 8388608 59350.967 59350.967 59350.967 27.1370934192 27.1370934192 27.1370934192 13.5685467096 13.5685467096 13.5685467096
112 8388608 60879.946 60879.946 60879.946 30.8648137106 30.8648137106 30.8648137106 15.4324068553 15.4324068553 15.4324068553
128 8388608 62386.036 62386.036 62386.036 34.4225051901 34.4225051901 34.4225051901 17.2112525951 17.2112525951 17.2112525951
144 4194304 33046.961 33046.961 33046.961 36.5528180337 36.5528180337 36.5528180337 18.2764090169 18.2764090169 18.2764090169
160 4194304 31795.979 31795.979 31795.979 42.2121702873 42.2121702873 42.2121702873 21.1060851437 21.1060851437 21.1060851437
176 4194304 32642.126 32642.126 32642.126 45.2297441656 45.2297441656 45.2297441656 22.6148720828 22.6148720828 22.6148720828
192 4194304 30481.1 30481.1 30481.1 52.8397182516 52.8397182516 52.8397182516 26.4198591258 26.4198591258 26.4198591258
208 4194304 30462.98 30462.98 30462.98 57.2770774232 57.2770774232 57.2770774232 28.6385387116 28.6385387116 28.6385387116
224 4194304 31394.958 31394.958 31394.958 59.8519097238 59.8519097238 59.8519097238 29.9259548619 29.9259548619 29.9259548619
240 4194304 31377.077 31377.077 31377.077 64.1635905091 64.1635905091 64.1635905091 32.0817952545 32.0817952545 32.0817952545
256 4194304 30285.12 30285.12 30285.12 70.9088703627 70.9088703627 70.9088703627 35.4544351814 35.4544351814 35.4544351814
272 2097152 15455.961 15455.961 15455.961 73.8129895643 73.8129895643 73.8129895643 36.9064947822 36.9064947822 36.9064947822
288 2097152 15356.064 15356.064 15356.064 78.6633574854 78.6633574854 78.6633574854 39.3316787427 39.3316787427 39.3316787427
304 2097152 15614.986 15614.986 15614.986 81.6567120841 81.6567120841 81.6567120841 40.8283560421 40.8283560421 40.8283560421
320 2097152 15879.869 15879.869 15879.869 84.5206770912 84.5206770912 84.5206770912 42.2603385456 42.2603385456 42.2603385456
352 2097152 16538.858 16538.858 16538.858 89.2682558856 89.2682558856 89.2682558856 44.6341279428 44.6341279428 44.6341279428
384 2097152 18697.977 18697.977 18697.977 86.138341918 86.138341918 86.138341918 43.069170959 43.069170959 43.069170959
416 2097152 15620.947 15620.947 15620.947 111.698123296 111.698123296 111.698123296 55.8490616478 55.8490616478 55.8490616478
448 2097152 18744.946 18744.946 18744.946 100.242923719 100.242923719 100.242923719 50.1214618596 50.1214618596 50.1214618596
480 2097152 16241.789 16241.789 16241.789 123.955921358 123.955921358 123.955921358 61.9779606791 61.9779606791 61.9779606791
528 1048576 11746.883 11746.883 11746.883 94.2629849978 94.2629849978 94.2629849978 47.1314924989 47.1314924989 47.1314924989
576 1048576 11658.907 11658.907 11658.907 103.608301533 103.608301533 103.608301533 51.8041507664 51.8041507664 51.8041507664
624 1048576 9788.036 9788.036 9788.036 133.696162131 133.696162131 133.696162131 66.8480810655 66.8480810655 66.8480810655
672 1048576 15115.023 15115.023 15115.023 93.2374462149 93.2374462149 93.2374462149 46.6187231075 46.6187231075 46.6187231075
736 1048576 9394.169 9394.169 9394.169 164.304460778 164.304460778 164.304460778 82.1522303889 82.1522303889 82.1522303889
800 1048576 10329.008 10329.008 10329.008 162.428144116 162.428144116 162.428144116 81.214072058 81.214072058 81.214072058
880 1048576 15803.814 15803.814 15803.814 116.775213882 116.775213882 116.775213882 58.387606941 58.387606941 58.387606941
960 1048576 13992.071 13992.071 13992.071 143.886199548 143.886199548 143.886199548 71.9430997742 71.9430997742 71.9430997742
1056 524288 6654.024 6654.024 6654.024 166.410018359 166.410018359 166.410018359 83.2050091794 83.2050091794 83.2050091794
1152 524288 8857.965 8857.965 8857.965 136.369871861 136.369871861 136.369871861 68.1849359305 68.1849359305 68.1849359305
1264 524288 9486.914 9486.914 9486.914 139.708240635 139.708240635 139.708240635 69.8541203177 69.8541203177 69.8541203177
1376 524288 10244.131 10244.131 10244.131 140.845580362 140.845580362 140.845580362 70.422790181 70.422790181 70.422790181
1504 524288 9293.079 9293.079 9293.079 169.702453191 169.702453191 169.702453191 84.8512265956 84.8512265956 84.8512265956
1648 524288 9817.839 9817.839 9817.839 176.011569145 176.011569145 176.011569145 88.0057845723 88.0057845723 88.0057845723
1808 524288 11293.888 11293.888 11293.888 167.862954547 167.862954547 167.862954547 83.9314772734 83.9314772734 83.9314772734
1984 524288 11498.213 11498.213 11498.213 180.930270121 180.930270121 180.930270121 90.4651350606 90.4651350606 90.4651350606
2176 262144 10118.961 10118.961 10118.961 112.743856607 112.743856607 112.743856607 56.3719283037 56.3719283037 56.3719283037
2384 262144 6186.962 6186.962 6186.962 202.022025026 202.022025026 202.022025026 101.011012513 101.011012513 101.011012513
2608 262144 6969.929 6969.929 6969.929 196.17747957 196.17747957 196.17747957 98.0887397849 98.0887397849 98.0887397849
2864 262144 12905.121 12905.121 12905.121 116.353874714 116.353874714 116.353874714 58.1769373569 58.1769373569 58.1769373569
3136 262144 14174.938 14174.938 14174.938 115.991136469 115.991136469 115.991136469 57.9955682346 57.9955682346 57.9955682346
3440 262144 16546.011 16546.011 16546.011 109.002146801 109.002146801 109.002146801 54.5010734007 54.5010734007 54.5010734007
3776 262144 9684.086 9684.086 9684.086 204.429358434 204.429358434 204.429358434 102.214679217 102.214679217 102.214679217
4144 131072 7949.829 7949.829 7949.829 136.647560092 136.647560092 136.647560092 68.3237800461 68.3237800461 68.3237800461
4544 131072 6388.903 6388.903 6388.903 186.445519051 186.445519051 186.445519051 93.2227595254 93.2227595254 93.2227595254
4992 131072 6143.093 6143.093 6143.093 213.023447309 213.023447309 213.023447309 106.511723655 106.511723655 106.511723655
5488 131072 6669.998 6669.998 6669.998 215.689160926 215.689160926 215.689160926 107.844580463 107.844580463 107.844580463
6032 131072 7082.939 7082.939 7082.939 223.248090658 223.248090658 223.248090658 111.624045329 111.624045329 111.624045329
6624 131072 7871.151 7871.151 7871.151 220.608378114 220.608378114 220.608378114 110.304189057 110.304189057 110.304189057
7280 131072 8682.013 8682.013 8682.013 219.811732602 219.811732602 219.811732602 109.905866301 109.905866301 109.905866301
8000 131072 9222.984 9222.984 9222.984 227.383241693 227.383241693 227.383241693 113.691620846 113.691620846 113.691620846
8800 65536 9808.064 9808.064 9808.064 117.60053768 117.60053768 117.60053768 58.80026884 58.80026884 58.80026884
9680 65536 5861.998 5861.998 5861.998 216.441042798 216.441042798 216.441042798 108.220521399 108.220521399 108.220521399
10640 65536 6526.947 6526.947 6526.947 213.668975709 213.668975709 213.668975709 106.834487855 106.834487855 106.834487855
11696 65536 7269.859 7269.859 7269.859 210.873156137 210.873156137 210.873156137 105.436578068 105.436578068 105.436578068
12864 65536 7990.122 7990.122 7990.122 211.024338302 211.024338302 211.024338302 105.512169151 105.512169151 105.512169151
14144 65536 8634.09 8634.09 8634.09 214.716590631 214.716590631 214.716590631 107.358295315 107.358295315 107.358295315
15552 65536 9325.027 9325.027 9325.027 218.597945507 218.597945507 218.597945507 109.298972754 109.298972754 109.298972754
17104 32768 5036.116 5036.116 5036.116 222.577824657 222.577824657 222.577824657 111.288912328 111.288912328 111.288912328
18800 32768 6064.892 6064.892 6064.892 203.149009084 203.149009084 203.149009084 101.574504542 101.574504542 101.574504542
20672 32768 8709.908 8709.908 8709.908 155.542422721 155.542422721 155.542422721 77.7712113607 77.7712113607 77.7712113607
22736 32768 12506.962 12506.962 12506.962 119.135765824 119.135765824 119.135765824 59.5678829119 59.5678829119 59.5678829119
25008 32768 7385.015 7385.015 7385.015 221.925654586 221.925654586 221.925654586 110.962827293 110.962827293 110.962827293
27504 32768 11245.966 11245.966 11245.966 160.279885605 160.279885605 160.279885605 80.1399428026 80.1399428026 80.1399428026
30240 32768 9666.92 9666.92 9666.92 205.009314239 205.009314239 205.009314239 102.504657119 102.504657119 102.504657119
33264 16384 4822.969 4822.969 4822.969 226.000779188 226.000779188 226.000779188 113.000389594 113.000389594 113.000389594
36576 16384 5496.025 5496.025 5496.025 218.070763506 218.070763506 218.070763506 109.035381753 109.035381753 109.035381753
40224 16384 6363.153 6363.153 6363.153 207.139453035 207.139453035 207.139453035 103.569726518 103.569726518 103.569726518
44240 16384 7284.88 7284.88 7284.88 198.995222982 198.995222982 198.995222982 99.4976114912 99.4976114912 99.4976114912
48656 16384 7390.022 7390.022 7390.022 215.744933912 215.744933912 215.744933912 107.872466956 107.872466956 107.872466956
53520 16384 11132.002 11132.002 11132.002 157.540697531 157.540697531 157.540697531 78.7703487657 78.7703487657 78.7703487657
58864 16384 8488.894 8488.894 8488.894 227.221066961 227.221066961 227.221066961 113.610533481 113.610533481 113.610533481
64736 16384 9598.97 9598.97 9598.97 220.989256972 220.989256972 220.989256972 110.494628486 110.494628486 110.494628486
71200 8192 6930.113 6930.113 6930.113 168.329261009 168.329261009 168.329261009 84.1646305046 84.1646305046 84.1646305046
78320 8192 10360.003 10360.003 10360.003 123.860473786 123.860473786 123.860473786 61.9302368928 61.9302368928 61.9302368928
86144 8192 8562.803 8562.803 8562.803 164.827252945 164.827252945 164.827252945 82.4136264725 82.4136264725 82.4136264725
94752 8192 9128.809 9128.809 9128.809 170.056879052 170.056879052 170.056879052 85.0284395259 85.0284395259 85.0284395259
104224 8192 10055.065 10055.065 10055.065 169.825457717 169.825457717 169.825457717 84.9127288585 84.9127288585 84.9127288585
114640 8192 11141.062 11141.062 11141.062 168.589112959 168.589112959 168.589112959 84.2945564794 84.2945564794 84.2945564794
126096 8192 14148.951 14148.951 14148.951 146.014843362 146.014843362 146.014843362 73.0074216809 73.0074216809 73.0074216809
138704 4096 6801.844 6801.844 6801.844 167.052224073 167.052224073 167.052224073 83.5261120367 83.5261120367 83.5261120367
152560 4096 7349.014 7349.014 7349.014 170.059754955 170.059754955 170.059754955 85.0298774774 85.0298774774 85.0298774774
167808 4096 8216.858 8216.858 8216.858 167.300339862 167.300339862 167.300339862 83.6501699311 83.6501699311 83.6501699311
184576 4096 9091.854 9091.854 9091.854 166.307839083 166.307839083 166.307839083 83.1539195416 83.1539195416 83.1539195416
203024 4096 10132.074 10132.074 10132.074 164.149275657 164.149275657 164.149275657 82.0746378283 82.0746378283 82.0746378283
223312 4096 16904.116 16904.116 16904.116 108.22050109 108.22050109 108.22050109 54.1102505449 54.1102505449 54.1102505449
245632 4096 12843.132 12843.132 12843.132 156.676529058 156.676529058 156.676529058 78.3382645292 78.3382645292 78.3382645292
270192 2048 9060.86 9060.86 9060.86 122.141433815 122.141433815 122.141433815 61.0707169077 61.0707169077 61.0707169077
297200 2048 7132.053 7132.053 7132.053 170.684542025 170.684542025 170.684542025 85.3422710123 85.3422710123 85.3422710123
326912 2048 8264.065 8264.065 8264.065 162.030617136 162.030617136 162.030617136 81.0153085679 81.0153085679 81.0153085679
359600 2048 8790.016 8790.016 8790.016 167.567567568 167.567567568 167.567567568 83.7837837838 83.7837837838 83.7837837838
395552 2048 9614.944 9614.944 9614.944 168.506544812 168.506544812 168.506544812 84.253272406 84.253272406 84.253272406
435104 2048 17379.999 17379.999 17379.999 102.542352505 102.542352505 102.542352505 51.2711762527 51.2711762527 51.2711762527
478608 2048 12092.829 12092.829 12092.829 162.110815261 162.110815261 162.110815261 81.0554076304 81.0554076304 81.0554076304
526464 1024 6381.989 6381.989 6381.989 168.943925162 168.943925162 168.943925162 84.4719625809 84.4719625809 84.4719625809
579104 1024 7032.871 7032.871 7032.871 168.637387491 168.637387491 168.637387491 84.3186937454 84.3186937454 84.3186937454
637008 1024 9386.063 9386.063 9386.063 138.992502394 138.992502394 138.992502394 69.4962511971 69.4962511971 69.4962511971
700704 1024 13634.92 13634.92 13634.92 105.247540286 105.247540286 105.247540286 52.6237701431 52.6237701431 52.6237701431
770768 1024 9537.935 9537.935 9537.935 165.500484539 165.500484539 165.500484539 82.7502422694 82.7502422694 82.7502422694
847840 1024 10303.02 10303.02 10303.02 168.530811354 168.530811354 168.530811354 84.2654056772 84.2654056772 84.2654056772
932624 1024 11953.115 11953.115 11953.115 159.792150582 159.792150582 159.792150582 79.8960752908 79.8960752908 79.8960752908
1025872 1024 12387.991 12387.991 12387.991 169.598593993 169.598593993 169.598593993 84.7992969966 84.7992969966 84.7992969966
1128448 512 6927.013 6927.013 6927.013 166.815155681 166.815155681 166.815155681 83.4075778405 83.4075778405 83.4075778405
1241280 512 7745.981 7745.981 7745.981 164.094221248 164.094221248 164.094221248 82.0471106242 82.0471106242 82.0471106242
1365408 512 9130.955 9130.955 9130.955 153.12503369 153.12503369 153.12503369 76.5625168452 76.5625168452 76.5625168452
1501936 512 10011.911 10011.911 10011.911 153.615275246 153.615275246 153.615275246 76.8076376228 76.8076376228 76.8076376228
1652128 512 11106.014 11106.014 11106.014 152.329996343 152.329996343 152.329996343 76.1649981713 76.1649981713 76.1649981713
1817328 512 11697.769 11697.769 11697.769 159.085366791 159.085366791 159.085366791 79.5426833954 79.5426833954 79.5426833954
1999056 512 13892.174 13892.174 13892.174 147.351548001 147.351548001 147.351548001 73.6757740005 73.6757740005 73.6757740005
2198960 256 11352.062 11352.062 11352.062 99.1773582632 99.1773582632 99.1773582632 49.5886791316 49.5886791316 49.5886791316
2418848 256 10461.092 10461.092 10461.092 118.386319134 118.386319134 118.386319134 59.1931595669 59.1931595669 59.1931595669
2660720 256 9582.043 9582.043 9582.043 142.171000485 142.171000485 142.171000485 71.0855002425 71.0855002425 71.0855002425
2926784 256 17225.981 17225.981 17225.981 86.9914699198 86.9914699198 86.9914699198 43.4957349599 43.4957349599 43.4957349599
3219456 256 29141.903 29141.903 29141.903 56.5632749515 56.5632749515 56.5632749515 28.2816374758 28.2816374758 28.2816374758
3541392 256 24662.018 24662.018 24662.018 73.5216681782 73.5216681782 73.5216681782 36.7608340891 36.7608340891 36.7608340891
3895520 256 44507.027 44507.027 44507.027 44.8132884724 44.8132884724 44.8132884724 22.4066442362 22.4066442362 22.4066442362
4285072 128 22757.053 22757.053 22757.053 48.2038879111 48.2038879111 48.2038879111 24.1019439556 24.1019439556 24.1019439556
4713568 128 37648.201 37648.201 37648.201 32.0512899939 32.0512899939 32.0512899939 16.025644997 16.025644997 16.025644997
5184912 128 49799.919 49799.919 49799.919 26.6534062435 26.6534062435 26.6534062435 13.3267031217 13.3267031217 13.3267031217
5703392 128 61590.91 61590.91 61590.91 23.7059064722 23.7059064722 23.7059064722 11.8529532361 11.8529532361 11.8529532361
6273728 128 78594.208 78594.208 78594.208 20.4350219802 20.4350219802 20.4350219802 10.2175109901 10.2175109901 10.2175109901
6901088 128 78496.933 78496.933 78496.933 22.5063382795 22.5063382795 22.5063382795 11.2531691397 11.2531691397 11.2531691397
7591184 128 92250.824 92250.824 92250.824 21.0658617423 21.0658617423 21.0658617423 10.5329308712 10.5329308712 10.5329308712
8350288 128 97548.008 97548.008 97548.008 21.9140684862 21.9140684862 21.9140684862 10.9570342431 10.9570342431 10.9570342431
9185312 64 53171.873 53171.873 53171.873 22.1116893136 22.1116893136 22.1116893136 11.0558446568 11.0558446568 11.0558446568
10103840 64 59280.872 59280.872 59280.872 21.8163376544 21.8163376544 21.8163376544 10.9081688272 10.9081688272 10.9081688272
11114224 64 65676.928 65676.928 65676.928 21.6608893766 21.6608893766 21.6608893766 10.8304446883 10.8304446883 10.8304446883
12225632 64 70765.972 70765.972 70765.972 22.1134657205 22.1134657205 22.1134657205 11.0567328603 11.0567328603 11.0567328603
13448192 64 77442.169 77442.169 77442.169 22.2277939555 22.2277939555 22.2277939555 11.1138969778 11.1138969778 11.1138969778
14793008 64 98902.941 98902.941 98902.941 19.1450830972 19.1450830972 19.1450830972 9.57254154859 9.57254154859 9.57254154859
16272304 64 107410.192 107410.192 107410.192 19.3915947194 19.3915947194 19.3915947194 9.69579735971 9.69579735971 9.69579735971
17899520 32 62534.094 62534.094 62534.094 18.3191153293 18.3191153293 18.3191153293 9.15955766466 9.15955766466 9.15955766466
19689472 32 61175.108 61175.108 61175.108 20.5986756574 20.5986756574 20.5986756574 10.2993378287 10.2993378287 10.2993378287
21658416 32 65433.979 65433.979 65433.979 21.1837740144 21.1837740144 21.1837740144 10.5918870072 10.5918870072 10.5918870072
23824256 32 71772.099 71772.099 71772.099 21.2443610434 21.2443610434 21.2443610434 10.6221805217 10.6221805217 10.6221805217
26206672 32 100528.955 100528.955 100528.955 16.6840191266 16.6840191266 16.6840191266 8.34200956331 8.34200956331 8.34200956331
28827328 32 117994.07 117994.07 117994.07 15.6359467217 15.6359467217 15.6359467217 7.81797336086 7.81797336086 7.81797336086
31710048 32 119261.98 119261.98 119261.98 17.0166810244 17.0166810244 17.0166810244 8.50834051221 8.50834051221 8.50834051221
34881040 16 63967.228 63967.228 63967.228 17.4494552117 17.4494552117 17.4494552117 8.72472760583 8.72472760583 8.72472760583
38369136 16 68061.113 68061.113 68061.113 18.0398512143 18.0398512143 18.0398512143 9.01992560715 9.01992560715 9.01992560715
42206048 16 71356.058 71356.058 71356.058 18.9275244997 18.9275244997 18.9275244997 9.46376224987 9.46376224987 9.46376224987
46426640 16 74365.854 74365.854 74365.854 19.9776160709 19.9776160709 19.9776160709 9.98880803547 9.98880803547 9.98880803547
51069296 16 78521.967 78521.967 78521.967 20.8122329895 20.8122329895 20.8122329895 10.4061164948 10.4061164948 10.4061164948
56176224 16 85762.024 85762.024 85762.024 20.9607829218 20.9607829218 20.9607829218 10.4803914609 10.4803914609 10.4803914609
61793840 16 104516.983 104516.983 104516.983 18.9194408721 18.9194408721 18.9194408721 9.45972043606 9.45972043606 9.45972043606
67973216 8 57883.024 57883.024 57883.024 18.7891264285 18.7891264285 18.7891264285 9.39456321425 9.39456321425 9.39456321425
74770528 8 59870.958 59870.958 59870.958 19.9817822858 19.9817822858 19.9817822858 9.99089114291 9.99089114291 9.99089114291
82247568 8 64188.957 64188.957 64188.957 20.5013626877 20.5013626877 20.5013626877 10.2506813438 10.2506813438 10.2506813438
90472320 8 79329.014 79329.014 79329.014 18.247511812 18.247511812 18.247511812 9.123755906 9.123755906 9.123755906
99519552 8 84531.784 84531.784 84531.784 18.8368535083 18.8368535083 18.8368535083 9.41842675413 9.41842675413 9.41842675413
109471504 8 121314.049 121314.049 121314.049 14.4380974705 14.4380974705 14.4380974705 7.21904873524 7.21904873524 7.21904873524
120418640 8 115633.011 115633.011 115633.011 16.6621817017 16.6621817017 16.6621817017 8.33109085086 8.33109085086 8.33109085086
132460496 8 143805.981 143805.981 143805.981 14.7376897766 14.7376897766 14.7376897766 7.36884488831 7.36884488831 7.36884488831
145706544 4 71950.912 71950.912 71950.912 16.2006612508 16.2006612508 16.2006612508 8.10033062541 8.10033062541 8.10033062541
160277184 4 83043.098 83043.098 83043.098 15.4403858103 15.4403858103 15.4403858103 7.72019290513 7.72019290513 7.72019290513
176304896 4 86545.944 86545.944 86545.944 16.2969990598 16.2969990598 16.2969990598 8.14849952991 8.14849952991 8.14849952991
193935376 4 93459.845 93459.845 93459.845 16.6005305059 16.6005305059 16.6005305059 8.30026525295 8.30026525295 8.30026525295
213328912 4 94336.987 94336.987 94336.987 18.0907971547 18.0907971547 18.0907971547 9.04539857734 9.04539857734 9.04539857734
234661792 4 107883.93 107883.93 107883.93 17.4010562648 17.4010562648 17.4010562648 8.70052813241 8.70052813241 8.70052813241
258127968 4 117832.899 117832.899 117832.899 17.5250185774 17.5250185774 17.5250185774 8.76250928868 8.76250928868 8.76250928868
283940752 2 67007.065 67007.065 67007.065 16.9498993576 16.9498993576 16.9498993576 8.47494967881 8.47494967881 8.47494967881
312334816 2 75456.142 75456.142 75456.142 16.5571579846 16.5571579846 16.5571579846 8.27857899228 8.27857899228 8.27857899228
343568288 2 77512.98 77512.98 77512.98 17.7295873801 17.7295873801 17.7295873801 8.86479369004 8.86479369004 8.86479369004
377925104 2 84583.998 84583.998 84583.998 17.8721797473 17.8721797473 17.8721797473 8.93608987364 8.93608987364 8.93608987364
415717600 2 94273.09 94273.09 94273.09 17.6388659797 17.6388659797 17.6388659797 8.81943298984 8.81943298984 8.81943298984
457289360 2 108733.892 108733.892 108733.892 16.8223302446 16.8223302446 16.8223302446 8.41116512228 8.41116512228 8.41116512228
503018288 2 111669.064 111669.064 111669.064 18.0181787142 18.0181787142 18.0181787142 9.0090893571 9.0090893571 9.0090893571
553320112 1 60883.045 60883.045 60883.045 18.1764927165 18.1764927165 18.1764927165 9.08824635824 9.08824635824 9.08824635824
608652112 1 69857.121 69857.121 69857.121 17.4256282906 17.4256282906 17.4256282906 8.71281414532 8.71281414532 8.71281414532
669517312 1 85913.897 85913.897 85913.897 15.5857744877 15.5857744877 15.5857744877 7.79288724384 7.79288724384 7.79288724384
736469040 1 69756.985 69756.985 69756.985 21.1152772729 21.1152772729 21.1152772729 10.5576386365 10.5576386365 10.5576386365
810115936 1 81221.104 81221.104 81221.104 19.9484098616 19.9484098616 19.9484098616 9.97420493078 9.97420493078 9.97420493078
891127520 1 81866.98 81866.98 81866.98 21.7701329645 21.7701329645 21.7701329645 10.8850664822 10.8850664822 10.8850664822
980240272 1 91521.978 91521.978 91521.978 21.4208716512 21.4208716512 21.4208716512 10.7104358256 10.7104358256 10.7104358256

META_DATA
ERT_VERSION  1.1.0
HOSTNAME  ('3689e1d83645', [], ['172.17.0.2'])
FLOPS          8
UNAME  ('Linux', '3689e1d83645', '5.4.72-microsoft-standard-WSL2', '#1 SMP Wed Oct 28 23:40:43 UTC 2020', 'x86_64', 'x86_64')
OPENMP_THREADS 2
TIMESTAMP_DATA  1620702347.73
CONFIG  {'ERT_WORKING_SET_MIN': ['1'], 'ERT_CFLAGS': ['-Ofast', '-march=native'], 'ERT_CC': ['cc'], 'ERT_MPI_CFLAGS': [], 'ERT_MPI_LDFLAGS': [], 'ERT_MEMORY_MAX': ['1073741824', '#', '1GB'], 'ERT_LDFLAGS': [], 'ERT_LDLIBS': [], 'ERT_RUN': ['export', 'OMP_NUM_THREADS=ERT_OPENMP_THREADS', ';', './ERT_CODE'], 'ERT_FLOPS': ['1,8,64'], 'ERT_OPENMP_CFLAGS': ['-fopenmp'], 'ERT_MPI': ['False'], 'ERT_TRIALS_MIN': ['1'], 'ERT_DRIVER': ['driver1'], 'ERT_RESULTS': ['OpenMP'], 'ERT_OPENMP': ['True'], 'ERT_OPENMP_THREADS': ['1,2,4,8'], 'ERT_KERNEL': ['kernel1'], 'ERT_GPU': [False], 'ERT_LD': ['cc'], 'ERT_NUM_EXPERIMENTS': ['1'], 'ERT_OPENMP_LDFLAGS': ['-fopenmp'], 'ERT_ALIGN': ['64'], 'ERT_GNUPLOT': ['gnuplot']}
