8 16777216 43209.0 43209.0 43209.0 6.21248943507 6.21248943507 6.21248943507 0.388280589692 0.388280589692 0.388280589692
16 8388608 21394.0 21394.0 21394.0 12.5472308124 12.5472308124 12.5472308124 0.784201925774 0.784201925774 0.784201925774
24 4194304 10718.0 10718.0 10718.0 18.7839701437 18.7839701437 18.7839701437 1.17399813398 1.17399813398 1.17399813398
32 4194304 10764.0 10764.0 10764.0 24.938262356 24.938262356 24.938262356 1.55864139725 1.55864139725 1.55864139725
40 2097152 5413.0 5413.0 5413.0 30.9943026048 30.9943026048 30.9943026048 1.9371439128 1.9371439128 1.9371439128
48 2097152 5415.0 5415.0 5415.0 37.1794260388 37.1794260388 37.1794260388 2.32371412742 2.32371412742 2.32371412742
56 2097152 5372.0 5372.0 5372.0 43.7231988086 43.7231988086 43.7231988086 2.73269992554 2.73269992554 2.73269992554
64 2097152 5839.0 5839.0 5839.0 45.9728474054 45.9728474054 45.9728474054 2.87330296284 2.87330296284 2.87330296284
72 1048576 3223.0 3223.0 3223.0 46.8491914365 46.8491914365 46.8491914365 2.92807446478 2.92807446478 2.92807446478
80 1048576 4130.0 4130.0 4130.0 40.6227990315 40.6227990315 40.6227990315 2.53892493947 2.53892493947 2.53892493947
88 1048576 3662.0 3662.0 3662.0 50.3957880939 50.3957880939 50.3957880939 3.14973675587 3.14973675587 3.14973675587
96 1048576 3874.0 3874.0 3874.0 51.9686608157 51.9686608157 51.9686608157 3.24804130098 3.24804130098 3.24804130098
104 1048576 4193.0 4193.0 4193.0 52.0161717148 52.0161717148 52.0161717148 3.25101073217 3.25101073217 3.25101073217
112 1048576 4379.0 4379.0 4379.0 53.6380506965 53.6380506965 53.6380506965 3.35237816853 3.35237816853 3.35237816853
120 1048576 7062.0 7062.0 7062.0 35.6355480034 35.6355480034 35.6355480034 2.22722175021 2.22722175021 2.22722175021
128 1048576 3253.0 3253.0 3253.0 82.5193532124 82.5193532124 82.5193532124 5.15745957578 5.15745957578 5.15745957578
136 524288 1621.0 1621.0 1621.0 87.9742973473 87.9742973473 87.9742973473 5.49839358421 5.49839358421 5.49839358421
144 524288 1588.0 1588.0 1588.0 95.08497733 95.08497733 95.08497733 5.94281108312 5.94281108312 5.94281108312
152 524288 1581.0 1581.0 1581.0 100.811860848 100.811860848 100.811860848 6.30074130297 6.30074130297 6.30074130297
160 524288 1613.0 1613.0 1613.0 104.01249845 104.01249845 104.01249845 6.50078115313 6.50078115313 6.50078115313
176 524288 1715.0 1715.0 1715.0 107.608965598 107.608965598 107.608965598 6.72556034985 6.72556034985 6.72556034985
192 524288 1960.0 1960.0 1960.0 102.71764898 102.71764898 102.71764898 6.41985306122 6.41985306122 6.41985306122
208 524288 2185.0 2185.0 2185.0 99.8186764302 99.8186764302 99.8186764302 6.23866727689 6.23866727689 6.23866727689
224 524288 2421.0 2421.0 2421.0 97.0181842214 97.0181842214 97.0181842214 6.06363651384 6.06363651384 6.06363651384
240 524288 2682.0 2682.0 2682.0 93.8323042506 93.8323042506 93.8323042506 5.86451901566 5.86451901566 5.86451901566
264 262144 1043.0 1043.0 1043.0 132.70568744 132.70568744 132.70568744 8.294105465 8.294105465 8.294105465
288 262144 1232.0 1232.0 1232.0 122.560831169 122.560831169 122.560831169 7.66005194805 7.66005194805 7.66005194805
312 262144 1422.0 1422.0 1422.0 115.033654008 115.033654008 115.033654008 7.18960337553 7.18960337553 7.18960337553
336 262144 1592.0 1592.0 1592.0 110.653748744 110.653748744 110.653748744 6.91585929648 6.91585929648 6.91585929648
368 262144 1819.0 1819.0 1819.0 106.068160528 106.068160528 106.068160528 6.62926003299 6.62926003299 6.62926003299
400 262144 1597.0 1597.0 1597.0 131.318221666 131.318221666 131.318221666 8.2073888541 8.2073888541 8.2073888541
440 262144 1890.0 1890.0 1890.0 122.056465608 122.056465608 122.056465608 7.62852910053 7.62852910053 7.62852910053
480 262144 2196.0 2196.0 2196.0 114.598469945 114.598469945 114.598469945 7.16240437158 7.16240437158 7.16240437158
528 131072 1041.0 1041.0 1041.0 132.960645533 132.960645533 132.960645533 8.31004034582 8.31004034582 8.31004034582
576 131072 1216.0 1216.0 1216.0 124.173473684 124.173473684 124.173473684 7.76084210526 7.76084210526 7.76084210526
632 131072 1448.0 1448.0 1448.0 114.416441989 114.416441989 114.416441989 7.15102762431 7.15102762431 7.15102762431
688 131072 1395.0 1395.0 1395.0 129.286789964 129.286789964 129.286789964 8.08042437276 8.08042437276 8.08042437276
752 131072 1653.0 1653.0 1653.0 119.257282517 119.257282517 119.257282517 7.45358015729 7.45358015729 7.45358015729
824 131072 1660.0 1660.0 1660.0 130.124491566 130.124491566 130.124491566 8.13278072289 8.13278072289 8.13278072289
904 131072 1768.0 1768.0 1768.0 134.037429864 134.037429864 134.037429864 8.37733936652 8.37733936652 8.37733936652
992 131072 2076.0 2076.0 2076.0 125.263414258 125.263414258 125.263414258 7.82896339114 7.82896339114 7.82896339114
1088 65536 1089.0 1089.0 1089.0 130.951640037 130.951640037 130.951640037 8.1844775023 8.1844775023 8.1844775023
1192 65536 1206.0 1206.0 1206.0 129.550434494 129.550434494 129.550434494 8.09690215589 8.09690215589 8.09690215589
1304 65536 1270.0 1270.0 1270.0 134.581014173 134.581014173 134.581014173 8.41131338583 8.41131338583 8.41131338583
1432 65536 1391.0 1391.0 1391.0 134.935373113 134.935373113 134.935373113 8.43346081955 8.43346081955 8.43346081955
1568 65536 1521.0 1521.0 1521.0 135.122219592 135.122219592 135.122219592 8.44513872452 8.44513872452 8.44513872452
1720 65536 1684.0 1684.0 1684.0 133.874014252 133.874014252 133.874014252 8.36712589074 8.36712589074 8.36712589074
1888 65536 1900.0 1900.0 1900.0 130.244176842 130.244176842 130.244176842 8.14026105263 8.14026105263 8.14026105263
2072 32768 999.0 999.0 999.0 135.926518519 135.926518519 135.926518519 8.49540740741 8.49540740741 8.49540740741
2272 32768 1159.0 1159.0 1159.0 128.470916307 128.470916307 128.470916307 8.0294322692 8.0294322692 8.0294322692
2496 32768 1218.0 1218.0 1218.0 134.300374384 134.300374384 134.300374384 8.39377339901 8.39377339901 8.39377339901
2744 32768 1315.0 1315.0 1315.0 136.753447909 136.753447909 136.753447909 8.5470904943 8.5470904943 8.5470904943
3016 32768 1662.0 1662.0 1662.0 118.926941035 118.926941035 118.926941035 7.43293381468 7.43293381468 7.43293381468
3312 32768 1622.0 1622.0 1622.0 133.81950185 133.81950185 133.81950185 8.3637188656 8.3637188656 8.3637188656
3640 32768 1776.0 1776.0 1776.0 134.319279279 134.319279279 134.319279279 8.39495495495 8.39495495495 8.39495495495
4000 32768 1928.0 1928.0 1928.0 135.966804979 135.966804979 135.966804979 8.4979253112 8.4979253112 8.4979253112
4400 16384 1127.0 1127.0 1127.0 127.931854481 127.931854481 127.931854481 7.99574090506 7.99574090506 7.99574090506
4840 16384 1260.0 1260.0 1260.0 125.870730159 125.870730159 125.870730159 7.86692063492 7.86692063492 7.86692063492
5320 16384 1345.0 1345.0 1345.0 129.610230483 129.610230483 129.610230483 8.1006394052 8.1006394052 8.1006394052
5848 16384 1505.0 1505.0 1505.0 127.327085714 127.327085714 127.327085714 7.95794285714 7.95794285714 7.95794285714
6432 16384 1605.0 1605.0 1605.0 131.316994393 131.316994393 131.316994393 8.20731214953 8.20731214953 8.20731214953
7072 16384 1761.0 1761.0 1761.0 131.593013061 131.593013061 131.593013061 8.2245633163 8.2245633163 8.2245633163
7776 16384 1944.0 1944.0 1944.0 131.072 131.072 131.072 8.192 8.192 8.192
8552 8192 1099.0 1099.0 1099.0 127.494056415 127.494056415 127.494056415 7.96837852593 7.96837852593 7.96837852593
9400 8192 1197.0 1197.0 1197.0 128.66299081 128.66299081 128.66299081 8.04143692565 8.04143692565 8.04143692565
10336 8192 1299.0 1299.0 1299.0 130.365684373 130.365684373 130.365684373 8.14785527329 8.14785527329 8.14785527329
11368 8192 1446.0 1446.0 1446.0 128.805886584 128.805886584 128.805886584 8.05036791148 8.05036791148 8.05036791148
12504 8192 1601.0 1601.0 1601.0 127.960984385 127.960984385 127.960984385 7.99756152405 7.99756152405 7.99756152405
13752 8192 1746.0 1746.0 1746.0 129.045113402 129.045113402 129.045113402 8.06531958763 8.06531958763 8.06531958763
15120 8192 1899.0 1899.0 1899.0 130.450805687 130.450805687 130.450805687 8.15317535545 8.15317535545 8.15317535545
16632 4096 1068.0 1068.0 1068.0 127.574292135 127.574292135 127.574292135 7.97339325843 7.97339325843 7.97339325843
18288 4096 1178.0 1178.0 1178.0 127.177670628 127.177670628 127.177670628 7.94860441426 7.94860441426 7.94860441426
20112 4096 1258.0 1258.0 1258.0 130.967809221 130.967809221 130.967809221 8.18548807631 8.18548807631 8.18548807631
22120 4096 1436.0 1436.0 1436.0 126.188746518 126.188746518 126.188746518 7.88679665738 7.88679665738 7.88679665738
24328 4096 1552.0 1552.0 1552.0 128.41171134 128.41171134 128.41171134 8.02573195876 8.02573195876 8.02573195876
26760 4096 1681.0 1681.0 1681.0 130.4092326 130.4092326 130.4092326 8.15057703748 8.15057703748 8.15057703748
29432 4096 1870.0 1870.0 1870.0 128.934194652 128.934194652 128.934194652 8.05838716578 8.05838716578 8.05838716578
32368 4096 2065.0 2065.0 2065.0 128.406128814 128.406128814 128.406128814 8.02538305085 8.02538305085 8.02538305085
35600 2048 1162.0 1162.0 1162.0 125.488468158 125.488468158 125.488468158 7.8430292599 7.8430292599 7.8430292599
39160 2048 1344.0 1344.0 1344.0 119.344761905 119.344761905 119.344761905 7.45904761905 7.45904761905 7.45904761905
43072 2048 1467.0 1467.0 1467.0 120.261017042 120.261017042 120.261017042 7.5163135651 7.5163135651 7.5163135651
47376 2048 1640.0 1640.0 1640.0 118.32444878 118.32444878 118.32444878 7.39527804878 7.39527804878 7.39527804878
52112 2048 1776.0 1776.0 1776.0 120.186234234 120.186234234 120.186234234 7.51163963964 7.51163963964 7.51163963964
57320 2048 1956.0 1956.0 1956.0 120.03206544 120.03206544 120.03206544 7.50200408998 7.50200408998 7.50200408998
63048 2048 2157.0 2157.0 2157.0 119.723972184 119.723972184 119.723972184 7.48274826147 7.48274826147 7.48274826147
69352 1024 1175.0 1175.0 1175.0 120.879060426 120.879060426 120.879060426 7.5549412766 7.5549412766 7.5549412766
76280 1024 1308.0 1308.0 1308.0 119.435351682 119.435351682 119.435351682 7.46470948012 7.46470948012 7.46470948012
83904 1024 1501.0 1501.0 1501.0 114.480607595 114.480607595 114.480607595 7.15503797468 7.15503797468 7.15503797468
92288 1024 1612.0 1612.0 1612.0 117.249270471 117.249270471 117.249270471 7.32807940447 7.32807940447 7.32807940447
101512 1024 1745.0 1745.0 1745.0 119.138438968 119.138438968 119.138438968 7.44615243553 7.44615243553 7.44615243553
111656 1024 1986.0 1986.0 1986.0 115.141736153 115.141736153 115.141736153 7.19635850957 7.19635850957 7.19635850957
122816 1024 2241.0 2241.0 2241.0 112.238807675 112.238807675 112.238807675 7.0149254797 7.0149254797 7.0149254797
135096 512 1241.0 1241.0 1241.0 111.473250604 111.473250604 111.473250604 6.96707816277 6.96707816277 6.96707816277
148600 512 1302.0 1302.0 1302.0 116.871274962 116.871274962 116.871274962 7.3044546851 7.3044546851 7.3044546851
163456 512 1458.0 1458.0 1458.0 114.800373114 114.800373114 114.800373114 7.17502331962 7.17502331962 7.17502331962
179800 512 1647.0 1647.0 1647.0 111.788221008 111.788221008 111.788221008 6.98676381299 6.98676381299 6.98676381299
197776 512 1821.0 1821.0 1821.0 111.215059857 111.215059857 111.215059857 6.95094124108 6.95094124108 6.95094124108
217552 512 1980.0 1980.0 1980.0 112.511741414 112.511741414 112.511741414 7.03198383838 7.03198383838 7.03198383838
239304 512 2191.0 2191.0 2191.0 111.842672752 111.842672752 111.842672752 6.99016704701 6.99016704701 6.99016704701
263232 256 1172.0 1172.0 1172.0 114.995549488 114.995549488 114.995549488 7.187221843 7.187221843 7.187221843
289552 256 1250.0 1250.0 1250.0 118.6004992 118.6004992 118.6004992 7.4125312 7.4125312 7.4125312
318504 256 1500.0 1500.0 1500.0 108.716032 108.716032 108.716032 6.794752 6.794752 6.794752
350352 256 1589.0 1589.0 1589.0 112.888750157 112.888750157 112.888750157 7.05554688483 7.05554688483 7.05554688483
385384 256 1772.0 1772.0 1772.0 111.352487585 111.352487585 111.352487585 6.95953047404 6.95953047404 6.95953047404
423920 256 1956.0 1956.0 1956.0 110.964744376 110.964744376 110.964744376 6.93529652352 6.93529652352 6.93529652352
466312 256 2478.0 2478.0 2478.0 96.3485649718 96.3485649718 96.3485649718 6.02178531073 6.02178531073 6.02178531073
512936 256 2443.0 2443.0 2443.0 107.500299632 107.500299632 107.500299632 6.71876872698 6.71876872698 6.71876872698
564224 128 1347.0 1347.0 1347.0 107.231881218 107.231881218 107.231881218 6.7019925761 6.7019925761 6.7019925761
620640 128 1476.0 1476.0 1476.0 107.644878049 107.644878049 107.644878049 6.72780487805 6.72780487805 6.72780487805
682704 128 1593.0 1593.0 1593.0 109.712632768 109.712632768 109.712632768 6.85703954802 6.85703954802 6.85703954802
750968 128 1688.0 1688.0 1688.0 113.890881517 113.890881517 113.890881517 7.11818009479 7.11818009479 7.11818009479
826064 128 1847.0 1847.0 1847.0 114.495064429 114.495064429 114.495064429 7.1559415268 7.1559415268 7.1559415268
908664 128 2135.0 2135.0 2135.0 108.954559251 108.954559251 108.954559251 6.80965995316 6.80965995316 6.80965995316
999528 128 2241.0 2241.0 2241.0 114.180797858 114.180797858 114.180797858 7.13629986613 7.13629986613 7.13629986613
1099480 64 1215.0 1215.0 1215.0 115.82999177 115.82999177 115.82999177 7.2393744856 7.2393744856 7.2393744856
1209424 64 1349.0 1349.0 1349.0 114.756317272 114.756317272 114.756317272 7.1722698295 7.1722698295 7.1722698295
1330360 64 1455.0 1455.0 1455.0 117.035106529 117.035106529 117.035106529 7.31469415808 7.31469415808 7.31469415808
1463392 64 1653.0 1653.0 1653.0 113.317710829 113.317710829 113.317710829 7.0823569268 7.0823569268 7.0823569268
1609728 64 1860.0 1860.0 1860.0 110.776980645 110.776980645 110.776980645 6.92356129032 6.92356129032 6.92356129032
1770696 64 2070.0 2070.0 2070.0 109.492313043 109.492313043 109.492313043 6.84326956522 6.84326956522 6.84326956522
1947760 64 2448.0 2448.0 2448.0 101.843660131 101.843660131 101.843660131 6.36522875817 6.36522875817 6.36522875817
2142536 32 1206.0 1206.0 1206.0 113.700086235 113.700086235 113.700086235 7.10625538972 7.10625538972 7.10625538972
2356784 32 1385.0 1385.0 1385.0 108.905542238 108.905542238 108.905542238 6.80659638989 6.80659638989 6.80659638989
2592456 32 1527.0 1527.0 1527.0 108.655654224 108.655654224 108.655654224 6.790978389 6.790978389 6.790978389
2851696 32 1775.0 1775.0 1775.0 102.82171493 102.82171493 102.82171493 6.4263571831 6.4263571831 6.4263571831
3136864 32 1761.0 1761.0 1761.0 114.003007382 114.003007382 114.003007382 7.12518796139 7.12518796139 7.12518796139
3450544 32 2964.0 2964.0 2964.0 74.5056734143 74.5056734143 74.5056734143 4.65660458839 4.65660458839 4.65660458839
3795592 32 2369.0 2369.0 2369.0 102.540265091 102.540265091 102.540265091 6.40876656817 6.40876656817 6.40876656817
4175144 32 5874.0 5874.0 5874.0 45.4901627511 45.4901627511 45.4901627511 2.84313517194 2.84313517194 2.84313517194
4592656 16 5755.0 5755.0 5755.0 25.5369230235 25.5369230235 25.5369230235 1.59605768897 1.59605768897 1.59605768897
5051920 16 8756.0 8756.0 8756.0 18.462932846 18.462932846 18.462932846 1.15393330288 1.15393330288 1.15393330288
5557112 16 10833.0 10833.0 10833.0 16.4153589957 16.4153589957 16.4153589957 1.02595993723 1.02595993723 1.02595993723
6112816 16 12709.0 12709.0 12709.0 15.3914636872 15.3914636872 15.3914636872 0.961966480447 0.961966480447 0.961966480447
6724096 16 15194.0 15194.0 15194.0 14.161581677 14.161581677 14.161581677 0.885098854811 0.885098854811 0.885098854811
7396504 16 16593.0 16593.0 16593.0 14.2643360453 14.2643360453 14.2643360453 0.891521002833 0.891521002833 0.891521002833
8136152 16 17841.0 17841.0 17841.0 14.5931766157 14.5931766157 14.5931766157 0.912073538479 0.912073538479 0.912073538479
8949760 8 9477.0 9477.0 9477.0 15.1098617706 15.1098617706 15.1098617706 0.944366360663 0.944366360663 0.944366360663
9844736 8 10768.0 10768.0 10768.0 14.6281367013 14.6281367013 14.6281367013 0.914258543834 0.914258543834 0.914258543834
10829208 8 12645.0 12645.0 12645.0 13.7024379597 13.7024379597 13.7024379597 0.856402372479 0.856402372479 0.856402372479
11912128 8 13788.0 13788.0 13788.0 13.8231830577 13.8231830577 13.8231830577 0.863948941108 0.863948941108 0.863948941108
13103336 8 15407.0 15407.0 15407.0 13.6076702797 13.6076702797 13.6076702797 0.850479392484 0.850479392484 0.850479392484
14413664 8 17257.0 17257.0 17257.0 13.363772614 13.363772614 13.363772614 0.835235788376 0.835235788376 0.835235788376
15855024 8 18923.0 18923.0 18923.0 13.4059284469 13.4059284469 13.4059284469 0.837870527929 0.837870527929 0.837870527929
17440520 4 9925.0 9925.0 9925.0 14.0578498741 14.0578498741 14.0578498741 0.878615617128 0.878615617128 0.878615617128
19184568 4 11105.0 11105.0 11105.0 13.8204902296 13.8204902296 13.8204902296 0.863780639352 0.863780639352 0.863780639352
21103024 4 11919.0 11919.0 11919.0 14.1642916352 14.1642916352 14.1642916352 0.8852682272 0.8852682272 0.8852682272
23213320 4 14278.0 14278.0 14278.0 13.0064827007 13.0064827007 13.0064827007 0.812905168791 0.812905168791 0.812905168791
25534648 4 16397.0 16397.0 16397.0 12.4582047936 12.4582047936 12.4582047936 0.778637799597 0.778637799597 0.778637799597
28088112 4 18006.0 18006.0 18006.0 12.4794455182 12.4794455182 12.4794455182 0.779965344885 0.779965344885 0.779965344885
30896920 4 21350.0 21350.0 21350.0 11.5773002342 11.5773002342 11.5773002342 0.723581264637 0.723581264637 0.723581264637
33986608 2 11535.0 11535.0 11535.0 11.7855597746 11.7855597746 11.7855597746 0.736597485912 0.736597485912 0.736597485912
37385264 2 12481.0 12481.0 12481.0 11.9814963545 11.9814963545 11.9814963545 0.748843522154 0.748843522154 0.748843522154
41123784 2 14345.0 14345.0 14345.0 11.4670711746 11.4670711746 11.4670711746 0.716691948414 0.716691948414 0.716691948414
45236160 2 15538.0 15538.0 15538.0 11.6452979791 11.6452979791 11.6452979791 0.727831123697 0.727831123697 0.727831123697
49759776 2 17228.0 17228.0 17228.0 11.5532333411 11.5532333411 11.5532333411 0.722077083817 0.722077083817 0.722077083817
54735752 2 19216.0 19216.0 19216.0 11.3937868443 11.3937868443 11.3937868443 0.712111677769 0.712111677769 0.712111677769
60209320 2 21582.0 21582.0 21582.0 11.1591733852 11.1591733852 11.1591733852 0.697448336577 0.697448336577 0.697448336577
66230248 2 23415.0 23415.0 23415.0 11.3141572496 11.3141572496 11.3141572496 0.707134828102 0.707134828102 0.707134828102
72853272 1 13580.0 13580.0 13580.0 10.7294951399 10.7294951399 10.7294951399 0.670593446244 0.670593446244 0.670593446244
80138592 1 15718.0 15718.0 15718.0 10.1970469525 10.1970469525 10.1970469525 0.637315434534 0.637315434534 0.637315434534
88152448 1 16194.0 16194.0 16194.0 10.8870505125 10.8870505125 10.8870505125 0.680440657033 0.680440657033 0.680440657033
96967688 1 17317.0 17317.0 17317.0 11.1991324132 11.1991324132 11.1991324132 0.699945775827 0.699945775827 0.699945775827
106664456 1 18948.0 18948.0 18948.0 11.2586506228 11.2586506228 11.2586506228 0.703665663922 0.703665663922 0.703665663922
117330896 1 20218.0 20218.0 20218.0 11.6065779009 11.6065779009 11.6065779009 0.725411118805 0.725411118805 0.725411118805
129063984 1 21397.0 21397.0 21397.0 12.0637457588 12.0637457588 12.0637457588 0.753984109922 0.753984109922 0.753984109922

META_DATA
ERT_VERSION  1.1.0
HOSTNAME  ('af11b929b168', [], ['172.17.0.2'])
FLOPS          1
TIMESTAMP_DATA  1619406535.55
UNAME  ('Linux', 'af11b929b168', '5.4.72-microsoft-standard-WSL2', '#1 SMP Wed Oct 28 23:40:43 UTC 2020', 'x86_64', 'x86_64')
CONFIG  {'ERT_WORKING_SET_MIN': ['1'], 'ERT_CFLAGS': ['-Ofast', '-march=native'], 'ERT_CC': ['cc'], 'ERT_MPI_CFLAGS': [], 'ERT_MPI_LDFLAGS': [], 'ERT_MEMORY_MAX': ['134217728', '#', '128MB'], 'ERT_LDFLAGS': [], 'ERT_LDLIBS': [], 'ERT_RUN': ['./ERT_CODE'], 'ERT_FLOPS': ['1,4,16,64'], 'ERT_OPENMP_CFLAGS': ['-fopenmp'], 'ERT_MPI': ['False'], 'ERT_TRIALS_MIN': ['1'], 'ERT_DRIVER': ['driver1'], 'ERT_RESULTS': ['Sequential'], 'ERT_OPENMP': ['False'], 'ERT_KERNEL': ['kernel1'], 'ERT_GPU': [False], 'ERT_LD': ['cc'], 'ERT_NUM_EXPERIMENTS': ['1'], 'ERT_OPENMP_LDFLAGS': ['-fopenmp'], 'ERT_ALIGN': ['64'], 'ERT_GNUPLOT': ['gnuplot']}
