64 16777216 48704.863 48704.863 48704.863 44.0917706308 44.0917706308 44.0917706308 2.75573566442 2.75573566442 2.75573566442
128 8388608 23778.915 23778.915 23778.915 90.3104135744 90.3104135744 90.3104135744 5.6444008484 5.6444008484 5.6444008484
192 4194304 15409.946 15409.946 15409.946 104.517740426 104.517740426 104.517740426 6.5323587766 6.5323587766 6.5323587766
256 4194304 19095.898 19095.898 19095.898 112.457850791 112.457850791 112.457850791 7.02861567442 7.02861567442 7.02861567442
320 2097152 12178.183 12178.183 12178.183 110.211620239 110.211620239 110.211620239 6.88822626495 6.88822626495 6.88822626495
384 2097152 16314.03 16314.03 16314.03 98.7256205855 98.7256205855 98.7256205855 6.17035128659 6.17035128659 6.17035128659
448 2097152 17485.857 17485.857 17485.857 107.461029334 107.461029334 107.461029334 6.71631433335 6.71631433335 6.71631433335
512 2097152 20385.981 20385.981 20385.981 105.341197365 105.341197365 105.341197365 6.58382483531 6.58382483531 6.58382483531
576 1048576 11423.826 11423.826 11423.826 105.740366844 105.740366844 105.740366844 6.60877292774 6.60877292774 6.60877292774
640 1048576 11969.09 11969.09 11969.09 112.136952768 112.136952768 112.136952768 7.00855954797 7.00855954797 7.00855954797
704 1048576 13173.819 13173.819 13173.819 112.070388093 112.070388093 112.070388093 7.00439925583 7.00439925583 7.00439925583
768 1048576 14649.153 14649.153 14649.153 109.945792497 109.945792497 109.945792497 6.87161203108 6.87161203108 6.87161203108
832 1048576 15924.931 15924.931 15924.931 109.565966973 109.565966973 109.565966973 6.84787293584 6.84787293584 6.84787293584
896 1048576 17002.106 17002.106 17002.106 110.51855529 110.51855529 110.51855529 6.9074097056 6.9074097056 6.9074097056
960 1048576 17847.061 17847.061 17847.061 112.80658031 112.80658031 112.80658031 7.0504112694 7.0504112694 7.0504112694
1024 1048576 4080.057 4080.057 4080.057 526.33667814 526.33667814 526.33667814 32.8960423837 32.8960423837 32.8960423837
1088 524288 2315.998 2315.998 2315.998 492.595713813 492.595713813 492.595713813 30.7872321133 30.7872321133 30.7872321133
1152 524288 2577.066 2577.066 2577.066 468.734425894 468.734425894 468.734425894 29.2959016184 29.2959016184 29.2959016184
1216 524288 3037.93 3037.93 3037.93 419.716193592 419.716193592 419.716193592 26.2322620995 26.2322620995 26.2322620995
1280 524288 3654.957 3654.957 3654.957 367.221086322 367.221086322 367.221086322 22.9513178951 22.9513178951 22.9513178951
1408 524288 4888.058 4888.058 4888.058 302.041221278 302.041221278 302.041221278 18.8775763299 18.8775763299 18.8775763299
1536 524288 5695.82 5695.82 5695.82 282.771003297 282.771003297 282.771003297 17.6731877061 17.6731877061 17.6731877061
1664 524288 6732.941 6732.941 6732.941 259.148337109 259.148337109 259.148337109 16.1967710693 16.1967710693 16.1967710693
1792 524288 8090.973 8090.973 8090.973 232.240076935 232.240076935 232.240076935 14.5150048084 14.5150048084 14.5150048084
1920 524288 9153.128 9153.128 9153.128 219.953869322 219.953869322 219.953869322 13.7471168326 13.7471168326 13.7471168326
2112 262144 2185.106 2185.106 2185.106 506.747158261 506.747158261 506.747158261 31.6716973913 31.6716973913 31.6716973913
2304 262144 2562.046 2562.046 2562.046 471.48238244 471.48238244 471.48238244 29.4676489025 29.4676489025 29.4676489025
2496 262144 2968.073 2968.073 2968.073 440.899818839 440.899818839 440.899818839 27.5562386774 27.5562386774 27.5562386774
2688 262144 3607.988 3607.988 3607.988 390.601671624 390.601671624 390.601671624 24.4126044765 24.4126044765 24.4126044765
2944 262144 4720.926 4720.926 4720.926 326.949389166 326.949389166 326.949389166 20.4343368229 20.4343368229 20.4343368229
3200 262144 3319.979 3319.979 3319.979 505.34102776 505.34102776 505.34102776 31.583814235 31.583814235 31.583814235
3520 262144 3987.789 3987.789 3987.789 462.786210604 462.786210604 462.786210604 28.9241381628 28.9241381628 28.9241381628
3840 262144 4625.082 4625.082 4625.082 435.293021832 435.293021832 435.293021832 27.2058138645 27.2058138645 27.2058138645
4224 131072 2187.967 2187.967 2187.967 506.084532354 506.084532354 506.084532354 31.6302832721 31.6302832721 31.6302832721
4608 131072 2552.032 2552.032 2552.032 473.332447242 473.332447242 473.332447242 29.5832779526 29.5832779526 29.5832779526
5056 131072 3020.048 3020.048 3020.048 438.867218004 438.867218004 438.867218004 27.4292011253 27.4292011253 27.4292011253
5504 131072 2936.84 2936.84 2936.84 491.290154043 491.290154043 491.290154043 30.7056346277 30.7056346277 30.7056346277
6016 131072 3444.195 3444.195 3444.195 457.888796656 457.888796656 457.888796656 28.618049791 28.618049791 28.618049791
6592 131072 3509.045 3509.045 3509.045 492.456850226 492.456850226 492.456850226 30.7785531391 30.7785531391 30.7785531391
7232 131072 3648.043 3648.043 3648.043 519.682856808 519.682856808 519.682856808 32.4801785505 32.4801785505 32.4801785505
7936 131072 4343.033 4343.033 4343.033 479.014270442 479.014270442 479.014270442 29.9383919026 29.9383919026 29.9383919026
8704 65536 2305.031 2305.031 2305.031 494.939412095 494.939412095 494.939412095 30.9337132559 30.9337132559 30.9337132559
9536 65536 2464.771 2464.771 2464.771 507.106985598 507.106985598 507.106985598 31.6941865999 31.6941865999 31.6941865999
10432 65536 2667.904 2667.904 2667.904 512.515856643 512.515856643 512.515856643 32.0322410402 32.0322410402 32.0322410402
11456 65536 3021.002 3021.002 3021.002 497.040661343 497.040661343 497.040661343 31.065041334 31.065041334 31.065041334
12544 65536 3195.047 3195.047 3195.047 514.598742366 514.598742366 514.598742366 32.1624213979 32.1624213979 32.1624213979
13760 65536 3557.92 3557.92 3557.92 506.911543823 506.911543823 506.911543823 31.681971489 31.681971489 31.681971489
15104 65536 3983.021 3983.021 3983.021 497.037672661 497.037672661 497.037672661 31.0648545413 31.0648545413 31.0648545413
16576 32768 2104.044 2104.044 2104.044 516.303240807 516.303240807 516.303240807 32.2689525504 32.2689525504 32.2689525504
18176 32768 2316.952 2316.952 2316.952 514.116104261 514.116104261 514.116104261 32.1322565163 32.1322565163 32.1322565163
19968 32768 2556.086 2556.086 2556.086 511.963544263 511.963544263 511.963544263 31.9977215164 31.9977215164 31.9977215164
21952 32768 2784.967 2784.967 2784.967 516.575698024 516.575698024 516.575698024 32.2859811265 32.2859811265 32.2859811265
24128 32768 3098.011 3098.011 3098.011 510.408971434 510.408971434 510.408971434 31.9005607146 31.9005607146 31.9005607146
26496 32768 3412.962 3412.962 3412.962 508.778549541 508.778549541 508.778549541 31.7986593463 31.7986593463 31.7986593463
29120 32768 3687.143 3687.143 3687.143 517.584568865 517.584568865 517.584568865 32.3490355541 32.3490355541 32.3490355541
32000 32768 4034.042 4034.042 4034.042 519.863699981 519.863699981 519.863699981 32.4914812488 32.4914812488 32.4914812488
35200 16384 2211.809 2211.809 2211.809 521.488790397 521.488790397 521.488790397 32.5930493998 32.5930493998 32.5930493998
38720 16384 2541.065 2541.065 2541.065 499.309132195 499.309132195 499.309132195 31.2068207622 31.2068207622 31.2068207622
42560 16384 2732.992 2732.992 2732.992 510.285460038 510.285460038 510.285460038 31.8928412524 31.8928412524 31.8928412524
46784 16384 2981.186 2981.186 2981.186 514.230951038 514.230951038 514.230951038 32.1394344399 32.1394344399 32.1394344399
51456 16384 3242.016 3242.016 3242.016 520.080779367 520.080779367 520.080779367 32.5050487104 32.5050487104 32.5050487104
56576 16384 3320.932 3320.932 3320.932 558.24159242 558.24159242 558.24159242 34.8900995263 34.8900995263 34.8900995263
62208 16384 3906.012 3906.012 3906.012 521.870322979 521.870322979 521.870322979 32.6168951862 32.6168951862 32.6168951862
68416 8192 2173.901 2173.901 2173.901 515.629618828 515.629618828 515.629618828 32.2268511768 32.2268511768 32.2268511768
75200 8192 2616.882 2616.882 2616.882 470.818630722 470.818630722 470.818630722 29.4261644201 29.4261644201 29.4261644201
82688 8192 2617.836 2617.836 2617.836 517.511483531 517.511483531 517.511483531 32.3444677207 32.3444677207 32.3444677207
90944 8192 2880.096 2880.096 2880.096 517.353066009 517.353066009 517.353066009 32.3345666256 32.3345666256 32.3345666256
100032 8192 3206.015 3206.015 3206.015 511.202938227 511.202938227 511.202938227 31.9501836392 31.9501836392 31.9501836392
110016 8192 3475.904 3475.904 3475.904 518.57074994 518.57074994 518.57074994 32.4106718713 32.4106718713 32.4106718713
120960 8192 3754.139 3754.139 3754.139 527.899643567 527.899643567 527.899643567 32.9937277229 32.9937277229 32.9937277229
133056 4096 2102.137 2102.137 2102.137 518.517466749 518.517466749 518.517466749 32.4073416718 32.4073416718 32.4073416718
146304 4096 2369.881 2369.881 2369.881 505.731033752 505.731033752 505.731033752 31.6081896095 31.6081896095 31.6081896095
160896 4096 2700.09 2700.09 2700.09 488.154110419 488.154110419 488.154110419 30.5096319012 30.5096319012 30.5096319012
176960 4096 2897.024 2897.024 2897.024 500.394998454 500.394998454 500.394998454 31.2746874033 31.2746874033 31.2746874033
194624 4096 3158.092 3158.092 3158.092 504.849069628 504.849069628 504.849069628 31.5530668518 31.5530668518 31.5530668518
214080 4096 3473.043 3473.043 3473.043 504.958723517 504.958723517 504.958723517 31.5599202198 31.5599202198 31.5599202198
235456 4096 3873.11 3873.11 3873.11 498.012076084 498.012076084 498.012076084 31.1257547552 31.1257547552 31.1257547552
258944 4096 4568.815 4568.815 4568.815 464.293093067 464.293093067 464.293093067 29.0183183167 29.0183183167 29.0183183167
284800 2048 2449.036 2449.036 2449.036 476.326521946 476.326521946 476.326521946 29.7704076216 29.7704076216 29.7704076216
313280 2048 2556.801 2556.801 2556.801 501.87514789 501.87514789 501.87514789 31.3671967431 31.3671967431 31.3671967431
344576 2048 2804.995 2804.995 2804.995 503.167847358 503.167847358 503.167847358 31.4479904599 31.4479904599 31.4479904599
379008 2048 3138.065 3138.065 3138.065 494.705102667 494.705102667 494.705102667 30.9190689167 30.9190689167 30.9190689167
416896 2048 3376.007 3376.007 3376.007 505.806420425 505.806420425 505.806420425 31.6129012766 31.6129012766 31.6129012766
458560 2048 3708.839 3708.839 3708.839 506.428496896 506.428496896 506.428496896 31.651781056 31.651781056 31.651781056
504384 2048 4120.111 4120.111 4120.111 501.432331313 501.432331313 501.432331313 31.3395207071 31.3395207071 31.3395207071
554816 1024 2257.109 2257.109 2257.109 503.415283887 503.415283887 503.415283887 31.463455243 31.463455243 31.463455243
610240 1024 2470.97 2470.97 2470.97 505.78174563 505.78174563 505.78174563 31.6113591019 31.6113591019 31.6113591019
671232 1024 2727.985 2727.985 2727.985 503.918876387 503.918876387 503.918876387 31.4949297742 31.4949297742 31.4949297742
738304 1024 2964.973 2964.973 2964.973 509.969767684 509.969767684 509.969767684 31.8731104803 31.8731104803 31.8731104803
812096 1024 3270.864 3270.864 3270.864 508.481125476 508.481125476 508.481125476 31.7800703423 31.7800703423 31.7800703423
893248 1024 3611.088 3611.088 3611.088 506.598538723 506.598538723 506.598538723 31.6624086702 31.6624086702 31.6624086702
982528 1024 4023.79 4023.79 4023.79 500.080109548 500.080109548 500.080109548 31.2550068468 31.2550068468 31.2550068468
1080768 512 2187.014 2187.014 2187.014 506.035366943 506.035366943 506.035366943 31.627210434 31.627210434 31.627210434
1188800 512 2418.041 2418.041 2418.041 503.436955784 503.436955784 503.436955784 31.4648097365 31.4648097365 31.4648097365
1307648 512 2662.897 2662.897 2662.897 502.847670038 502.847670038 502.847670038 31.4279793773 31.4279793773 31.4279793773
1438400 512 2979.04 2979.04 2979.04 494.428272195 494.428272195 494.428272195 30.9017670122 30.9017670122 30.9017670122
1582208 512 3333.092 3333.092 3333.092 486.089490479 486.089490479 486.089490479 30.3805931549 30.3805931549 30.3805931549
1740416 512 3637.791 3637.791 3637.791 489.908844131 489.908844131 489.908844131 30.6193027582 30.6193027582 30.6193027582
1914432 512 3982.067 3982.067 3982.067 492.301703613 492.301703613 492.301703613 30.7688564758 30.7688564758 30.7688564758
2105856 256 2248.049 2248.049 2248.049 479.615111592 479.615111592 479.615111592 29.9759444745 29.9759444745 29.9759444745
2316416 256 2401.114 2401.114 2401.114 493.939476426 493.939476426 493.939476426 30.8712172766 30.8712172766 30.8712172766
2548032 256 2659.798 2659.798 2659.798 490.485512058 490.485512058 490.485512058 30.6553445036 30.6553445036 30.6553445036
2802816 256 2899.17 2899.17 2899.17 494.98366498 494.98366498 494.98366498 30.9364790612 30.9364790612 30.9364790612
3083072 256 3294.945 3294.945 3294.945 479.077151212 479.077151212 479.077151212 29.9423219507 29.9423219507 29.9423219507
3391360 256 3806.829 3806.829 3806.829 456.121438604 456.121438604 456.121438604 28.5075899128 28.5075899128 28.5075899128
3730496 256 3996.134 3996.134 3996.134 477.965441599 477.965441599 477.965441599 29.8728401 29.8728401 29.8728401
4103488 256 4830.837 4830.837 4830.837 434.911353043 434.911353043 434.911353043 27.1819595652 27.1819595652 27.1819595652
4513792 128 2439.022 2439.022 2439.022 473.768072613 473.768072613 473.768072613 29.6105045383 29.6105045383 29.6105045383
4965120 128 2722.025 2722.025 2722.025 466.957768573 466.957768573 466.957768573 29.1848605358 29.1848605358 29.1848605358
5461632 128 2912.998 2912.998 2912.998 479.978974239 479.978974239 479.978974239 29.9986858899 29.9986858899 29.9986858899
6007744 128 3253.937 3253.937 3253.937 472.652809197 472.652809197 472.652809197 29.5408005748 29.5408005748 29.5408005748
6608512 128 3875.017 3875.017 3875.017 436.586232267 436.586232267 436.586232267 27.2866395167 27.2866395167 27.2866395167
7269312 128 5001.068 5001.068 5001.068 372.109291855 372.109291855 372.109291855 23.256830741 23.256830741 23.256830741
7996224 128 4979.134 4979.134 4979.134 411.122364652 411.122364652 411.122364652 25.6951477908 25.6951477908 25.6951477908
8795840 64 5477.905 5477.905 5477.905 205.528850902 205.528850902 205.528850902 12.8455531814 12.8455531814 12.8455531814
9675392 64 17900.944 17900.944 17900.944 69.1835121098 69.1835121098 69.1835121098 4.32396950686 4.32396950686 4.32396950686
10642880 64 12636.9 12636.9 12636.9 107.802438889 107.802438889 107.802438889 6.73765243058 6.73765243058 6.73765243058
11707136 64 12877.941 12877.941 12877.941 116.362810483 116.362810483 116.362810483 7.27267565522 7.27267565522 7.27267565522
12877824 64 17900.944 17900.944 17900.944 92.0823768847 92.0823768847 92.0823768847 5.75514855529 5.75514855529 5.75514855529
14165568 64 36670.923 36670.923 36670.923 49.444970447 49.444970447 49.444970447 3.09031065294 3.09031065294 3.09031065294
15582080 64 30128.956 30128.956 30128.956 66.1989827991 66.1989827991 66.1989827991 4.13743642495 4.13743642495 4.13743642495
17140288 32 24501.085 24501.085 24501.085 44.7726470889 44.7726470889 44.7726470889 2.79829044306 2.79829044306 2.79829044306
18854272 32 49865.007 49865.007 49865.007 24.1988015363 24.1988015363 24.1988015363 1.51242509602 1.51242509602 1.51242509602
20739648 32 54370.165 54370.165 54370.165 24.4129748733 24.4129748733 24.4129748733 1.52581092958 1.52581092958 1.52581092958
22813568 32 59056.997 59056.997 59056.997 24.723037509 24.723037509 24.723037509 1.54518984431 1.54518984431 1.54518984431
25094912 32 64564.943 64564.943 64564.943 24.8753316177 24.8753316177 24.8753316177 1.5547082261 1.5547082261 1.5547082261
27604352 32 81598.997 81598.997 81598.997 21.6507382805 21.6507382805 21.6507382805 1.35317114253 1.35317114253 1.35317114253
30364736 32 90791.941 90791.941 90791.941 21.404356847 21.404356847 21.404356847 1.33777230294 1.33777230294 1.33777230294
33401152 32 102174.044 102174.044 102174.044 20.9218862669 20.9218862669 20.9218862669 1.30761789168 1.30761789168 1.30761789168
36741248 16 54901.838 54901.838 54901.838 21.4149467273 21.4149467273 21.4149467273 1.33843417046 1.33843417046 1.33843417046
40415360 16 62607.05 62607.05 62607.05 20.6572825265 20.6572825265 20.6572825265 1.29108015791 1.29108015791 1.29108015791
44456896 16 70307.97 70307.97 70307.97 20.2341309527 20.2341309527 20.2341309527 1.26463318455 1.26463318455 1.26463318455
48902528 16 77690.125 77690.125 77690.125 20.142597222 20.142597222 20.142597222 1.25891232637 1.25891232637 1.25891232637
53792768 16 84307.909 84307.909 84307.909 20.417640485 20.417640485 20.417640485 1.27610253031 1.27610253031 1.27610253031
59172032 16 90814.114 90814.114 90814.114 20.8503385718 20.8503385718 20.8503385718 1.30314616074 1.30314616074 1.30314616074
65089216 16 96647.978 96647.978 96647.978 21.5509414175 21.5509414175 21.5509414175 1.3469338386 1.3469338386 1.3469338386
71598080 8 51337.957 51337.957 51337.957 22.3142747967 22.3142747967 22.3142747967 1.39464217479 1.39464217479 1.39464217479
78757888 8 58734.894 58734.894 58734.894 21.4544731791 21.4544731791 21.4544731791 1.34090457369 1.34090457369 1.34090457369
86633664 8 62381.029 62381.029 62381.029 22.2205155353 22.2205155353 22.2205155353 1.38878222095 1.38878222095 1.38878222095
95297024 8 67348.003 67348.003 67348.003 22.639904913 22.639904913 22.639904913 1.41499405706 1.41499405706 1.41499405706
104826688 8 72702.885 72702.885 72702.885 23.0696073203 23.0696073203 23.0696073203 1.44185045752 1.44185045752 1.44185045752
115309312 8 80949.068 80949.068 80949.068 22.7914791063 22.7914791063 22.7914791063 1.42446744415 1.42446744415 1.42446744415
126840192 8 93384.981 93384.981 93384.981 21.7320071201 21.7320071201 21.7320071201 1.358250445 1.358250445 1.358250445
139524160 4 47644.138 47644.138 47644.138 23.4277148639 23.4277148639 23.4277148639 1.46423217899 1.46423217899 1.46423217899
153476544 4 52196.026 52196.026 52196.026 23.5231002452 23.5231002452 23.5231002452 1.47019376533 1.47019376533 1.47019376533
168824192 4 66338.062 66338.062 66338.062 20.3592552342 20.3592552342 20.3592552342 1.27245345214 1.27245345214 1.27245345214
185706560 4 67591.906 67591.906 67591.906 21.9797394084 21.9797394084 21.9797394084 1.37373371303 1.37373371303 1.37373371303
204277184 4 71963.787 71963.787 71963.787 22.7088865126 22.7088865126 22.7088865126 1.41930540704 1.41930540704 1.41930540704
224704896 4 86953.878 86953.878 86953.878 20.6734789678 20.6734789678 20.6734789678 1.29209243549 1.29209243549 1.29209243549
247175360 4 94073.057 94073.057 94073.057 21.0198641679 21.0198641679 21.0198641679 1.31374151049 1.31374151049 1.31374151049
271892864 2 48006.058 48006.058 48006.058 22.6548794321 22.6548794321 22.6548794321 1.41592996451 1.41592996451 1.41592996451
299082112 2 55159.092 55159.092 55159.092 21.6886900169 21.6886900169 21.6886900169 1.35554312605 1.35554312605 1.35554312605
328990272 2 60197.115 60197.115 60197.115 21.8608663887 21.8608663887 21.8608663887 1.36630414929 1.36630414929 1.36630414929
361889280 2 66287.994 66287.994 66287.994 21.8373951699 21.8373951699 21.8373951699 1.36483719812 1.36483719812 1.36483719812
398078208 2 74892.998 74892.998 74892.998 21.2611709308 21.2611709308 21.2611709308 1.32882318318 1.32882318318 1.32882318318
437886016 2 80303.907 80303.907 80303.907 21.8114426736 21.8114426736 21.8114426736 1.3632151671 1.3632151671 1.3632151671
481674560 2 86084.843 86084.843 86084.843 22.3813876271 22.3813876271 22.3813876271 1.39883672669 1.39883672669 1.39883672669
529841984 2 86807.966 86807.966 86807.966 24.4144406747 24.4144406747 24.4144406747 1.52590254217 1.52590254217 1.52590254217
582826176 1 47421.932 47421.932 47421.932 24.5804483883 24.5804483883 24.5804483883 1.53627802427 1.53627802427 1.53627802427
641108736 1 52473.068 52473.068 52473.068 24.4357252372 24.4357252372 24.4357252372 1.52723282732 1.52723282732 1.52723282732
705219584 1 57789.087 57789.087 57789.087 24.4066698614 24.4066698614 24.4066698614 1.52541686634 1.52541686634 1.52541686634
775741504 1 62475.92 62475.92 62475.92 24.8332959002 24.8332959002 24.8332959002 1.55208099377 1.55208099377 1.55208099377
853315648 1 70274.115 70274.115 70274.115 24.2853474 24.2853474 24.2853474 1.5178342125 1.5178342125 1.5178342125
938647168 1 77191.114 77191.114 77191.114 24.3200834749 24.3200834749 24.3200834749 1.52000521718 1.52000521718 1.52000521718
1032511872 1 83572.865 83572.865 83572.865 24.709261122 24.709261122 24.709261122 1.54432882013 1.54432882013 1.54432882013

META_DATA
ERT_VERSION  1.1.0
OPENMP_THREADS 8
TIMESTAMP_DATA  1620702317.75
UNAME  ('Linux', '3689e1d83645', '5.4.72-microsoft-standard-WSL2', '#1 SMP Wed Oct 28 23:40:43 UTC 2020', 'x86_64', 'x86_64')
FLOPS          1
HOSTNAME  ('3689e1d83645', [], ['172.17.0.2'])
CONFIG  {'ERT_WORKING_SET_MIN': ['1'], 'ERT_CFLAGS': ['-Ofast', '-march=native'], 'ERT_CC': ['cc'], 'ERT_MPI_CFLAGS': [], 'ERT_MPI_LDFLAGS': [], 'ERT_MEMORY_MAX': ['1073741824', '#', '1GB'], 'ERT_LDFLAGS': [], 'ERT_LDLIBS': [], 'ERT_RUN': ['export', 'OMP_NUM_THREADS=ERT_OPENMP_THREADS', ';', './ERT_CODE'], 'ERT_FLOPS': ['1,8,64'], 'ERT_OPENMP_CFLAGS': ['-fopenmp'], 'ERT_MPI': ['False'], 'ERT_TRIALS_MIN': ['1'], 'ERT_DRIVER': ['driver1'], 'ERT_RESULTS': ['OpenMP'], 'ERT_OPENMP': ['True'], 'ERT_OPENMP_THREADS': ['1,2,4,8'], 'ERT_KERNEL': ['kernel1'], 'ERT_GPU': [False], 'ERT_LD': ['cc'], 'ERT_NUM_EXPERIMENTS': ['1'], 'ERT_OPENMP_LDFLAGS': ['-fopenmp'], 'ERT_ALIGN': ['64'], 'ERT_GNUPLOT': ['gnuplot']}
