64 16777216 115149.021 115149.021 115149.021 18.6496040466 18.6496040466 18.6496040466 9.32480202328 9.32480202328 9.32480202328
128 8388608 58239.937 58239.937 58239.937 36.8730420845 36.8730420845 36.8730420845 18.4365210423 18.4365210423 18.4365210423
192 4194304 28964.996 28964.996 28964.996 55.6054879483 55.6054879483 55.6054879483 27.8027439741 27.8027439741 27.8027439741
256 4194304 30330.896 30330.896 30330.896 70.8018532654 70.8018532654 70.8018532654 35.4009266327 35.4009266327 35.4009266327
320 2097152 15202.999 15202.999 15202.999 88.2837182322 88.2837182322 88.2837182322 44.1418591161 44.1418591161 44.1418591161
384 2097152 15249.968 15249.968 15249.968 105.614171518 105.614171518 105.614171518 52.8070857591 52.8070857591 52.8070857591
448 2097152 15421.152 15421.152 15421.152 121.848756306 121.848756306 121.848756306 60.9243781528 60.9243781528 60.9243781528
512 2097152 15714.884 15714.884 15714.884 136.652847581 136.652847581 136.652847581 68.3264237903 68.3264237903 68.3264237903
576 1048576 7910.013 7910.013 7910.013 152.712713873 152.712713873 152.712713873 76.3563569365 76.3563569365 76.3563569365
640 1048576 8339.882 8339.882 8339.882 160.934804593 160.934804593 160.934804593 80.4674022966 80.4674022966 80.4674022966
704 1048576 8714.914 8714.914 8714.914 169.410163772 169.410163772 169.410163772 84.7050818861 84.7050818861 84.7050818861
768 1048576 8444.071 8444.071 8444.071 190.738890755 190.738890755 190.738890755 95.3694453777 95.3694453777 95.3694453777
832 1048576 8481.026 8481.026 8481.026 205.733417631 205.733417631 205.733417631 102.866708816 102.866708816 102.866708816
896 1048576 8841.038 8841.038 8841.038 212.537056395 212.537056395 212.537056395 106.268528198 106.268528198 106.268528198
960 1048576 9933.233 9933.233 9933.233 202.679824383 202.679824383 202.679824383 101.339912192 101.339912192 101.339912192
1024 1048576 8834.839 8834.839 8834.839 243.069924421 243.069924421 243.069924421 121.53496221 121.53496221 121.53496221
1088 524288 4582.167 4582.167 4582.167 248.976235043 248.976235043 248.976235043 124.488117522 124.488117522 124.488117522
1152 524288 4915.953 4915.953 4915.953 245.722355767 245.722355767 245.722355767 122.861177884 122.861177884 122.861177884
1216 524288 5516.052 5516.052 5516.052 231.155981851 231.155981851 231.155981851 115.577990925 115.577990925 115.577990925
1280 524288 4565.001 4565.001 4565.001 294.014673819 294.014673819 294.014673819 147.00733691 147.00733691 147.00733691
1408 524288 5415.916 5415.916 5415.916 272.60301083 272.60301083 272.60301083 136.301505415 136.301505415 136.301505415
1536 524288 4956.007 4956.007 4956.007 324.981933238 324.981933238 324.981933238 162.490966619 162.490966619 162.490966619
1664 524288 6009.817 6009.817 6009.817 290.330048985 290.330048985 290.330048985 145.165024492 145.165024492 145.165024492
1792 524288 5371.094 5371.094 5371.094 349.844592554 349.844592554 349.844592554 174.922296277 174.922296277 174.922296277
1920 524288 6627.083 6627.083 6627.083 303.793678154 303.793678154 303.793678154 151.896839077 151.896839077 151.896839077
2112 262144 3397.942 3397.942 3397.942 325.872618191 325.872618191 325.872618191 162.936309095 162.936309095 162.936309095
2304 262144 3512.859 3512.859 3512.859 343.867929797 343.867929797 343.867929797 171.933964899 171.933964899 171.933964899
2496 262144 4262.924 4262.924 4262.924 306.977757051 306.977757051 306.977757051 153.488878526 153.488878526 153.488878526
2688 262144 4219.055 4219.055 4219.055 334.028862861 334.028862861 334.028862861 167.014431431 167.014431431 167.014431431
2944 262144 4532.099 4532.099 4532.099 340.571525909 340.571525909 340.571525909 170.285762954 170.285762954 170.285762954
3200 262144 4881.144 4881.144 4881.144 343.714834063 343.714834063 343.714834063 171.857417032 171.857417032 171.857417032
3520 262144 5527.973 5527.973 5527.973 333.846377325 333.846377325 333.846377325 166.923188662 166.923188662 166.923188662
3840 262144 5228.996 5228.996 5228.996 385.019594584 385.019594584 385.019594584 192.509797292 192.509797292 192.509797292
4224 131072 3174.067 3174.067 3174.067 348.857240884 348.857240884 348.857240884 174.428620442 174.428620442 174.428620442
4608 131072 3144.979 3144.979 3144.979 384.091452439 384.091452439 384.091452439 192.045726219 192.045726219 192.045726219
5056 131072 3719.091 3719.091 3719.091 356.377422333 356.377422333 356.377422333 178.188711166 178.188711166 178.188711166
5504 131072 3869.057 3869.057 3869.057 372.917890845 372.917890845 372.917890845 186.458945423 186.458945423 186.458945423
6016 131072 4194.975 4194.975 4194.975 375.939857568 375.939857568 375.939857568 187.969928784 187.969928784 187.969928784
6592 131072 4765.034 4765.034 4765.034 362.652868374 362.652868374 362.652868374 181.326434187 181.326434187 181.326434187
7232 131072 4580.975 4580.975 4580.975 413.847577863 413.847577863 413.847577863 206.923788931 206.923788931 206.923788931
7936 131072 5156.994 5156.994 5156.994 403.408416609 403.408416609 403.408416609 201.704208304 201.704208304 201.704208304
8704 65536 2818.108 2818.108 2818.108 404.828589962 404.828589962 404.828589962 202.414294981 202.414294981 202.414294981
9536 65536 3183.126 3183.126 3183.126 392.665132326 392.665132326 392.665132326 196.332566163 196.332566163 196.332566163
10432 65536 3528.118 3528.118 3528.118 387.555944557 387.555944557 387.555944557 193.777972279 193.777972279 193.777972279
11456 65536 4217.863 4217.863 4217.863 356.000380287 356.000380287 356.000380287 178.000190144 178.000190144 178.000190144
12544 65536 4077.911 4077.911 4077.911 403.188585528 403.188585528 403.188585528 201.594292764 201.594292764 201.594292764
13760 65536 4594.088 4594.088 4594.088 392.580795144 392.580795144 392.580795144 196.290397572 196.290397572 196.290397572
15104 65536 4832.983 4832.983 4832.983 409.625171038 409.625171038 409.625171038 204.812585519 204.812585519 204.812585519
16576 32768 2696.991 2696.991 2696.991 402.791383434 402.791383434 402.791383434 201.395691717 201.395691717 201.395691717
18176 32768 2892.017 2892.017 2892.017 411.886353365 411.886353365 411.886353365 205.943176683 205.943176683 205.943176683
19968 32768 3267.05 3267.05 3267.05 400.55182749 400.55182749 400.55182749 200.275913745 200.275913745 200.275913745
21952 32768 3534.079 3534.079 3534.079 407.078130398 407.078130398 407.078130398 203.539065199 203.539065199 203.539065199
24128 32768 3800.869 3800.869 3800.869 416.023969255 416.023969255 416.023969255 208.011984628 208.011984628 208.011984628
26496 32768 4194.021 4194.021 4194.021 414.027935482 414.027935482 414.027935482 207.013967741 207.013967741 207.013967741
29120 32768 4637.957 4637.957 4637.957 411.476070175 411.476070175 411.476070175 205.738035087 205.738035087 205.738035087
32000 32768 4998.922 4998.922 4998.922 419.520848695 419.520848695 419.520848695 209.760424347 209.760424347 209.760424347
35200 16384 2834.082 2834.082 2834.082 406.986671522 406.986671522 406.986671522 203.493335761 203.493335761 203.493335761
38720 16384 3009.081 3009.081 3009.081 421.649320839 421.649320839 421.649320839 210.82466042 210.82466042 210.82466042
42560 16384 3300.19 3300.19 3300.19 422.583572461 422.583572461 422.583572461 211.29178623 211.29178623 211.29178623
46784 16384 3669.024 3669.024 3669.024 417.827223807 417.827223807 417.827223807 208.913611903 208.913611903 208.913611903
51456 16384 3985.882 3985.882 3985.882 423.020603219 423.020603219 423.020603219 211.51030161 211.51030161 211.51030161
56576 16384 4365.921 4365.921 4365.921 424.625724561 424.625724561 424.625724561 212.31286228 212.31286228 212.31286228
62208 16384 4810.81 4810.81 4810.81 423.719029436 423.719029436 423.719029436 211.859514718 211.859514718 211.859514718
68416 8192 2653.837 2653.837 2653.837 422.380027108 422.380027108 422.380027108 211.190013554 211.190013554 211.190013554
75200 8192 2963.066 2963.066 2963.066 415.811460156 415.811460156 415.811460156 207.905730078 207.905730078 207.905730078
82688 8192 3207.922 3207.922 3207.922 422.317061325 422.317061325 422.317061325 211.158530663 211.158530663 211.158530663
90944 8192 3561.974 3561.974 3561.974 418.314815324 418.314815324 418.314815324 209.157407662 209.157407662 209.157407662
100032 8192 3974.915 3974.915 3974.915 412.316813819 412.316813819 412.316813819 206.158406909 206.158406909 206.158406909
110016 8192 4311.085 4311.085 4311.085 418.108699782 418.108699782 418.108699782 209.054349891 209.054349891 209.054349891
120960 8192 4679.918 4679.918 4679.918 423.470804403 423.470804403 423.470804403 211.735402201 211.735402201 211.735402201
133056 4096 2583.981 2583.981 2583.981 421.827696101 421.827696101 421.827696101 210.913848051 210.913848051 210.913848051
146304 4096 3215.075 3215.075 3215.075 372.782086888 372.782086888 372.782086888 186.391043444 186.391043444 186.391043444
160896 4096 3509.045 3509.045 3509.045 375.617876659 375.617876659 375.617876659 187.808938329 187.808938329 187.808938329
176960 4096 4026.175 4026.175 4026.175 360.057950785 360.057950785 360.057950785 180.028975392 180.028975392 180.028975392
194624 4096 4258.871 4258.871 4258.871 374.362080467 374.362080467 374.362080467 187.181040233 187.181040233 187.181040233
214080 4096 4730.94 4730.94 4730.94 370.696597294 370.696597294 370.696597294 185.348298647 185.348298647 185.348298647
235456 4096 5101.204 5101.204 5101.204 378.117705546 378.117705546 378.117705546 189.058852773 189.058852773 189.058852773
258944 4096 5600.929 5600.929 5600.929 378.735250527 378.735250527 378.735250527 189.367625264 189.367625264 189.367625264
284800 2048 3458.977 3458.977 3458.977 337.250233234 337.250233234 337.250233234 168.625116617 168.625116617 168.625116617
313280 2048 3432.035 3432.035 3432.035 373.887469096 373.887469096 373.887469096 186.943734548 186.943734548 186.943734548
344576 2048 3894.091 3894.091 3894.091 362.442299371 362.442299371 362.442299371 181.221149686 181.221149686 181.221149686
379008 2048 4243.135 4243.135 4243.135 365.86551406 365.86551406 365.86551406 182.93275703 182.93275703 182.93275703
416896 2048 4593.134 4593.134 4593.134 371.773611656 371.773611656 371.773611656 185.886805828 185.886805828 185.886805828
458560 2048 4987.001 4987.001 4987.001 376.631518622 376.631518622 376.631518622 188.315759311 188.315759311 188.315759311
504384 2048 5595.207 5595.207 5595.207 369.236895793 369.236895793 369.236895793 184.618447897 184.618447897 184.618447897
554816 1024 3001.928 3001.928 3001.928 378.511132845 378.511132845 378.511132845 189.255566423 189.255566423 189.255566423
610240 1024 3324.032 3324.032 3324.032 375.980592245 375.980592245 375.980592245 187.990296122 187.990296122 187.990296122
671232 1024 3751.993 3751.993 3751.993 366.387446885 366.387446885 366.387446885 183.193723442 183.193723442 183.193723442
738304 1024 4107.952 4107.952 4107.952 368.077960015 368.077960015 368.077960015 184.038980008 184.038980008 184.038980008
812096 1024 4482.985 4482.985 4482.985 370.996692605 370.996692605 370.996692605 185.498346303 185.498346303 185.498346303
893248 1024 4868.984 4868.984 4868.984 375.719432227 375.719432227 375.719432227 187.859716113 187.859716113 187.859716113
982528 1024 5466.938 5466.938 5466.938 368.070269683 368.070269683 368.070269683 184.035134841 184.035134841 184.035134841
1080768 512 2972.841 2972.841 2972.841 372.272325361 372.272325361 372.272325361 186.136162681 186.136162681 186.136162681
1188800 512 3356.934 3356.934 3356.934 362.631853948 362.631853948 362.631853948 181.315926974 181.315926974 181.315926974
1307648 512 3657.818 3657.818 3657.818 366.073859334 366.073859334 366.073859334 183.036929667 183.036929667 183.036929667
1438400 512 4093.17 4093.17 4093.17 359.848625882 359.848625882 359.848625882 179.924312941 179.924312941 179.924312941
1582208 512 4891.157 4891.157 4891.157 331.24698144 331.24698144 331.24698144 165.62349072 165.62349072 165.62349072
1740416 512 4913.092 4913.092 4913.092 362.742237271 362.742237271 362.742237271 181.371118636 181.371118636 181.371118636
1914432 512 5403.996 5403.996 5403.996 362.764585318 362.764585318 362.764585318 181.382292659 181.382292659 181.382292659
2105856 256 3049.135 3049.135 3049.135 353.607915688 353.607915688 353.607915688 176.803957844 176.803957844 176.803957844
2316416 256 3425.837 3425.837 3425.837 346.194226987 346.194226987 346.194226987 173.097113494 173.097113494 173.097113494
2548032 256 4178.047 4178.047 4178.047 312.249331805 312.249331805 312.249331805 156.124665903 156.124665903 156.124665903
2802816 256 4167.08 4167.08 4167.08 344.375867994 344.375867994 344.375867994 172.187933997 172.187933997 172.187933997
3083072 256 5045.176 5045.176 5045.176 312.879642653 312.879642653 312.879642653 156.439821326 156.439821326 156.439821326
3391360 256 5239.964 5239.964 5239.964 331.371803318 331.371803318 331.371803318 165.685901659 165.685901659 165.685901659
3730496 256 5720.854 5720.854 5720.854 333.86867625 333.86867625 333.86867625 166.934338125 166.934338125 166.934338125
4103488 256 6539.106 6539.106 6539.106 321.29558016 321.29558016 321.29558016 160.64779008 160.64779008 160.64779008
4513792 128 3242.016 3242.016 3242.016 356.423519193 356.423519193 356.423519193 178.211759596 178.211759596 178.211759596
4965120 128 4051.924 4051.924 4051.924 313.69559745 313.69559745 313.69559745 156.847798725 156.847798725 156.847798725
5461632 128 4324.913 4324.913 4324.913 323.284605263 323.284605263 323.284605263 161.642302631 161.642302631 161.642302631
6007744 128 6428.003 6428.003 6428.003 239.262872777 239.262872777 239.262872777 119.631436389 119.631436389 119.631436389
6608512 128 7188.797 7188.797 7188.797 235.335491043 235.335491043 235.335491043 117.667745521 117.667745521 117.667745521
7269312 128 7138.014 7138.014 7138.014 260.708913151 260.708913151 260.708913151 130.354456576 130.354456576 130.354456576
7996224 128 10054.827 10054.827 10054.827 203.587127257 203.587127257 203.587127257 101.793563629 101.793563629 101.793563629
8795840 64 11256.933 11256.933 11256.933 100.015476684 100.015476684 100.015476684 50.0077383422 50.0077383422 50.0077383422
9675392 64 14013.052 14013.052 14013.052 88.3783329998 88.3783329998 88.3783329998 44.1891664999 44.1891664999 44.1891664999
10642880 64 14013.052 14013.052 14013.052 97.2156986215 97.2156986215 97.2156986215 48.6078493108 48.6078493108 48.6078493108
11707136 64 21471.977 21471.977 21471.977 69.7892610448 69.7892610448 69.7892610448 34.8946305224 34.8946305224 34.8946305224
12877824 64 24507.999 24507.999 24507.999 67.258100998 67.258100998 67.258100998 33.629050499 33.629050499 33.629050499
14165568 64 29418.945 29418.945 29418.945 61.6335053483 61.6335053483 61.6335053483 30.8167526742 30.8167526742 30.8167526742
15582080 64 36375.999 36375.999 36375.999 54.8302808124 54.8302808124 54.8302808124 27.4151404062 27.4151404062 27.4151404062
17140288 32 40630.102 40630.102 40630.102 26.9991552569 26.9991552569 26.9991552569 13.4995776284 13.4995776284 13.4995776284
18854272 32 49077.034 49077.034 49077.034 24.5873336192 24.5873336192 24.5873336192 12.2936668096 12.2936668096 12.2936668096
20739648 32 41737.08 41737.08 41737.08 31.8023558907 31.8023558907 31.8023558907 15.9011779454 15.9011779454 15.9011779454
22813568 32 60023.069 60023.069 60023.069 24.3251199301 24.3251199301 24.3251199301 12.1625599651 12.1625599651 12.1625599651
25094912 32 68844.08 68844.08 68844.08 23.3291572493 23.3291572493 23.3291572493 11.6645786246 11.6645786246 11.6645786246
27604352 32 73259.115 73259.115 73259.115 24.1154773437 24.1154773437 24.1154773437 12.0577386718 12.0577386718 12.0577386718
30364736 32 76517.105 76517.105 76517.105 25.3974990821 25.3974990821 25.3974990821 12.698749541 12.698749541 12.698749541
33401152 32 90764.046 90764.046 90764.046 23.5519880636 23.5519880636 23.5519880636 11.7759940318 11.7759940318 11.7759940318
36741248 16 50249.1 50249.1 50249.1 23.3978307273 23.3978307273 23.3978307273 11.6989153637 11.6989153637 11.6989153637
40415360 16 54857.016 54857.016 54857.016 23.5756811854 23.5756811854 23.5756811854 11.7878405927 11.7878405927 11.7878405927
44456896 16 65904.856 65904.856 65904.856 21.5859764871 21.5859764871 21.5859764871 10.7929882435 10.7929882435 10.7929882435
48902528 16 73611.021 73611.021 73611.021 21.2587853658 21.2587853658 21.2587853658 10.6293926829 10.6293926829 10.6293926829
53792768 16 74678.183 74678.183 74678.183 23.0504881995 23.0504881995 23.0504881995 11.5252440997 11.5252440997 11.5252440997
59172032 16 83703.995 83703.995 83703.995 22.6214414736 22.6214414736 22.6214414736 11.3107207368 11.3107207368 11.3107207368
65089216 16 88339.806 88339.806 88339.806 23.5777618982 23.5777618982 23.5777618982 11.7888809491 11.7888809491 11.7888809491
71598080 8 61347.961 61347.961 61347.961 18.6733065179 18.6733065179 18.6733065179 9.33665325894 9.33665325894 9.33665325894
78757888 8 58650.017 58650.017 58650.017 21.4855216154 21.4855216154 21.4855216154 10.7427608077 10.7427608077 10.7427608077
86633664 8 60750.008 60750.008 60750.008 22.8170936866 22.8170936866 22.8170936866 11.4085468433 11.4085468433 11.4085468433
95297024 8 69114.923 69114.923 69114.923 22.0611167287 22.0611167287 22.0611167287 11.0305583644 11.0305583644 11.0305583644
104826688 8 77384.949 77384.949 77384.949 21.6738142194 21.6738142194 21.6738142194 10.8369071097 10.8369071097 10.8369071097
115309312 8 81277.847 81277.847 81277.847 22.6992847387 22.6992847387 22.6992847387 11.3496423693 11.3496423693 11.3496423693
126840192 8 91762.066 91762.066 91762.066 22.116362027 22.116362027 22.116362027 11.0581810135 11.0581810135 11.0581810135
139524160 4 48671.007 48671.007 48671.007 22.9334330395 22.9334330395 22.9334330395 11.4667165198 11.4667165198 11.4667165198
153476544 4 54117.918 54117.918 54117.918 22.6877233526 22.6877233526 22.6877233526 11.3438616763 11.3438616763 11.3438616763
168824192 4 59767.962 59767.962 59767.962 22.5972827382 22.5972827382 22.5972827382 11.2986413691 11.2986413691 11.2986413691
185706560 4 67255.974 67255.974 67255.974 22.0895244191 22.0895244191 22.0895244191 11.0447622095 11.0447622095 11.0447622095
204277184 4 72952.986 72952.986 72952.986 22.4009675492 22.4009675492 22.4009675492 11.2004837746 11.2004837746 11.2004837746
224704896 4 81768.99 81768.99 81768.99 21.9843631186 21.9843631186 21.9843631186 10.9921815593 10.9921815593 10.9921815593
247175360 4 86452.961 86452.961 86452.961 22.8725870939 22.8725870939 22.8725870939 11.436293547 11.436293547 11.436293547
271892864 2 46978.951 46978.951 46978.951 23.1501860482 23.1501860482 23.1501860482 11.5750930241 11.5750930241 11.5750930241
299082112 2 51666.021 51666.021 51666.021 23.1550335181 23.1550335181 23.1550335181 11.577516759 11.577516759 11.577516759
328990272 2 58197.975 58197.975 58197.975 22.6118020086 22.6118020086 22.6118020086 11.3059010043 11.3059010043 11.3059010043
361889280 2 65649.986 65649.986 65649.986 22.0496181065 22.0496181065 22.0496181065 11.0248090533 11.0248090533 11.0248090533
398078208 2 71067.095 71067.095 71067.095 22.4057678452 22.4057678452 22.4057678452 11.2028839226 11.2028839226 11.2028839226
437886016 2 76831.102 76831.102 76831.102 22.797331008 22.797331008 22.797331008 11.398665504 11.398665504 11.398665504
481674560 2 83840.132 83840.132 83840.132 22.9806203072 22.9806203072 22.9806203072 11.4903101536 11.4903101536 11.4903101536
529841984 2 94099.998 94099.998 94099.998 22.5225077688 22.5225077688 22.5225077688 11.2612538844 11.2612538844 11.2612538844
582826176 1 51992.893 51992.893 51992.893 22.4194555206 22.4194555206 22.4194555206 11.2097277603 11.2097277603 11.2097277603
641108736 1 56128.979 56128.979 56128.979 22.8441260619 22.8441260619 22.8441260619 11.4220630309 11.4220630309 11.4220630309
705219584 1 60644.15 60644.15 60644.15 23.2576294333 23.2576294333 23.2576294333 11.6288147167 11.6288147167 11.6288147167
775741504 1 66833.019 66833.019 66833.019 23.2143187786 23.2143187786 23.2143187786 11.6071593893 11.6071593893 11.6071593893
853315648 1 74568.987 74568.987 74568.987 22.8866096304 22.8866096304 22.8866096304 11.4433048152 11.4433048152 11.4433048152
938647168 1 80671.072 80671.072 80671.072 23.2709729703 23.2709729703 23.2709729703 11.6354864852 11.6354864852 11.6354864852
1032511872 1 90764.046 90764.046 90764.046 22.7515611633 22.7515611633 22.7515611633 11.3757805817 11.3757805817 11.3757805817

META_DATA
ERT_VERSION  1.1.0
OPENMP_THREADS 8
FLOPS          8
UNAME  ('Linux', '3689e1d83645', '5.4.72-microsoft-standard-WSL2', '#1 SMP Wed Oct 28 23:40:43 UTC 2020', 'x86_64', 'x86_64')
HOSTNAME  ('3689e1d83645', [], ['172.17.0.2'])
TIMESTAMP_DATA  1620702371.35
CONFIG  {'ERT_WORKING_SET_MIN': ['1'], 'ERT_CFLAGS': ['-Ofast', '-march=native'], 'ERT_CC': ['cc'], 'ERT_MPI_CFLAGS': [], 'ERT_MPI_LDFLAGS': [], 'ERT_MEMORY_MAX': ['1073741824', '#', '1GB'], 'ERT_LDFLAGS': [], 'ERT_LDLIBS': [], 'ERT_RUN': ['export', 'OMP_NUM_THREADS=ERT_OPENMP_THREADS', ';', './ERT_CODE'], 'ERT_FLOPS': ['1,8,64'], 'ERT_OPENMP_CFLAGS': ['-fopenmp'], 'ERT_MPI': ['False'], 'ERT_TRIALS_MIN': ['1'], 'ERT_DRIVER': ['driver1'], 'ERT_RESULTS': ['OpenMP'], 'ERT_OPENMP': ['True'], 'ERT_OPENMP_THREADS': ['1,2,4,8'], 'ERT_KERNEL': ['kernel1'], 'ERT_GPU': [False], 'ERT_LD': ['cc'], 'ERT_NUM_EXPERIMENTS': ['1'], 'ERT_OPENMP_LDFLAGS': ['-fopenmp'], 'ERT_ALIGN': ['64'], 'ERT_GNUPLOT': ['gnuplot']}
