32 16777216 45027.971 45027.971 45027.971 23.8461072119 23.8461072119 23.8461072119 1.49038170074 1.49038170074 1.49038170074
64 8388608 23257.017 23257.017 23257.017 46.1685100888 46.1685100888 46.1685100888 2.88553188055 2.88553188055 2.88553188055
96 4194304 14623.165 14623.165 14623.165 55.0705929941 55.0705929941 55.0705929941 3.44191206213 3.44191206213 3.44191206213
128 4194304 18063.784 18063.784 18063.784 59.4416886296 59.4416886296 59.4416886296 3.71510553935 3.71510553935 3.71510553935
160 2097152 10768.89 10768.89 10768.89 62.3173456132 62.3173456132 62.3173456132 3.89483410082 3.89483410082 3.89483410082
192 2097152 16457.081 16457.081 16457.081 48.9337305929 48.9337305929 48.9337305929 3.05835816206 3.05835816206 3.05835816206
224 2097152 17124.176 17124.176 17124.176 54.8653608793 54.8653608793 54.8653608793 3.42908505495 3.42908505495 3.42908505495
256 2097152 15661.001 15661.001 15661.001 68.5615066368 68.5615066368 68.5615066368 4.2850941648 4.2850941648 4.2850941648
288 1048576 11217.117 11217.117 11217.117 53.8444750108 53.8444750108 53.8444750108 3.36527968818 3.36527968818 3.36527968818
320 1048576 11601.925 11601.925 11601.925 57.842870041 57.842870041 57.842870041 3.61517937756 3.61517937756 3.61517937756
352 1048576 12764.931 12764.931 12764.931 57.8301209775 57.8301209775 57.8301209775 3.6143825611 3.6143825611 3.6143825611
384 1048576 13641.119 13641.119 13641.119 59.0352131669 59.0352131669 59.0352131669 3.68970082293 3.68970082293 3.68970082293
416 1048576 15565.872 15565.872 15565.872 56.0466661938 56.0466661938 56.0466661938 3.50291663711 3.50291663711 3.50291663711
448 1048576 15675.068 15675.068 15675.068 59.9374813557 59.9374813557 59.9374813557 3.74609258473 3.74609258473 3.74609258473
480 1048576 17685.89 17685.89 17685.89 56.9172916941 56.9172916941 56.9172916941 3.55733073088 3.55733073088 3.55733073088
512 1048576 4060.03 4060.03 4060.03 264.466475371 264.466475371 264.466475371 16.5291547107 16.5291547107 16.5291547107
544 524288 2261.877 2261.877 2261.877 252.191142135 252.191142135 252.191142135 15.7619463835 15.7619463835 15.7619463835
576 524288 2523.899 2523.899 2523.899 239.304257421 239.304257421 239.304257421 14.9565160888 14.9565160888 14.9565160888
608 524288 2838.85 2838.85 2838.85 224.57481304 224.57481304 224.57481304 14.035925815 14.035925815 14.035925815
640 524288 3419.161 3419.161 3419.161 196.272898527 196.272898527 196.272898527 12.2670561579 12.2670561579 12.2670561579
704 524288 5219.936 5219.936 5219.936 141.418880231 141.418880231 141.418880231 8.83868001447 8.83868001447 8.83868001447
768 524288 5789.042 5789.042 5789.042 139.108745108 139.108745108 139.108745108 8.69429656928 8.69429656928 8.69429656928
832 524288 6684.78 6684.78 6684.78 130.507695392 130.507695392 130.507695392 8.15673096198 8.15673096198 8.15673096198
896 524288 7884.979 7884.979 7884.979 119.153658621 119.153658621 119.153658621 7.44710366381 7.44710366381 7.44710366381
960 524288 8466.005 8466.005 8466.005 118.902948912 118.902948912 118.902948912 7.43143430697 7.43143430697 7.43143430697
1056 262144 2146.006 2146.006 2146.006 257.990018667 257.990018667 257.990018667 16.1243761667 16.1243761667 16.1243761667
1152 262144 2233.982 2233.982 2233.982 270.360180163 270.360180163 270.360180163 16.8975112602 16.8975112602 16.8975112602
1248 262144 2925.158 2925.158 2925.158 223.684130567 223.684130567 223.684130567 13.9802581604 13.9802581604 13.9802581604
1344 262144 3037.214 3037.214 3037.214 232.003102844 232.003102844 232.003102844 14.5001939277 14.5001939277 14.5001939277
1472 262144 4179.955 4179.955 4179.955 184.631637422 184.631637422 184.631637422 11.5394773389 11.5394773389 11.5394773389
1600 262144 2991.915 2991.915 2991.915 280.375879662 280.375879662 280.375879662 17.5234924789 17.5234924789 17.5234924789
1760 262144 3361.94 3361.94 3361.94 274.468574692 274.468574692 274.468574692 17.1542859182 17.1542859182 17.1542859182
1920 262144 4534.006 4534.006 4534.006 222.018444616 222.018444616 222.018444616 13.8761527885 13.8761527885 13.8761527885
2112 131072 2137.899 2137.899 2137.899 258.968327316 258.968327316 258.968327316 16.1855204572 16.1855204572 16.1855204572
2304 131072 2529.144 2529.144 2529.144 238.807982464 238.807982464 238.807982464 14.925498904 14.925498904 14.925498904
2528 131072 3020.048 3020.048 3020.048 219.433609002 219.433609002 219.433609002 13.7146005626 13.7146005626 13.7146005626
2752 131072 4187.107 4187.107 4187.107 172.295641836 172.295641836 172.295641836 10.7684776147 10.7684776147 10.7684776147
3008 131072 3508.091 3508.091 3508.091 224.77442917 224.77442917 224.77442917 14.0484018231 14.0484018231 14.0484018231
3296 131072 3511.19 3511.19 3511.19 246.078003184 246.078003184 246.078003184 15.379875199 15.379875199 15.379875199
3616 131072 3595.829 3595.829 3595.829 263.614511146 263.614511146 263.614511146 16.4759069466 16.4759069466 16.4759069466
3968 131072 4297.018 4297.018 4297.018 242.071918712 242.071918712 242.071918712 15.1294949195 15.1294949195 15.1294949195
4352 65536 2271.891 2271.891 2271.891 251.079538587 251.079538587 251.079538587 15.6924711617 15.6924711617 15.6924711617
4768 65536 2461.91 2461.91 2461.91 253.848148795 253.848148795 253.848148795 15.8655092997 15.8655092997 15.8655092997
5216 65536 2619.028 2619.028 2619.028 261.040184374 261.040184374 261.040184374 16.3150115234 16.3150115234 16.3150115234
5728 65536 2865.076 2865.076 2865.076 262.045549926 262.045549926 262.045549926 16.3778468704 16.3778468704 16.3778468704
6272 65536 3042.936 3042.936 3042.936 270.161312627 270.161312627 270.161312627 16.8850820392 16.8850820392 16.8850820392
6880 65536 3165.96 3165.96 3165.96 284.834729434 284.834729434 284.834729434 17.8021705896 17.8021705896 17.8021705896
7552 65536 4316.092 4316.092 4316.092 229.340742505 229.340742505 229.340742505 14.3337964066 14.3337964066 14.3337964066
8288 32768 2067.089 2067.089 2067.089 262.766802978 262.766802978 262.766802978 16.4229251861 16.4229251861 16.4229251861
9088 32768 2240.896 2240.896 2240.896 265.782601245 265.782601245 265.782601245 16.6114125778 16.6114125778 16.6114125778
9984 32768 2549.171 2549.171 2549.171 256.676160211 256.676160211 256.676160211 16.0422600132 16.0422600132 16.0422600132
10976 32768 2779.961 2779.961 2779.961 258.752959484 258.752959484 258.752959484 16.1720599677 16.1720599677 16.1720599677
12064 32768 3657.818 3657.818 3657.818 216.146977242 216.146977242 216.146977242 13.5091860776 13.5091860776 13.5091860776
13248 32768 3329.992 3329.992 3329.992 260.727631778 260.727631778 260.727631778 16.2954769861 16.2954769861 16.2954769861
14560 32768 3476.143 3476.143 3476.143 274.500836128 274.500836128 274.500836128 17.156302258 17.156302258 17.156302258
16000 32768 4004.002 4004.002 4004.002 261.881987072 261.881987072 261.881987072 16.367624192 16.367624192 16.367624192
17600 16384 2204.895 2204.895 2204.895 261.562024495 261.562024495 261.562024495 16.347626531 16.347626531 16.347626531
19360 16384 2500.057 2500.057 2500.057 253.749606509 253.749606509 253.749606509 15.8593504068 15.8593504068 15.8593504068
21280 16384 2700.806 2700.806 2700.806 258.183312685 258.183312685 258.183312685 16.1364570428 16.1364570428 16.1364570428
23392 16384 2876.043 2876.043 2876.043 266.515158501 266.515158501 266.515158501 16.6571974063 16.6571974063 16.6571974063
25728 16384 2974.033 2974.033 2974.033 283.472007204 283.472007204 283.472007204 17.7170004502 17.7170004502 17.7170004502
28288 16384 3848.076 3848.076 3848.076 240.88432349 240.88432349 240.88432349 15.0552702182 15.0552702182 15.0552702182
31104 16384 5551.1 5551.1 5551.1 183.606109059 183.606109059 183.606109059 11.4753818162 11.4753818162 11.4753818162
34208 8192 1963.854 1963.854 1963.854 285.389785595 285.389785595 285.389785595 17.8368615997 17.8368615997 17.8368615997
37600 8192 2337.933 2337.933 2337.933 263.497029213 263.497029213 263.497029213 16.4685643258 16.4685643258 16.4685643258
41344 8192 2563.953 2563.953 2563.953 264.193647855 264.193647855 264.193647855 16.512102991 16.512102991 16.512102991
45472 8192 3498.077 3498.077 3498.077 212.977944168 212.977944168 212.977944168 13.3111215105 13.3111215105 13.3111215105
50016 8192 3123.045 3123.045 3123.045 262.392038539 262.392038539 262.392038539 16.3995024087 16.3995024087 16.3995024087
55008 8192 3384.113 3384.113 3384.113 266.318255921 266.318255921 266.318255921 16.6448909951 16.6448909951 16.6448909951
60480 8192 3727.913 3727.913 3727.913 265.806718129 265.806718129 265.806718129 16.6129198831 16.6129198831 16.6129198831
66528 4096 2116.919 2116.919 2116.919 257.448384185 257.448384185 257.448384185 16.0905240115 16.0905240115 16.0905240115
73152 4096 2329.826 2329.826 2329.826 257.212849372 257.212849372 257.212849372 16.0758030857 16.0758030857 16.0758030857
80448 4096 2555.132 2555.132 2555.132 257.924058718 257.924058718 257.924058718 16.1202536699 16.1202536699 16.1202536699
88480 4096 2848.864 2848.864 2848.864 254.427083918 254.427083918 254.427083918 15.9016927449 15.9016927449 15.9016927449
97312 4096 3126.86 3126.86 3126.86 254.945825525 254.945825525 254.945825525 15.9341140953 15.9341140953 15.9341140953
107040 4096 3483.057 3483.057 3483.057 251.753468289 251.753468289 251.753468289 15.7345917681 15.7345917681 15.7345917681
117728 4096 3769.875 3769.875 3769.875 255.824868464 255.824868464 255.824868464 15.989054279 15.989054279 15.989054279
129472 4096 4152.06 4152.06 4152.06 255.447807594 255.447807594 255.447807594 15.9654879746 15.9654879746 15.9654879746
142400 2048 2268.076 2268.076 2268.076 257.165280176 257.165280176 257.165280176 16.072830011 16.072830011 16.072830011
156640 2048 2529.144 2529.144 2529.144 253.681656719 253.681656719 253.681656719 15.8551035449 15.8551035449 15.8551035449
172288 2048 2794.027 2794.027 2794.027 252.571520604 252.571520604 252.571520604 15.7857200378 15.7857200378 15.7857200378
189504 2048 3196.955 3196.955 3196.955 242.796155717 242.796155717 242.796155717 15.1747597323 15.1747597323 15.1747597323
208448 2048 3355.98 3355.98 3355.98 254.412424389 254.412424389 254.412424389 15.9007765243 15.9007765243 15.9007765243
229280 2048 3700.018 3700.018 3700.018 253.817921967 253.817921967 253.817921967 15.8636201229 15.8636201229 15.8636201229
252192 2048 4040.956 4040.956 4040.956 255.627240683 255.627240683 255.627240683 15.9767025427 15.9767025427 15.9767025427
277408 1024 2228.022 2228.022 2228.022 254.99370473 254.99370473 254.99370473 15.9371065456 15.9371065456 15.9371065456
305120 1024 2971.888 2971.888 2971.888 210.265582014 210.265582014 210.265582014 13.1415988759 13.1415988759 13.1415988759
335616 1024 2692.938 2692.938 2692.938 255.238541697 255.238541697 255.238541697 15.9524088561 15.9524088561 15.9524088561
369152 1024 2053.022 2053.022 2053.022 368.248998793 368.248998793 368.248998793 23.0155624246 23.0155624246 23.0155624246
406048 1024 2508.879 2508.879 2508.879 331.45731779 331.45731779 331.45731779 20.7160823619 20.7160823619 20.7160823619
446624 1024 3638.029 3638.029 3638.029 251.423491127 251.423491127 251.423491127 15.7139681954 15.7139681954 15.7139681954
491264 1024 4012.823 4012.823 4012.823 250.723411424 250.723411424 250.723411424 15.670213214 15.670213214 15.670213214
540384 512 1265.049 1265.049 1265.049 437.416428929 437.416428929 437.416428929 27.3385268081 27.3385268081 27.3385268081
594400 512 1317.024 1317.024 1317.024 462.152246276 462.152246276 462.152246276 28.8845153923 28.8845153923 28.8845153923
653824 512 2631.187 2631.187 2631.187 254.453893243 254.453893243 254.453893243 15.9033683277 15.9033683277 15.9033683277
719200 512 2876.043 2876.043 2876.043 256.067381468 256.067381468 256.067381468 16.0042113418 16.0042113418 16.0042113418
791104 512 3182.173 3182.173 3182.173 254.571481814 254.571481814 254.571481814 15.9107176134 15.9107176134 15.9107176134
870208 512 3555.059 3555.059 3555.059 250.654909525 250.654909525 250.654909525 15.6659318453 15.6659318453 15.6659318453
957216 512 3810.883 3810.883 3810.883 257.207892239 257.207892239 257.207892239 16.0754932649 16.0754932649 16.0754932649
1052928 256 2160.072 2160.072 2160.072 249.57461418 249.57461418 249.57461418 15.5984133862 15.5984133862 15.5984133862
1158208 256 2349.854 2349.854 2349.854 252.35716602 252.35716602 252.35716602 15.7723228762 15.7723228762 15.7723228762
1274016 256 2635.956 2635.956 2635.956 247.460956101 247.460956101 247.460956101 15.4663097563 15.4663097563 15.4663097563
1401408 256 3088.951 3088.951 3088.951 232.286266762 232.286266762 232.286266762 14.5178916726 14.5178916726 14.5178916726
1541536 256 3411.055 3411.055 3411.055 231.384844865 231.384844865 231.384844865 14.461552804 14.461552804 14.461552804
1695680 256 3479.004 3479.004 3479.004 249.550779476 249.550779476 249.550779476 15.5969237172 15.5969237172 15.5969237172
1865248 256 3877.878 3877.878 3877.878 246.270505673 246.270505673 246.270505673 15.3919066046 15.3919066046 15.3919066046
2051744 256 4238.844 4238.844 4238.844 247.825333511 247.825333511 247.825333511 15.4890833444 15.4890833444 15.4890833444
2256896 128 2298.117 2298.117 2298.117 251.408164162 251.408164162 251.408164162 15.7130102601 15.7130102601 15.7130102601
2482560 128 2617.121 2617.121 2617.121 242.837591384 242.837591384 242.837591384 15.1773494615 15.1773494615 15.1773494615
2730816 128 1616.955 1616.955 1616.955 432.349011568 432.349011568 432.349011568 27.021813223 27.021813223 27.021813223
3003872 128 2584.219 2584.219 2584.219 297.572006088 297.572006088 297.572006088 18.5982503805 18.5982503805 18.5982503805
3304256 128 2362.013 2362.013 2362.013 358.122303307 358.122303307 358.122303307 22.3826439567 22.3826439567 22.3826439567
3634656 128 4727.84 4727.84 4727.84 196.806985008 196.806985008 196.806985008 12.300436563 12.300436563 12.300436563
3998112 128 4565.001 4565.001 4565.001 224.209517588 224.209517588 224.209517588 14.0130948493 14.0130948493 14.0130948493
4397920 64 4894.018 4894.018 4894.018 115.02486505 115.02486505 115.02486505 7.1890540656 7.1890540656 7.1890540656
4837696 64 3683.805 3683.805 3683.805 168.093883362 168.093883362 168.093883362 10.5058677102 10.5058677102 10.5058677102
5321440 64 4184.961 4184.961 4184.961 162.760016163 162.760016163 162.760016163 10.1725010102 10.1725010102 10.1725010102
5853568 64 3757.0 3757.0 3757.0 199.429519297 199.429519297 199.429519297 12.4643449561 12.4643449561 12.4643449561
6438912 64 7788.897 7788.897 7788.897 105.81482025 105.81482025 105.81482025 6.61342626562 6.61342626562 6.61342626562
7082784 64 10249.138 10249.138 10249.138 88.4558635077 88.4558635077 88.4558635077 5.52849146923 5.52849146923 5.52849146923
7791040 64 22242.069 22242.069 22242.069 44.8363468345 44.8363468345 44.8363468345 2.80227167715 2.80227167715 2.80227167715
8570144 32 25454.998 25454.998 25454.998 21.5474075464 21.5474075464 21.5474075464 1.34671297165 1.34671297165 1.34671297165
9427136 32 33123.97 33123.97 33123.97 18.214504602 18.214504602 18.214504602 1.13840653762 1.13840653762 1.13840653762
10369824 32 35362.959 35362.959 35362.959 18.7673417261 18.7673417261 18.7673417261 1.17295885788 1.17295885788 1.17295885788
11406784 32 31542.063 31542.063 31542.063 23.1447821279 23.1447821279 23.1447821279 1.44654888299 1.44654888299 1.44654888299
12547456 32 30931.95 30931.95 30931.95 25.9614147831 25.9614147831 25.9614147831 1.62258842394 1.62258842394 1.62258842394
13802176 32 49868.822 49868.822 49868.822 17.7132570727 17.7132570727 17.7132570727 1.10707856705 1.10707856705 1.10707856705
15182368 32 60188.055 60188.055 60188.055 16.1439267642 16.1439267642 16.1439267642 1.00899542276 1.00899542276 1.00899542276
16700576 32 63537.121 63537.121 63537.121 16.8222426068 16.8222426068 16.8222426068 1.05139016293 1.05139016293 1.05139016293
18370624 16 36029.1 36029.1 36029.1 16.3162545831 16.3162545831 16.3162545831 1.01976591144 1.01976591144 1.01976591144
20207680 16 39885.044 39885.044 39885.044 16.2127377871 16.2127377871 16.2127377871 1.0132961117 1.0132961117 1.0132961117
22228448 16 44273.138 44273.138 44273.138 16.0664088459 16.0664088459 16.0664088459 1.00415055287 1.00415055287 1.00415055287
24451264 16 52011.967 52011.967 52011.967 15.0434696692 15.0434696692 15.0434696692 0.940216854325 0.940216854325 0.940216854325
26896384 16 49628.019 49628.019 49628.019 17.3427089242 17.3427089242 17.3427089242 1.08391930776 1.08391930776 1.08391930776
29586016 16 52898.884 52898.884 52898.884 17.897400482 17.897400482 17.897400482 1.11858753013 1.11858753013 1.11858753013
32544608 16 55336.952 55336.952 55336.952 18.8197473544 18.8197473544 18.8197473544 1.17623420965 1.17623420965 1.17623420965
35799040 8 33548.832 33548.832 33548.832 17.0731618913 17.0731618913 17.0731618913 1.06707261821 1.06707261821 1.06707261821
39378944 8 34182.072 34182.072 34182.072 18.4325603199 18.4325603199 18.4325603199 1.15203502 1.15203502 1.15203502
43316832 8 42145.014 42145.014 42145.014 16.4448708452 16.4448708452 16.4448708452 1.02780442783 1.02780442783 1.02780442783
47648512 8 41338.921 41338.921 41338.921 18.4420921872 18.4420921872 18.4420921872 1.1526307617 1.1526307617 1.1526307617
52413344 8 43147.087 43147.087 43147.087 19.4361557711 19.4361557711 19.4361557711 1.21475973569 1.21475973569 1.21475973569
57654656 8 47621.012 47621.012 47621.012 19.3711653167 19.3711653167 19.3711653167 1.21069783229 1.21069783229 1.21069783229
63420096 8 52986.86 52986.86 52986.86 19.1504372216 19.1504372216 19.1504372216 1.19690232635 1.19690232635 1.19690232635
69762080 4 26827.097 26827.097 26827.097 20.8034674792 20.8034674792 20.8034674792 1.30021671745 1.30021671745 1.30021671745
76738272 4 30632.019 30632.019 30632.019 20.0413226435 20.0413226435 20.0413226435 1.25258266522 1.25258266522 1.25258266522
84412096 4 33316.135 33316.135 33316.135 20.2693610168 20.2693610168 20.2693610168 1.26683506355 1.26683506355 1.26683506355
92853280 4 37849.903 37849.903 37849.903 19.6255784328 19.6255784328 19.6255784328 1.22659865205 1.22659865205 1.22659865205
102138592 4 47913.074 47913.074 47913.074 17.0539827188 17.0539827188 17.0539827188 1.06587391992 1.06587391992 1.06587391992
112352448 4 48511.982 48511.982 48511.982 18.5277852387 18.5277852387 18.5277852387 1.15798657742 1.15798657742 1.15798657742
123587680 4 49069.881 49069.881 49069.881 20.1488452764 20.1488452764 20.1488452764 1.25930282977 1.25930282977 1.25930282977
135946432 2 26852.846 26852.846 26852.846 20.2505808137 20.2505808137 20.2505808137 1.26566130085 1.26566130085 1.26566130085
149541056 2 28612.852 28612.852 28612.852 20.9054387168 20.9054387168 20.9054387168 1.3065899198 1.3065899198 1.3065899198
164495136 2 31604.052 31604.052 31604.052 20.8194994743 20.8194994743 20.8194994743 1.30121871714 1.30121871714 1.30121871714
180944640 2 35732.985 35732.985 35732.985 20.2551944653 20.2551944653 20.2551944653 1.26594965408 1.26594965408 1.26594965408
199039104 2 39731.026 39731.026 39731.026 20.0386573455 20.0386573455 20.0386573455 1.2524160841 1.2524160841 1.2524160841
218943008 2 42900.085 42900.085 42900.085 20.4142260324 20.4142260324 20.4142260324 1.27588912703 1.27588912703 1.27588912703
240837280 2 53575.993 53575.993 53575.993 17.9809848788 17.9809848788 17.9809848788 1.12381155493 1.12381155493 1.12381155493
264920992 2 50960.064 50960.064 50960.064 20.7944002582 20.7944002582 20.7944002582 1.29965001614 1.29965001614 1.29965001614
291413088 1 28200.865 28200.865 28200.865 20.6669609602 20.6669609602 20.6669609602 1.29168506002 1.29168506002 1.29168506002
320554368 1 30800.104 30800.104 30800.104 20.8151484164 20.8151484164 20.8151484164 1.30094677602 1.30094677602 1.30094677602
352609792 1 37142.992 37142.992 37142.992 18.9866121717 18.9866121717 18.9866121717 1.18666326073 1.18666326073 1.18666326073
387870752 1 38439.035 38439.035 38439.035 20.1810868561 20.1810868561 20.1810868561 1.26131792851 1.26131792851 1.26131792851
426657824 1 47130.823 47130.823 47130.823 18.105256681 18.105256681 18.105256681 1.13157854256 1.13157854256 1.13157854256
469323584 1 47332.048 47332.048 47332.048 19.8311124843 19.8311124843 19.8311124843 1.23944453027 1.23944453027 1.23944453027
516255936 1 51992.893 51992.893 51992.893 19.8587116897 19.8587116897 19.8587116897 1.24116948061 1.24116948061 1.24116948061

META_DATA
ERT_VERSION  1.1.0
HOSTNAME  ('e828f4ff7df7', [], ['172.17.0.2'])
TIMESTAMP_DATA  1620700508.98
CONFIG  {'ERT_WORKING_SET_MIN': ['1'], 'ERT_CFLAGS': ['-Ofast', '-march=native'], 'ERT_CC': ['cc'], 'ERT_MPI_CFLAGS': [], 'ERT_MPI_LDFLAGS': [], 'ERT_MEMORY_MAX': ['536870912', '#', '512MB'], 'ERT_LDFLAGS': [], 'ERT_LDLIBS': [], 'ERT_RUN': ['export', 'OMP_NUM_THREADS=ERT_OPENMP_THREADS', ';', './ERT_CODE'], 'ERT_FLOPS': ['1,4,16,64'], 'ERT_OPENMP_CFLAGS': ['-fopenmp'], 'ERT_MPI': ['False'], 'ERT_TRIALS_MIN': ['1'], 'ERT_DRIVER': ['driver1'], 'ERT_RESULTS': ['OpenMP_4'], 'ERT_OPENMP': ['True'], 'ERT_OPENMP_THREADS': ['1,2,4'], 'ERT_KERNEL': ['kernel1'], 'ERT_GPU': [False], 'ERT_LD': ['cc'], 'ERT_NUM_EXPERIMENTS': ['1'], 'ERT_OPENMP_LDFLAGS': ['-fopenmp'], 'ERT_ALIGN': ['64'], 'ERT_GNUPLOT': ['gnuplot']}
FLOPS          1
OPENMP_THREADS 4
UNAME  ('Linux', 'e828f4ff7df7', '5.4.72-microsoft-standard-WSL2', '#1 SMP Wed Oct 28 23:40:43 UTC 2020', 'x86_64', 'x86_64')
