32 33554432 1414073.944 1414073.944 1414073.944 1.51865017888 1.51865017888 1.51865017888 6.07460071551 6.07460071551 6.07460071551
64 16777216 702914.0 702914.0 702914.0 3.05511577234 3.05511577234 3.05511577234 12.2204630894 12.2204630894 12.2204630894
96 8388608 466034.174 466034.174 466034.174 3.45599706171 3.45599706171 3.45599706171 13.8239882468 13.8239882468 13.8239882468
128 8388608 350117.922 350117.922 350117.922 6.13360103285 6.13360103285 6.13360103285 24.5344041314 24.5344041314 24.5344041314
160 4194304 172376.156 172376.156 172376.156 7.78632794202 7.78632794202 7.78632794202 31.1453117681 31.1453117681 31.1453117681
192 4194304 221539.974 221539.974 221539.974 7.27007729991 7.27007729991 7.27007729991 29.0803091996 29.0803091996 29.0803091996
224 4194304 270761.013 270761.013 270761.013 6.93987724148 6.93987724148 6.93987724148 27.7595089659 27.7595089659 27.7595089659
256 4194304 177574.158 177574.158 177574.158 12.0934468854 12.0934468854 12.0934468854 48.3737875418 48.3737875418 48.3737875418
288 2097152 115427.017 115427.017 115427.017 10.4651370485 10.4651370485 10.4651370485 41.8605481938 41.8605481938 41.8605481938
320 2097152 144760.847 144760.847 144760.847 9.27168711578 9.27168711578 9.27168711578 37.0867484631 37.0867484631 37.0867484631
352 2097152 153887.987 153887.987 153887.987 9.59395880589 9.59395880589 9.59395880589 38.3758352236 38.3758352236 38.3758352236
384 2097152 115486.86 115486.86 115486.86 13.9462856294 13.9462856294 13.9462856294 55.7851425175 55.7851425175 55.7851425175
416 2097152 134912.968 134912.968 134912.968 12.9330077743 12.9330077743 12.9330077743 51.7320310973 51.7320310973 51.7320310973
448 2097152 189707.994 189707.994 189707.994 9.90494998329 9.90494998329 9.90494998329 39.6197999332 39.6197999332 39.6197999332
480 2097152 214345.932 214345.932 214345.932 9.3926014887 9.3926014887 9.3926014887 37.5704059548 37.5704059548 37.5704059548
512 2097152 146100.044 146100.044 146100.044 14.6987200634 14.6987200634 14.6987200634 58.7948802534 58.7948802534 58.7948802534
544 1048576 89765.072 89765.072 89765.072 12.7092939668 12.7092939668 12.7092939668 50.8371758672 50.8371758672 50.8371758672
576 1048576 88027.954 88027.954 88027.954 13.7224540286 13.7224540286 13.7224540286 54.8898161145 54.8898161145 54.8898161145
608 1048576 125539.064 125539.064 125539.064 10.156746238 10.156746238 10.156746238 40.6269849519 40.6269849519 40.6269849519
640 1048576 85691.929 85691.929 85691.929 15.6628202406 15.6628202406 15.6628202406 62.6512809625 62.6512809625 62.6512809625
704 1048576 130270.004 130270.004 130270.004 11.3333458407 11.3333458407 11.3333458407 45.3333833628 45.3333833628 45.3333833628
768 1048576 92998.028 92998.028 92998.028 17.3187837488 17.3187837488 17.3187837488 69.2751349953 69.2751349953 69.2751349953
832 1048576 139586.926 139586.926 139586.926 12.4999562208 12.4999562208 12.4999562208 49.9998248833 49.9998248833 49.9998248833
896 1048576 126605.988 126605.988 126605.988 14.8417007891 14.8417007891 14.8417007891 59.3668031563 59.3668031563 59.3668031563
960 1048576 163770.914 163770.914 163770.914 12.2931836358 12.2931836358 12.2931836358 49.1727345431 49.1727345431 49.1727345431
1056 524288 85107.088 85107.088 85107.088 13.010623228 13.010623228 13.010623228 52.042492912 52.042492912 52.042492912
1152 524288 78852.892 78852.892 78852.892 15.3191534434 15.3191534434 15.3191534434 61.2766137734 61.2766137734 61.2766137734
1248 524288 118924.141 118924.141 118924.141 11.0038452832 11.0038452832 11.0038452832 44.0153811328 44.0153811328 44.0153811328
1344 524288 106844.187 106844.187 106844.187 13.190105925 13.190105925 13.190105925 52.7604237 52.7604237 52.7604237
1472 524288 110723.972 110723.972 110723.972 13.9401056891 13.9401056891 13.9401056891 55.7604227565 55.7604227565 55.7604227565
1600 524288 124944.21 124944.21 124944.21 13.4277658805 13.4277658805 13.4277658805 53.7110635219 53.7110635219 53.7110635219
1760 524288 147855.043 147855.043 147855.043 12.4817775745 12.4817775745 12.4817775745 49.9271102982 49.9271102982 49.9271102982
1920 524288 135140.896 135140.896 135140.896 14.8975327202 14.8975327202 14.8975327202 59.5901308809 59.5901308809 59.5901308809
2112 262144 83227.158 83227.158 83227.158 13.3045063968 13.3045063968 13.3045063968 53.2180255873 53.2180255873 53.2180255873
2304 262144 80459.833 80459.833 80459.833 15.013199841 15.013199841 15.013199841 60.0527993639 60.0527993639 60.0527993639
2528 262144 98116.875 98116.875 98116.875 13.508380327 13.508380327 13.508380327 54.0335213081 54.0335213081 54.0335213081
2752 262144 107687.95 107687.95 107687.95 13.3983475031 13.3983475031 13.3983475031 53.5933900125 53.5933900125 53.5933900125
3008 262144 111945.152 111945.152 111945.152 14.0877766998 14.0877766998 14.0877766998 56.3511067992 56.3511067992 56.3511067992
3296 262144 124000.788 124000.788 124000.788 13.9358247304 13.9358247304 13.9358247304 55.7432989216 55.7432989216 55.7432989216
3616 262144 128657.818 128657.818 128657.818 14.7354077465 14.7354077465 14.7354077465 58.9416309858 58.9416309858 58.9416309858
3968 262144 128967.047 128967.047 128967.047 16.1310569823 16.1310569823 16.1310569823 64.5242279293 64.5242279293 64.5242279293
4352 131072 70390.94 70390.94 70390.94 16.2073512301 16.2073512301 16.2073512301 64.8294049206 64.8294049206 64.8294049206
4768 131072 85322.857 85322.857 85322.857 14.6490944625 14.6490944625 14.6490944625 58.5963778498 58.5963778498 58.5963778498
5216 131072 99536.896 99536.896 99536.896 13.7370478581 13.7370478581 13.7370478581 54.9481914325 54.9481914325 54.9481914325
5728 131072 105463.982 105463.982 105463.982 14.2376648741 14.2376648741 14.2376648741 56.9506594962 56.9506594962 56.9506594962
6272 131072 103547.812 103547.812 103547.812 15.8783380956 15.8783380956 15.8783380956 63.5133523826 63.5133523826 63.5133523826
6880 131072 132285.118 132285.118 132285.118 13.6338141982 13.6338141982 13.6338141982 54.5352567928 54.5352567928 54.5352567928
7552 131072 126675.129 126675.129 126675.129 15.6282571301 15.6282571301 15.6282571301 62.5130285204 62.5130285204 62.5130285204
8288 65536 78087.091 78087.091 78087.091 13.9117070708 13.9117070708 13.9117070708 55.6468282831 55.6468282831 55.6468282831
9088 65536 86691.856 86691.856 86691.856 13.7404179696 13.7404179696 13.7404179696 54.9616718784 54.9616718784 54.9616718784
9984 65536 94132.9 94132.9 94132.9 13.901864789 13.901864789 13.901864789 55.6074591562 55.6074591562 55.6074591562
10976 65536 99589.109 99589.109 99589.109 14.4458192913 14.4458192913 14.4458192913 57.7832771654 57.7832771654 57.7832771654
12064 65536 108627.081 108627.081 108627.081 14.5567071622 14.5567071622 14.5567071622 58.2268286487 58.2268286487 58.2268286487
13248 65536 116043.091 116043.091 116043.091 14.9637676921 14.9637676921 14.9637676921 59.8550707685 59.8550707685 59.8550707685
14560 65536 131013.155 131013.155 131013.155 14.5665396731 14.5665396731 14.5665396731 58.2661586922 58.2661586922 58.2661586922
16000 65536 140476.942 140476.942 140476.942 14.9287987775 14.9287987775 14.9287987775 59.7151951101 59.7151951101 59.7151951101
17600 32768 84671.974 84671.974 84671.974 13.6223775768 13.6223775768 13.6223775768 54.4895103072 54.4895103072 54.4895103072
19360 32768 85289.001 85289.001 85289.001 14.8762084809 14.8762084809 14.8762084809 59.5048339234 59.5048339234 59.5048339234
21280 32768 89076.042 89076.042 89076.042 15.6563543764 15.6563543764 15.6563543764 62.6254175056 62.6254175056 62.6254175056
23392 32768 117377.996 117377.996 117377.996 13.060523814 13.060523814 13.060523814 52.2420952561 52.2420952561 52.2420952561
25728 32768 110608.101 110608.101 110608.101 15.2440028602 15.2440028602 15.2440028602 60.9760114406 60.9760114406 60.9760114406
28288 32768 115582.943 115582.943 115582.943 16.0394113516 16.0394113516 16.0394113516 64.1576454062 64.1576454062 64.1576454062
31104 32768 134783.983 134783.983 134783.983 15.1236942152 15.1236942152 15.1236942152 60.4947768608 60.4947768608 60.4947768608
34208 16384 70296.049 70296.049 70296.049 15.9458143089 15.9458143089 15.9458143089 63.7832572354 63.7832572354 63.7832572354
37600 16384 79396.009 79396.009 79396.009 15.5181200607 15.5181200607 15.5181200607 62.0724802427 62.0724802427 62.0724802427
41344 16384 80457.926 80457.926 80457.926 16.8381197398 16.8381197398 16.8381197398 67.352478959 67.352478959 67.352478959
45472 16384 105149.984 105149.984 105149.984 14.1704871396 14.1704871396 14.1704871396 56.6819485584 56.6819485584 56.6819485584
50016 16384 105848.074 105848.074 105848.074 15.4837421794 15.4837421794 15.4837421794 61.9349687175 61.9349687175 61.9349687175
55008 16384 126433.849 126433.849 126433.849 14.2564839895 14.2564839895 14.2564839895 57.025935958 57.025935958 57.025935958
60480 16384 141338.11 141338.11 141338.11 14.0217570477 14.0217570477 14.0217570477 56.0870281908 56.0870281908 56.0870281908
66528 8192 79589.128 79589.128 79589.128 13.6952719472 13.6952719472 13.6952719472 54.7810877888 54.7810877888 54.7810877888
73152 8192 86781.979 86781.979 86781.979 13.8107286998 13.8107286998 13.8107286998 55.2429147992 55.2429147992 55.2429147992
80448 8192 75387.001 75387.001 75387.001 17.4839165177 17.4839165177 17.4839165177 69.9356660706 69.9356660706 69.9356660706
88480 8192 100649.118 100649.118 100649.118 14.4030702783 14.4030702783 14.4030702783 57.6122811131 57.6122811131 57.6122811131
97312 8192 109936.953 109936.953 109936.953 14.5024922421 14.5024922421 14.5024922421 58.0099689683 58.0099689683 58.0099689683
107040 8192 125115.871 125115.871 125115.871 14.0169536125 14.0169536125 14.0169536125 56.0678144502 56.0678144502 56.0678144502
117728 8192 136133.909 136133.909 136133.909 14.1688104468 14.1688104468 14.1688104468 56.6752417871 56.6752417871 56.6752417871
129472 8192 147892.952 147892.952 147892.952 14.3432747762 14.3432747762 14.3432747762 57.3730991048 57.3730991048 57.3730991048
142400 4096 85658.073 85658.073 85658.073 13.6185739317 13.6185739317 13.6185739317 54.4742957269 54.4742957269 54.4742957269
156640 4096 92273.951 92273.951 92273.951 13.9063610704 13.9063610704 13.9063610704 55.6254442817 55.6254442817 55.6254442817
172288 4096 102879.047 102879.047 102879.047 13.7188605178 13.7188605178 13.7188605178 54.8754420713 54.8754420713 54.8754420713
189504 4096 92926.025 92926.025 92926.025 16.7059418285 16.7059418285 16.7059418285 66.8237673138 66.8237673138 66.8237673138
208448 4096 116293.907 116293.907 116293.907 14.6835381152 14.6835381152 14.6835381152 58.7341524608 58.7341524608 58.7341524608
229280 4096 159165.859 159165.859 159165.859 11.8006573256 11.8006573256 11.8006573256 47.2026293026 47.2026293026 47.2026293026
252192 4096 110616.922 110616.922 110616.922 18.6766800834 18.6766800834 18.6766800834 74.7067203334 74.7067203334 74.7067203334
277408 2048 84010.124 84010.124 84010.124 13.525312354 13.525312354 13.525312354 54.1012494161 54.1012494161 54.1012494161
305120 2048 83666.086 83666.086 83666.086 14.9376118778 14.9376118778 14.9376118778 59.7504475111 59.7504475111 59.7504475111
335616 2048 90561.867 90561.867 90561.867 15.1794920041 15.1794920041 15.1794920041 60.7179680163 60.7179680163 60.7179680163
369152 2048 89565.039 89565.039 89565.039 16.8821072249 16.8821072249 16.8821072249 67.5284288996 67.5284288996 67.5284288996
406048 2048 101935.863 101935.863 101935.863 16.315873129 16.315873129 16.315873129 65.2634925159 65.2634925159 65.2634925159
446624 2048 124536.991 124536.991 124536.991 14.6893857745 14.6893857745 14.6893857745 58.7575430982 58.7575430982 58.7575430982
491264 2048 126489.878 126489.878 126489.878 15.9081293762 15.9081293762 15.9081293762 63.6325175047 63.6325175047 63.6325175047
540384 1024 65643.787 65643.787 65643.787 16.8592715713 16.8592715713 16.8592715713 67.4370862851 67.4370862851 67.4370862851
594400 1024 80142.975 80142.975 80142.975 15.189493527 15.189493527 15.189493527 60.7579741081 60.7579741081 60.7579741081
653824 1024 86928.844 86928.844 86928.844 15.4037657742 15.4037657742 15.4037657742 61.6150630969 61.6150630969 61.6150630969
719200 1024 97615.004 97615.004 97615.004 15.0890901977 15.0890901977 15.0890901977 60.3563607906 60.3563607906 60.3563607906
791104 1024 107753.992 107753.992 107753.992 15.0359254625 15.0359254625 15.0359254625 60.14370185 60.14370185 60.14370185
870208 1024 123642.921 123642.921 123642.921 14.4139750953 14.4139750953 14.4139750953 57.6559003811 57.6559003811 57.6559003811
957216 1024 138207.912 138207.912 138207.912 14.184270203 14.184270203 14.184270203 56.737080812 56.737080812 56.737080812
1052928 512 68842.173 68842.173 68842.173 15.6618860942 15.6618860942 15.6618860942 62.6475443766 62.6475443766 62.6475443766
1158208 512 81786.871 81786.871 81786.871 14.5011659879 14.5011659879 14.5011659879 58.0046639515 58.0046639515 58.0046639515
1274016 512 92262.983 92262.983 92262.983 14.1399328483 14.1399328483 14.1399328483 56.559731393 56.559731393 56.559731393
1401408 512 101129.055 101129.055 101129.055 14.1902027266 14.1902027266 14.1902027266 56.7608109064 56.7608109064 56.7608109064
1541536 512 109606.981 109606.981 109606.981 14.4017547933 14.4017547933 14.4017547933 57.6070191733 57.6070191733 57.6070191733
1695680 512 115579.128 115579.128 115579.128 15.0232689072 15.0232689072 15.0232689072 60.0930756287 60.0930756287 60.0930756287
1865248 512 128526.926 128526.926 128526.926 14.860807859 14.860807859 14.860807859 59.4432314362 59.4432314362 59.4432314362
2051744 512 128467.798 128467.798 128467.798 16.354182828 16.354182828 16.354182828 65.4167313119 65.4167313119 65.4167313119
2256896 256 79751.968 79751.968 79751.968 14.4890562701 14.4890562701 14.4890562701 57.9562250802 57.9562250802 57.9562250802
2482560 256 87821.96 87821.96 87821.96 14.4732675062 14.4732675062 14.4732675062 57.8930700249 57.8930700249 57.8930700249
2730816 256 88453.054 88453.054 88453.054 15.8070041539 15.8070041539 15.8070041539 63.2280166155 63.2280166155 63.2280166155
3003872 256 90003.967 90003.967 90003.967 17.087940846 17.087940846 17.087940846 68.3517633839 68.3517633839 68.3517633839
3304256 256 113224.03 113224.03 113224.03 14.9418729575 14.9418729575 14.9418729575 59.7674918301 59.7674918301 59.7674918301
3634656 256 139794.827 139794.827 139794.827 13.3119651988 13.3119651988 13.3119651988 53.2478607953 53.2478607953 53.2478607953
3998112 256 152288.914 152288.914 152288.914 13.4417751774 13.4417751774 13.4417751774 53.7671007096 53.7671007096 53.7671007096
4397920 128 86781.979 86781.979 86781.979 12.9735174627 12.9735174627 12.9735174627 51.8940698506 51.8940698506 51.8940698506
4837696 128 94339.848 94339.848 94339.848 13.1275405065 13.1275405065 13.1275405065 52.5101620261 52.5101620261 52.5101620261
5321440 128 94957.113 94957.113 94957.113 14.3463569706 14.3463569706 14.3463569706 57.3854278826 57.3854278826 57.3854278826
5853568 128 109472.99 109472.99 109472.99 13.6884304338 13.6884304338 13.6884304338 54.7537217354 54.7537217354 54.7537217354
6438912 128 110594.034 110594.034 110594.034 14.9046147643 14.9046147643 14.9046147643 59.6184590572 59.6184590572 59.6184590572
7082784 128 129142.046 129142.046 129142.046 14.0402971779 14.0402971779 14.0402971779 56.1611887115 56.1611887115 56.1611887115
7791040 128 136819.839 136819.839 136819.839 14.5776099035 14.5776099035 14.5776099035 58.310439614 58.310439614 58.310439614
8570144 64 82690.954 82690.954 82690.954 13.2660028569 13.2660028569 13.2660028569 53.0640114274 53.0640114274 53.0640114274
9427136 64 80543.995 80543.995 80543.995 14.9815440369 14.9815440369 14.9815440369 59.9261761476 59.9261761476 59.9261761476
10369824 64 99808.216 99808.216 99808.216 13.2988798437 13.2988798437 13.2988798437 53.1955193749 53.1955193749 53.1955193749
11406784 64 110847.95 110847.95 110847.95 13.171811946 13.171811946 13.171811946 52.687247784 52.687247784 52.687247784
12547456 64 110860.109 110860.109 110860.109 14.4873966162 14.4873966162 14.4873966162 57.9495864649 57.9495864649 57.9495864649
13802176 64 121152.163 121152.163 121152.163 14.5823110727 14.5823110727 14.5823110727 58.3292442909 58.3292442909 58.3292442909
15182368 64 136215.925 136215.925 136215.925 14.2666366212 14.2666366212 14.2666366212 57.0665464849 57.0665464849 57.0665464849
16700576 64 147721.052 147721.052 147721.052 14.471016142 14.471016142 14.471016142 57.8840645679 57.8840645679 57.8840645679
18370624 32 82735.062 82735.062 82735.062 14.2106612067 14.2106612067 14.2106612067 56.8426448269 56.8426448269 56.8426448269
20207680 32 96926.928 96926.928 96926.928 13.3429537765 13.3429537765 13.3429537765 53.3718151059 53.3718151059 53.3718151059
22228448 32 104744.911 104744.911 104744.911 13.5817641012 13.5817641012 13.5817641012 54.3270564047 54.3270564047 54.3270564047
24451264 32 113160.849 113160.849 113160.849 13.8288189761 13.8288189761 13.8288189761 55.3152759043 55.3152759043 55.3152759043
26896384 32 117903.948 117903.948 117903.948 14.5997534875 14.5997534875 14.5997534875 58.3990139499 58.3990139499 58.3990139499
29586016 32 134217.978 134217.978 134217.978 14.1076855144 14.1076855144 14.1076855144 56.4307420575 56.4307420575 56.4307420575
32544608 32 150063.992 150063.992 150063.992 13.8797781149 13.8797781149 13.8797781149 55.5191124597 55.5191124597 55.5191124597
35799040 16 76750.04 76750.04 76750.04 14.9259763252 14.9259763252 14.9259763252 59.7039053009 59.7039053009 59.7039053009
39378944 16 93805.075 93805.075 93805.075 13.4334545119 13.4334545119 13.4334545119 53.7338180477 53.7338180477 53.7338180477
43316832 16 100482.941 100482.941 100482.941 13.7947656608 13.7947656608 13.7947656608 55.1790626431 55.1790626431 55.1790626431
47648512 16 114621.878 114621.878 114621.878 13.3024550863 13.3024550863 13.3024550863 53.2098203451 53.2098203451 53.2098203451
52413344 16 119481.087 119481.087 119481.087 14.0375941508 14.0375941508 14.0375941508 56.1503766031 56.1503766031 56.1503766031
57654656 16 127119.064 127119.064 127119.064 14.513550792 14.513550792 14.513550792 58.0542031681 58.0542031681 58.0542031681
63420096 16 140167.952 140167.952 140167.952 14.4786525239 14.4786525239 14.4786525239 57.9146100958 57.9146100958 57.9146100958
69762080 8 76781.988 76781.988 76781.988 14.5371760887 14.5371760887 14.5371760887 58.148704355 58.148704355 58.148704355
76738272 8 85905.075 85905.075 85905.075 14.2926637571 14.2926637571 14.2926637571 57.1706550282 57.1706550282 57.1706550282
84412096 8 104529.858 104529.858 104529.858 12.9206483376 12.9206483376 12.9206483376 51.6825933505 51.6825933505 51.6825933505
92853280 8 99848.986 99848.986 99848.986 14.8789941642 14.8789941642 14.8789941642 59.515976657 59.515976657 59.515976657
102138592 8 109181.881 109181.881 109181.881 14.9678450035 14.9678450035 14.9678450035 59.8713800141 59.8713800141 59.8713800141
112352448 8 107626.915 107626.915 107626.915 16.7025057626 16.7025057626 16.7025057626 66.8100230505 66.8100230505 66.8100230505
123587680 8 145903.111 145903.111 145903.111 13.5528493289 13.5528493289 13.5528493289 54.2113973156 54.2113973156 54.2113973156
135946432 4 67736.864 67736.864 67736.864 16.055828271 16.055828271 16.055828271 64.223313084 64.223313084 64.223313084
149541056 4 88274.002 88274.002 88274.002 13.5524437648 13.5524437648 13.5524437648 54.2097750593 54.2097750593 54.2097750593
164495136 4 97343.922 97343.922 97343.922 13.5186774989 13.5186774989 13.5186774989 54.0747099958 54.0747099958 54.0747099958
180944640 4 97031.116 97031.116 97031.116 14.9184836749 14.9184836749 14.9184836749 59.6739346995 59.6739346995 59.6739346995
199039104 4 113043.07 113043.07 113043.07 14.0858951548 14.0858951548 14.0858951548 56.3435806193 56.3435806193 56.3435806193
218943008 4 129878.998 129878.998 129878.998 13.4859684088 13.4859684088 13.4859684088 53.9438736354 53.9438736354 53.9438736354
240837280 4 130265.951 130265.951 130265.951 14.7904976336 14.7904976336 14.7904976336 59.1619905343 59.1619905343 59.1619905343
264920992 4 159355.164 159355.164 159355.164 13.2996501827 13.2996501827 13.2996501827 53.1986007306 53.1986007306 53.1986007306
291413088 2 81559.896 81559.896 81559.896 14.2919793816 14.2919793816 14.2919793816 57.1679175265 57.1679175265 57.1679175265
320554368 2 100992.918 100992.918 100992.918 12.6961127314 12.6961127314 12.6961127314 50.7844509256 50.7844509256 50.7844509256
352609792 2 106230.021 106230.021 106230.021 13.277218198 13.277218198 13.277218198 53.1088727922 53.1088727922 53.1088727922
387870752 2 111801.147 111801.147 111801.147 13.8771653926 13.8771653926 13.8771653926 55.5086615704 55.5086615704 55.5086615704
426657824 2 115218.163 115218.163 115218.163 14.8121724176 14.8121724176 14.8121724176 59.2486896706 59.2486896706 59.2486896706
469323584 2 131141.901 131141.901 131141.901 14.3149849261 14.3149849261 14.3149849261 57.2599397045 57.2599397045 57.2599397045
516255936 2 157061.1 157061.1 157061.1 13.1479006832 13.1479006832 13.1479006832 52.5916027329 52.5916027329 52.5916027329
567881504 1 79449.177 79449.177 79449.177 14.2954659933 14.2954659933 14.2954659933 57.1818639732 57.1818639732 57.1818639732
624669632 1 91768.026 91768.026 91768.026 13.6141019749 13.6141019749 13.6141019749 54.4564078996 54.4564078996 54.4564078996
687136576 1 95319.986 95319.986 95319.986 14.4174711901 14.4174711901 14.4174711901 57.6698847606 57.6698847606 57.6698847606
755850208 1 102975.845 102975.845 102975.845 14.6801457759 14.6801457759 14.6801457759 58.7205831037 58.7205831037 58.7205831037
831435200 1 123472.214 123472.214 123472.214 13.467567691 13.467567691 13.467567691 53.8702707639 53.8702707639 53.8702707639
914578720 1 118816.853 118816.853 118816.853 15.3947642427 15.3947642427 15.3947642427 61.579056971 61.579056971 61.579056971
1006036576 1 138757.944 138757.944 138757.944 14.5005979045 14.5005979045 14.5005979045 58.002391618 58.002391618 58.002391618

META_DATA
ERT_VERSION  1.1.0
UNAME  ('Linux', '3689e1d83645', '5.4.72-microsoft-standard-WSL2', '#1 SMP Wed Oct 28 23:40:43 UTC 2020', 'x86_64', 'x86_64')
OPENMP_THREADS 4
HOSTNAME  ('3689e1d83645', [], ['172.17.0.2'])
FLOPS          64
CONFIG  {'ERT_WORKING_SET_MIN': ['1'], 'ERT_CFLAGS': ['-Ofast', '-march=native'], 'ERT_CC': ['cc'], 'ERT_MPI_CFLAGS': [], 'ERT_MPI_LDFLAGS': [], 'ERT_MEMORY_MAX': ['1073741824', '#', '1GB'], 'ERT_LDFLAGS': [], 'ERT_LDLIBS': [], 'ERT_RUN': ['export', 'OMP_NUM_THREADS=ERT_OPENMP_THREADS', ';', './ERT_CODE'], 'ERT_FLOPS': ['1,8,64'], 'ERT_OPENMP_CFLAGS': ['-fopenmp'], 'ERT_MPI': ['False'], 'ERT_TRIALS_MIN': ['1'], 'ERT_DRIVER': ['driver1'], 'ERT_RESULTS': ['OpenMP'], 'ERT_OPENMP': ['True'], 'ERT_OPENMP_THREADS': ['1,2,4,8'], 'ERT_KERNEL': ['kernel1'], 'ERT_GPU': [False], 'ERT_LD': ['cc'], 'ERT_NUM_EXPERIMENTS': ['1'], 'ERT_OPENMP_LDFLAGS': ['-fopenmp'], 'ERT_ALIGN': ['64'], 'ERT_GNUPLOT': ['gnuplot']}
TIMESTAMP_DATA  1620702596.89
