8 67108864 177007.914 177007.914 177007.914 6.06606676355 6.06606676355 6.06606676355 0.379129172722 0.379129172722 0.379129172722
16 33554432 94658.136 94658.136 94658.136 11.3433653923 11.3433653923 11.3433653923 0.708960337017 0.708960337017 0.708960337017
24 16777216 47771.931 47771.931 47771.931 16.8573124666 16.8573124666 16.8573124666 1.05358202916 1.05358202916 1.05358202916
32 16777216 53144.932 53144.932 53144.932 20.2040304426 20.2040304426 20.2040304426 1.26275190266 1.26275190266 1.26275190266
40 8388608 29803.991 29803.991 29803.991 22.5167374396 22.5167374396 22.5167374396 1.40729608998 1.40729608998 1.40729608998
48 8388608 38939.953 38939.953 38939.953 20.6807226501 20.6807226501 20.6807226501 1.29254516563 1.29254516563 1.29254516563
56 8388608 44609.07 44609.07 44609.07 21.0612796008 21.0612796008 21.0612796008 1.31632997505 1.31632997505 1.31632997505
64 8388608 56107.044 56107.044 56107.044 19.1373800409 19.1373800409 19.1373800409 1.19608625256 1.19608625256 1.19608625256
72 4194304 32431.841 32431.841 32431.841 18.6230493668 18.6230493668 18.6230493668 1.16394058543 1.16394058543 1.16394058543
80 4194304 27966.976 27966.976 27966.976 23.9957527049 23.9957527049 23.9957527049 1.49973454406 1.49973454406 1.49973454406
88 4194304 27255.058 27255.058 27255.058 27.0847893261 27.0847893261 27.0847893261 1.69279933288 1.69279933288 1.69279933288
96 4194304 30078.888 30078.888 30078.888 26.7731429433 26.7731429433 26.7731429433 1.67332143396 1.67332143396 1.67332143396
104 4194304 34239.054 34239.054 34239.054 25.4801208001 25.4801208001 25.4801208001 1.59250755 1.59250755 1.59250755
112 4194304 35418.987 35418.987 35418.987 26.5260013224 26.5260013224 26.5260013224 1.65787508265 1.65787508265 1.65787508265
120 4194304 38132.906 38132.906 38132.906 26.3980133064 26.3980133064 26.3980133064 1.64987583165 1.64987583165 1.64987583165
128 4194304 13670.921 13670.921 13670.921 78.542025369 78.542025369 78.542025369 4.90887658556 4.90887658556 4.90887658556
136 2097152 6705.999 6705.999 6705.999 85.061948861 85.061948861 85.061948861 5.31637180381 5.31637180381 5.31637180381
144 2097152 6772.995 6772.995 6772.995 89.174696866 89.174696866 89.174696866 5.57341855413 5.57341855413 5.57341855413
152 2097152 6608.963 6608.963 6608.963 96.4650896063 96.4650896063 96.4650896063 6.0290681004 6.0290681004 6.0290681004
160 2097152 7843.971 7843.971 7843.971 85.5547069208 85.5547069208 85.5547069208 5.34716918255 5.34716918255 5.34716918255
176 2097152 10341.883 10341.883 10341.883 71.3794097264 71.3794097264 71.3794097264 4.4612131079 4.4612131079 4.4612131079
192 2097152 12979.031 12979.031 12979.031 62.0467250598 62.0467250598 62.0467250598 3.87792031624 3.87792031624 3.87792031624
208 2097152 15707.016 15707.016 15707.016 55.5430281602 55.5430281602 55.5430281602 3.47143926001 3.47143926001 3.47143926001
224 2097152 16935.825 16935.825 16935.825 55.4755434707 55.4755434707 55.4755434707 3.46722146692 3.46722146692 3.46722146692
240 2097152 19599.199 19599.199 19599.199 51.3609234745 51.3609234745 51.3609234745 3.21005771715 3.21005771715 3.21005771715
264 1048576 4304.886 4304.886 4304.886 128.609242614 128.609242614 128.609242614 8.03807766338 8.03807766338 8.03807766338
288 1048576 5182.028 5182.028 5182.028 116.552781266 116.552781266 116.552781266 7.28454882915 7.28454882915 7.28454882915
312 1048576 6343.842 6343.842 6343.842 103.141191726 103.141191726 103.141191726 6.44632448286 6.44632448286 6.44632448286
336 1048576 7527.113 7527.113 7527.113 93.6139887896 93.6139887896 93.6139887896 5.85087429935 5.85087429935 5.85087429935
368 1048576 10241.032 10241.032 10241.032 75.3588052454 75.3588052454 75.3588052454 4.70992532784 4.70992532784 4.70992532784
400 1048576 6588.936 6588.936 6588.936 127.313545009 127.313545009 127.313545009 7.95709656309 7.95709656309 7.95709656309
440 1048576 7904.053 7904.053 7904.053 116.743508678 116.743508678 116.743508678 7.2964692924 7.2964692924 7.2964692924
480 1048576 9410.858 9410.858 9410.858 106.965056746 106.965056746 106.965056746 6.68531604663 6.68531604663 6.68531604663
528 524288 4257.917 4257.917 4257.917 130.02792868 130.02792868 130.02792868 8.12674554248 8.12674554248 8.12674554248
576 524288 5025.864 5025.864 5025.864 120.17431749 120.17431749 120.17431749 7.51089484316 7.51089484316 7.51089484316
632 524288 6041.05 6041.05 6041.05 109.699478071 109.699478071 109.699478071 6.85621737943 6.85621737943 6.85621737943
688 524288 5799.055 5799.055 5799.055 124.403077398 124.403077398 124.403077398 7.77519233737 7.77519233737 7.77519233737
752 524288 6860.018 6860.018 6860.018 114.945638918 114.945638918 114.945638918 7.18410243238 7.18410243238 7.18410243238
824 524288 7008.076 7008.076 7008.076 123.290133269 123.290133269 123.290133269 7.70563332932 7.70563332932 7.70563332932
904 524288 7300.138 7300.138 7300.138 129.84860067 129.84860067 129.84860067 8.11553754189 8.11553754189 8.11553754189
992 524288 8804.083 8804.083 8804.083 118.148294604 118.148294604 118.148294604 7.38426841274 7.38426841274 7.38426841274
1088 262144 4551.888 4551.888 4551.888 125.316208132 125.316208132 125.316208132 7.83226300823 7.83226300823 7.83226300823
1192 262144 4952.908 4952.908 4952.908 126.178660294 126.178660294 126.178660294 7.88616626838 7.88616626838 7.88616626838
1304 262144 5216.837 5216.837 5216.837 131.05097054 131.05097054 131.05097054 8.19068565876 8.19068565876 8.19068565876
1432 262144 5725.145 5725.145 5725.145 131.137362634 131.137362634 131.137362634 8.19608516466 8.19608516466 8.19608516466
1568 262144 6283.998 6283.998 6283.998 130.82174501 130.82174501 130.82174501 8.17635906313 8.17635906313 8.17635906313
1720 262144 7156.134 7156.134 7156.134 126.014320023 126.014320023 126.014320023 7.87589500141 7.87589500141 7.87589500141
1888 262144 7773.876 7773.876 7773.876 127.331043613 127.331043613 127.331043613 7.95819022583 7.95819022583 7.95819022583
2072 131072 4189.014 4189.014 4189.014 129.663536097 129.663536097 129.663536097 8.10397100606 8.10397100606 8.10397100606
2272 131072 4631.996 4631.996 4631.996 128.581969414 128.581969414 128.581969414 8.03637308841 8.03637308841 8.03637308841
2496 131072 5873.919 5873.919 5873.919 111.392653525 111.392653525 111.392653525 6.9620408453 6.9620408453 6.9620408453
2744 131072 5567.074 5567.074 5567.074 129.210270243 129.210270243 129.210270243 8.07564189016 8.07564189016 8.07564189016
3016 131072 6096.84 6096.84 6096.84 129.678046988 129.678046988 129.678046988 8.10487793677 8.10487793677 8.10487793677
3312 131072 6834.984 6834.984 6834.984 127.026036637 127.026036637 127.026036637 7.93912728984 7.93912728984 7.93912728984
3640 131072 7204.056 7204.056 7204.056 132.453739949 132.453739949 132.453739949 8.27835874679 8.27835874679 8.27835874679
4000 131072 8022.785 8022.785 8022.785 130.699750772 130.699750772 130.699750772 8.16873442327 8.16873442327 8.16873442327
4400 65536 5680.799 5680.799 5680.799 101.520367117 101.520367117 101.520367117 6.34502294484 6.34502294484 6.34502294484
4840 65536 5260.944 5260.944 5260.944 120.584533878 120.584533878 120.584533878 7.5365333674 7.5365333674 7.5365333674
5320 65536 5501.032 5501.032 5501.032 126.758586389 126.758586389 126.758586389 7.92241164931 7.92241164931 7.92241164931
5848 65536 6170.034 6170.034 6170.034 124.230929035 124.230929035 124.230929035 7.76443306471 7.76443306471 7.76443306471
6432 65536 6534.1 6534.1 6534.1 129.02390597 129.02390597 129.02390597 8.06399412314 8.06399412314 8.06399412314
7072 65536 7344.961 7344.961 7344.961 126.200967439 126.200967439 126.200967439 7.88756046492 7.88756046492 7.88756046492
7776 65536 8013.964 8013.964 8013.964 127.179991325 127.179991325 127.179991325 7.94874945782 7.94874945782 7.94874945782
8552 32768 4533.052 4533.052 4533.052 123.639409387 123.639409387 123.639409387 7.72746308668 7.72746308668 7.72746308668
9400 32768 5064.964 5064.964 5064.964 121.627399523 121.627399523 121.627399523 7.60171247022 7.60171247022 7.60171247022
10336 32768 5554.914 5554.914 5554.914 121.9424992 121.9424992 121.9424992 7.62140619999 7.62140619999 7.62140619999
11368 32768 5800.009 5800.009 5800.009 128.45036068 128.45036068 128.45036068 8.02814754253 8.02814754253 8.02814754253
12504 32768 6585.121 6585.121 6585.121 124.441471007 124.441471007 124.441471007 7.77759193795 7.77759193795 7.77759193795
13752 32768 8145.094 8145.094 8145.094 110.649560582 110.649560582 110.649560582 6.91559753638 6.91559753638 6.91559753638
15120 32768 8558.035 8558.035 8558.035 115.786429946 115.786429946 115.786429946 7.2366518716 7.2366518716 7.2366518716
16632 16384 4386.187 4386.187 4386.187 124.253110048 124.253110048 124.253110048 7.76581937797 7.76581937797 7.76581937797
18288 16384 4880.905 4880.905 4880.905 122.77665392 122.77665392 122.77665392 7.67354086998 7.67354086998 7.67354086998
20112 16384 5352.974 5352.974 5352.974 123.114742571 123.114742571 123.114742571 7.6946714107 7.6946714107 7.6946714107
22120 16384 5912.066 5912.066 5912.066 122.601500051 122.601500051 122.601500051 7.66259375318 7.66259375318 7.66259375318
24328 16384 6520.987 6520.987 6520.987 122.248350441 122.248350441 122.248350441 7.64052190259 7.64052190259 7.64052190259
26760 16384 7182.837 7182.837 7182.837 122.078738526 122.078738526 122.078738526 7.62992115789 7.62992115789 7.62992115789
29432 16384 7968.903 7968.903 7968.903 121.023907055 121.023907055 121.023907055 7.56399419092 7.56399419092 7.56399419092
32368 16384 8558.035 8558.035 8558.035 123.934363905 123.934363905 123.934363905 7.74589774405 7.74589774405 7.74589774405
35600 8192 4819.155 4819.155 4819.155 121.03167464 121.03167464 121.03167464 7.564479665 7.564479665 7.564479665
39160 8192 6483.078 6483.078 6483.078 98.9649422697 98.9649422697 98.9649422697 6.18530889186 6.18530889186 6.18530889186
43072 8192 6266.832 6266.832 6266.832 112.607398443 112.607398443 112.607398443 7.03796240269 7.03796240269 7.03796240269
47376 8192 7056.952 7056.952 7056.952 109.99201695 109.99201695 109.99201695 6.87450105938 6.87450105938 6.87450105938
52112 8192 7576.227 7576.227 7576.227 112.695014022 112.695014022 112.695014022 7.04343837638 7.04343837638 7.04343837638
57320 8192 8178.949 8178.949 8178.949 114.822928961 114.822928961 114.822928961 7.17643306004 7.17643306004 7.17643306004
63048 8192 9338.14 9338.14 9338.14 110.619291636 110.619291636 110.619291636 6.91370572726 6.91370572726 6.91370572726
69352 4096 4934.072 4934.072 4934.072 115.144567003 115.144567003 115.144567003 7.19653543767 7.19653543767 7.19653543767
76280 4096 5666.018 5666.018 5666.018 110.286582217 110.286582217 110.286582217 6.89291138856 6.89291138856 6.89291138856
83904 4096 5832.911 5832.911 5832.911 117.838514594 117.838514594 117.838514594 7.36490716214 7.36490716214 7.36490716214
92288 4096 6531.954 6531.954 6531.954 115.742287224 115.742287224 115.742287224 7.23389295148 7.23389295148 7.23389295148
101512 4096 7129.908 7129.908 7129.908 116.633525145 116.633525145 116.633525145 7.28959532157 7.28959532157 7.28959532157
111656 4096 7905.006 7905.006 7905.006 115.709710024 115.709710024 115.709710024 7.23185687652 7.23185687652 7.23185687652
122816 4096 8834.124 8834.124 8834.124 113.888900812 113.888900812 113.888900812 7.11805630077 7.11805630077 7.11805630077
135096 2048 4867.077 4867.077 4867.077 113.693129572 113.693129572 113.693129572 7.10582059828 7.10582059828 7.10582059828
148600 2048 5378.962 5378.962 5378.962 113.156701981 113.156701981 113.156701981 7.0722938738 7.0722938738 7.0722938738
163456 2048 5820.99 5820.99 5820.99 115.01751008 115.01751008 115.01751008 7.18859437999 7.18859437999 7.18859437999
179800 2048 7264.137 7264.137 7264.137 101.383109928 101.383109928 101.383109928 6.33644437047 6.33644437047 6.33644437047
197776 2048 7328.987 7328.987 7328.987 110.53239636 110.53239636 110.53239636 6.90827477249 6.90827477249 6.90827477249
217552 2048 7858.038 7858.038 7858.038 113.398916116 113.398916116 113.398916116 7.08743225726 7.08743225726 7.08743225726
239304 2048 8632.898 8632.898 8632.898 113.541151998 113.541151998 113.541151998 7.09632199987 7.09632199987 7.09632199987
263232 1024 4817.963 4817.963 4817.963 111.893581582 111.893581582 111.893581582 6.99334884888 6.99334884888 6.99334884888
289552 1024 5378.008 5378.008 5378.008 110.264338766 110.264338766 110.264338766 6.8915211729 6.8915211729 6.8915211729
318504 1024 5697.012 5697.012 5697.012 114.497949451 114.497949451 114.497949451 7.15612184071 7.15612184071 7.15612184071
350352 1024 6479.025 6479.025 6479.025 110.745196384 110.745196384 110.745196384 6.92157477398 6.92157477398 6.92157477398
385384 1024 7807.016 7807.016 7807.016 101.097068585 101.097068585 101.097068585 6.31856678659 6.31856678659 6.31856678659
423920 1024 7924.08 7924.08 7924.08 109.563275484 109.563275484 109.563275484 6.84770471777 6.84770471777 6.84770471777
466312 1024 8611.917 8611.917 8611.917 110.893657707 110.893657707 110.893657707 6.93085360669 6.93085360669 6.93085360669
512936 1024 9398.937 9398.937 9398.937 111.767206015 111.767206015 111.767206015 6.98545037593 6.98545037593 6.98545037593
564224 512 5287.886 5287.886 5287.886 109.262071081 109.262071081 109.262071081 6.82887944256 6.82887944256 6.82887944256
620640 512 5990.028 5990.028 5990.028 106.098896366 106.098896366 106.098896366 6.63118102286 6.63118102286 6.63118102286
682704 512 6480.932 6480.932 6480.932 107.868574458 107.868574458 107.868574458 6.74178590363 6.74178590363 6.74178590363
750968 512 7015.944 7015.944 7015.944 109.60623859 109.60623859 109.60623859 6.85038991189 6.85038991189 6.85038991189
826064 512 7651.091 7651.091 7651.091 110.558028391 110.558028391 110.558028391 6.90987677444 6.90987677444 6.90987677444
908664 512 8271.933 8271.933 8271.933 112.485429464 112.485429464 112.485429464 7.03033934148 7.03033934148 7.03033934148
999528 512 9269.953 9269.953 9269.953 110.412282781 110.412282781 110.412282781 6.9007676738 6.9007676738 6.9007676738
1099480 256 5114.794 5114.794 5114.794 110.059908571 110.059908571 110.059908571 6.87874428569 6.87874428569 6.87874428569
1209424 256 5599.976 5599.976 5599.976 110.57638247 110.57638247 110.57638247 6.91102390439 6.91102390439 6.91102390439
1330360 256 6260.872 6260.872 6260.872 108.793842136 108.793842136 108.793842136 6.79961513348 6.79961513348 6.79961513348
1463392 256 7161.856 7161.856 7161.856 104.617672291 104.617672291 104.617672291 6.53860451816 6.53860451816 6.53860451816
1609728 256 7866.144 7866.144 7866.144 104.775698996 104.775698996 104.775698996 6.54848118722 6.54848118722 6.54848118722
1770696 256 10812.044 10812.044 10812.044 83.8505977223 83.8505977223 83.8505977223 5.24066235764 5.24066235764 5.24066235764
1947760 256 9669.065 9669.065 9669.065 103.138526838 103.138526838 103.138526838 6.44615792737 6.44615792737 6.44615792737
2142536 128 5649.09 5649.09 5649.09 97.0933753932 97.0933753932 97.0933753932 6.06833596208 6.06833596208 6.06833596208
2356784 128 7019.997 7019.997 7019.997 85.945436159 85.945436159 85.945436159 5.37158975994 5.37158975994 5.37158975994
2592456 128 9008.884 9008.884 9008.884 73.6682519167 73.6682519167 73.6682519167 4.60426574479 4.60426574479 4.60426574479
2851696 128 13653.04 13653.04 13653.04 53.4704487792 53.4704487792 53.4704487792 3.3419030487 3.3419030487 3.3419030487
3136864 128 15406.847 15406.847 15406.847 52.1220976622 52.1220976622 52.1220976622 3.25763110389 3.25763110389 3.25763110389
3450544 128 40488.005 40488.005 40488.005 21.8173077187 21.8173077187 21.8173077187 1.36358173242 1.36358173242 1.36358173242
3795592 128 30600.786 30600.786 30600.786 31.7531566673 31.7531566673 31.7531566673 1.98457229171 1.98457229171 1.98457229171
4175144 128 45507.908 45507.908 45507.908 23.4868380238 23.4868380238 23.4868380238 1.46792737649 1.46792737649 1.46792737649
4592656 64 24838.924 24838.924 24838.924 23.6668854094 23.6668854094 23.6668854094 1.47918033809 1.47918033809 1.47918033809
5051920 64 30740.976 30740.976 30740.976 21.0353034985 21.0353034985 21.0353034985 1.31470646866 1.31470646866 1.31470646866
5557112 64 37625.074 37625.074 37625.074 18.9052209173 18.9052209173 18.9052209173 1.18157630733 1.18157630733 1.18157630733
6112816 64 49108.028 49108.028 49108.028 15.9330455705 15.9330455705 15.9330455705 0.995815348154 0.995815348154 0.995815348154
6724096 64 51918.03 51918.03 51918.03 16.5777532006 16.5777532006 16.5777532006 1.03610957504 1.03610957504 1.03610957504
7396504 64 59036.97 59036.97 59036.97 16.0366040466 16.0366040466 16.0366040466 1.00228775291 1.00228775291 1.00228775291
8136152 64 62294.96 62294.96 62294.96 16.7176839988 16.7176839988 16.7176839988 1.04485524993 1.04485524993 1.04485524993
8949760 32 33600.092 33600.092 33600.092 17.0471152281 17.0471152281 17.0471152281 1.06544470176 1.06544470176 1.06544470176
9844736 32 36001.921 36001.921 36001.921 17.5008190257 17.5008190257 17.5008190257 1.09380118911 1.09380118911 1.09380118911
10829208 32 39148.092 39148.092 39148.092 17.7037826518 17.7037826518 17.7037826518 1.10648641574 1.10648641574 1.10648641574
11912128 32 44624.09 44624.09 44624.09 17.0844087129 17.0844087129 17.0844087129 1.06777554455 1.06777554455 1.06777554455
13103336 32 50351.858 50351.858 50351.858 16.6550657177 16.6550657177 16.6550657177 1.04094160736 1.04094160736 1.04094160736
14413664 32 128781.08 128781.08 128781.08 7.1631212908 7.1631212908 7.1631212908 0.447695080675 0.447695080675 0.447695080675
15855024 32 79293.966 79293.966 79293.966 12.7969577912 12.7969577912 12.7969577912 0.799809861951 0.799809861951 0.799809861951
17440520 16 48829.794 48829.794 48829.794 11.4294285165 11.4294285165 11.4294285165 0.714339282283 0.714339282283 0.714339282283
19184568 16 55127.144 55127.144 55127.144 11.1361868484 11.1361868484 11.1361868484 0.696011678022 0.696011678022 0.696011678022
21103024 16 41545.153 41545.153 41545.153 16.2545259612 16.2545259612 16.2545259612 1.01590787257 1.01590787257 1.01590787257
23213320 16 52873.85 52873.85 52873.85 14.0490287732 14.0490287732 14.0490287732 0.878064298325 0.878064298325 0.878064298325
25534648 16 59525.013 59525.013 59525.013 13.7271492238 13.7271492238 13.7271492238 0.857946826488 0.857946826488 0.857946826488
28088112 16 66998.005 66998.005 66998.005 13.4156171367 13.4156171367 13.4156171367 0.838476071041 0.838476071041 0.838476071041
30896920 16 78243.971 78243.971 78243.971 12.6361357605 12.6361357605 12.6361357605 0.789758485034 0.789758485034 0.789758485034
33986608 8 36165.953 36165.953 36165.953 15.0358467811 15.0358467811 15.0358467811 0.939740423818 0.939740423818 0.939740423818
37385264 8 39532.9 39532.9 39532.9 15.130795464 15.130795464 15.130795464 0.945674716502 0.945674716502 0.945674716502
41123784 8 41079.998 41079.998 41079.998 16.0170539444 16.0170539444 16.0170539444 1.00106587152 1.00106587152 1.00106587152
45236160 8 44929.981 44929.981 44929.981 16.1090332978 16.1090332978 16.1090332978 1.00681458111 1.00681458111 1.00681458111
49759776 8 49582.958 49582.958 49582.958 16.0570576689 16.0570576689 16.0570576689 1.00356610431 1.00356610431 1.00356610431
54735752 8 53490.877 53490.877 53490.877 16.3723625619 16.3723625619 16.3723625619 1.02327266012 1.02327266012 1.02327266012
60209320 8 60341.12 60341.12 60341.12 15.9650520242 15.9650520242 15.9650520242 0.997815751514 0.997815751514 0.997815751514
66230248 8 63337.088 63337.088 63337.088 16.7308602505 16.7308602505 16.7308602505 1.04567876565 1.04567876565 1.04567876565
72853272 4 37981.987 37981.987 37981.987 15.3448047886 15.3448047886 15.3448047886 0.959050299291 0.959050299291 0.959050299291
80138592 4 37541.151 37541.151 37541.151 17.0774928025 17.0774928025 17.0774928025 1.06734330016 1.06734330016 1.06734330016
88152448 4 43246.984 43246.984 43246.984 16.3067922609 16.3067922609 16.3067922609 1.01917451631 1.01917451631 1.01917451631
96967688 4 44941.902 44941.902 44941.902 17.2609851715 17.2609851715 17.2609851715 1.07881157322 1.07881157322 1.07881157322
106664456 4 51733.971 51733.971 51733.971 16.4943001959 16.4943001959 16.4943001959 1.03089376224 1.03089376224 1.03089376224
117330896 4 56405.067 56405.067 56405.067 16.6411852325 16.6411852325 16.6411852325 1.04007407703 1.04007407703 1.04007407703
129063984 4 60216.904 60216.904 60216.904 17.1465452957 17.1465452957 17.1465452957 1.07165908098 1.07165908098 1.07165908098
141970376 2 32936.096 32936.096 32936.096 17.2419191394 17.2419191394 17.2419191394 1.07761994621 1.07761994621 1.07761994621
156167408 2 37242.889 37242.889 37242.889 16.7728564774 16.7728564774 16.7728564774 1.04830352984 1.04830352984 1.04830352984
171784144 2 44116.02 44116.02 44116.02 15.5756701534 15.5756701534 15.5756701534 0.973479384586 0.973479384586 0.973479384586
188962552 2 49186.945 49186.945 49186.945 15.3668866403 15.3668866403 15.3668866403 0.960430415022 0.960430415022 0.960430415022
207858800 2 57492.971 57492.971 57492.971 14.461510434 14.461510434 14.461510434 0.903844402127 0.903844402127 0.903844402127
228644680 2 57348.967 57348.967 57348.967 15.9476058217 15.9476058217 15.9476058217 0.996725363859 0.996725363859 0.996725363859
251509144 2 66526.175 66526.175 66526.175 15.122417244 15.122417244 15.122417244 0.945151077752 0.945151077752 0.945151077752
276660056 1 34283.876 34283.876 34283.876 16.1393686058 16.1393686058 16.1393686058 1.00871053786 1.00871053786 1.00871053786
304326056 1 37658.93 37658.93 37658.93 16.1622253208 16.1622253208 16.1622253208 1.01013908255 1.01013908255 1.01013908255
334758656 1 43484.926 43484.926 43484.926 15.3965379175 15.3965379175 15.3965379175 0.962283619846 0.962283619846 0.962283619846
368234520 1 49324.989 49324.989 49324.989 14.9309519359 14.9309519359 14.9309519359 0.933184495997 0.933184495997 0.933184495997
405057968 1 51470.041 51470.041 51470.041 15.739562671 15.739562671 15.739562671 0.983722666939 0.983722666939 0.983722666939
445563760 1 56869.984 56869.984 56869.984 15.6695581275 15.6695581275 15.6695581275 0.979347382971 0.979347382971 0.979347382971
490120136 1 66886.902 66886.902 66886.902 14.6551902195 14.6551902195 14.6551902195 0.915949388716 0.915949388716 0.915949388716

META_DATA
ERT_VERSION  1.1.0
HOSTNAME  ('e828f4ff7df7', [], ['172.17.0.2'])
TIMESTAMP_DATA  1620700494.91
OPENMP_THREADS 1
CONFIG  {'ERT_WORKING_SET_MIN': ['1'], 'ERT_CFLAGS': ['-Ofast', '-march=native'], 'ERT_CC': ['cc'], 'ERT_MPI_CFLAGS': [], 'ERT_MPI_LDFLAGS': [], 'ERT_MEMORY_MAX': ['536870912', '#', '512MB'], 'ERT_LDFLAGS': [], 'ERT_LDLIBS': [], 'ERT_RUN': ['export', 'OMP_NUM_THREADS=ERT_OPENMP_THREADS', ';', './ERT_CODE'], 'ERT_FLOPS': ['1,4,16,64'], 'ERT_OPENMP_CFLAGS': ['-fopenmp'], 'ERT_MPI': ['False'], 'ERT_TRIALS_MIN': ['1'], 'ERT_DRIVER': ['driver1'], 'ERT_RESULTS': ['OpenMP_4'], 'ERT_OPENMP': ['True'], 'ERT_OPENMP_THREADS': ['1,2,4'], 'ERT_KERNEL': ['kernel1'], 'ERT_GPU': [False], 'ERT_LD': ['cc'], 'ERT_NUM_EXPERIMENTS': ['1'], 'ERT_OPENMP_LDFLAGS': ['-fopenmp'], 'ERT_ALIGN': ['64'], 'ERT_GNUPLOT': ['gnuplot']}
FLOPS          1
UNAME  ('Linux', 'e828f4ff7df7', '5.4.72-microsoft-standard-WSL2', '#1 SMP Wed Oct 28 23:40:43 UTC 2020', 'x86_64', 'x86_64')
