16 67108864 2714694.023 2714694.023 2714694.023 0.791059187446 0.791059187446 0.791059187446 3.16423674979 3.16423674979 3.16423674979
32 33554432 1367652.178 1367652.178 1367652.178 1.57019722013 1.57019722013 1.57019722013 6.28078888052 6.28078888052 6.28078888052
48 16777216 752519.131 752519.131 752519.131 2.14029473757 2.14029473757 2.14029473757 8.56117895028 8.56117895028 8.56117895028
64 16777216 682002.783 682002.783 682002.783 3.14879015384 3.14879015384 3.14879015384 12.5951606153 12.5951606153 12.5951606153
80 8388608 342370.033 342370.033 342370.033 3.92025338269 3.92025338269 3.92025338269 15.6810135308 15.6810135308 15.6810135308
96 8388608 348013.878 348013.878 348013.878 4.62801295528 4.62801295528 4.62801295528 18.5120518211 18.5120518211 18.5120518211
112 8388608 464217.901 464217.901 464217.901 4.04777193631 4.04777193631 4.04777193631 16.1910877452 16.1910877452 16.1910877452
128 8388608 343211.174 343211.174 343211.174 6.25703301839 6.25703301839 6.25703301839 25.0281320736 25.0281320736 25.0281320736
144 4194304 191286.087 191286.087 191286.087 6.31493680981 6.31493680981 6.31493680981 25.2597472392 25.2597472392 25.2597472392
160 4194304 232742.071 232742.071 232742.071 5.76680131028 5.76680131028 5.76680131028 23.0672052411 23.0672052411 23.0672052411
176 4194304 299369.812 299369.812 299369.812 4.93167630409 4.93167630409 4.93167630409 19.7267052164 19.7267052164 19.7267052164
192 4194304 182817.936 182817.936 182817.936 8.80992735855 8.80992735855 8.80992735855 35.2397094342 35.2397094342 35.2397094342
208 4194304 230589.867 230589.867 230589.867 7.56681326331 7.56681326331 7.56681326331 30.2672530532 30.2672530532 30.2672530532
224 4194304 294206.142 294206.142 294206.142 6.38684216185 6.38684216185 6.38684216185 25.5473686474 25.5473686474 25.5473686474
240 4194304 365471.84 365471.84 365471.84 5.50867590783 5.50867590783 5.50867590783 22.0347036313 22.0347036313 22.0347036313
256 4194304 255403.996 255403.996 255403.996 8.40818343343 8.40818343343 8.40818343343 33.6327337337 33.6327337337 33.6327337337
272 2097152 151842.117 151842.117 151842.117 7.51340083068 7.51340083068 7.51340083068 30.0536033227 30.0536033227 30.0536033227
288 2097152 175457.954 175457.954 175457.954 6.8846098137 6.8846098137 6.8846098137 27.5384392548 27.5384392548 27.5384392548
304 2097152 213837.862 213837.862 213837.862 5.96278135254 5.96278135254 5.96278135254 23.8511254101 23.8511254101 23.8511254101
320 2097152 147053.003 147053.003 147053.003 9.12716675361 9.12716675361 9.12716675361 36.5086670144 36.5086670144 36.5086670144
352 2097152 230306.149 230306.149 230306.149 6.41057572458 6.41057572458 6.41057572458 25.6423028983 25.6423028983 25.6423028983
384 2097152 198375.94 198375.94 198375.94 8.11899233345 8.11899233345 8.11899233345 32.4759693338 32.4759693338 32.4759693338
416 2097152 246469.975 246469.975 246469.975 7.07928202614 7.07928202614 7.07928202614 28.3171281045 28.3171281045 28.3171281045
448 2097152 212641.001 212641.001 212641.001 8.83671626433 8.83671626433 8.83671626433 35.3468650573 35.3468650573 35.3468650573
480 2097152 267603.159 267603.159 267603.159 7.52332643427 7.52332643427 7.52332643427 30.0933057371 30.0933057371 30.0933057371
528 1048576 159655.094 159655.094 159655.094 6.93555231003 6.93555231003 6.93555231003 27.7422092401 27.7422092401 27.7422092401
576 1048576 133994.102 133994.102 133994.102 9.01502031783 9.01502031783 9.01502031783 36.0600812713 36.0600812713 36.0600812713
624 1048576 173501.015 173501.015 173501.015 7.54245067673 7.54245067673 7.54245067673 30.1698027069 30.1698027069 30.1698027069
672 1048576 174364.805 174364.805 174364.805 8.08240025273 8.08240025273 8.08240025273 32.3296010109 32.3296010109 32.3296010109
736 1048576 195340.157 195340.157 195340.157 7.90162092477 7.90162092477 7.90162092477 31.6064836991 31.6064836991 31.6064836991
800 1048576 202195.168 202195.168 202195.168 8.29753557711 8.29753557711 8.29753557711 33.1901423084 33.1901423084 33.1901423084
880 1048576 254543.066 254543.066 254543.066 7.25022209012 7.25022209012 7.25022209012 29.0008883605 29.0008883605 29.0008883605
960 1048576 223186.016 223186.016 223186.016 9.02057376211 9.02057376211 9.02057376211 36.0822950484 36.0822950484 36.0822950484
1056 524288 129041.91 129041.91 129041.91 8.58090411092 8.58090411092 8.58090411092 34.3236164437 34.3236164437 34.3236164437
1152 524288 128592.014 128592.014 128592.014 9.39373693922 9.39373693922 9.39373693922 37.5749477569 37.5749477569 37.5749477569
1264 524288 167567.968 167567.968 167567.968 7.90962664177 7.90962664177 7.90962664177 31.6385065671 31.6385065671 31.6385065671
1376 524288 160343.885 160343.885 160343.885 8.99841347863 8.99841347863 8.99841347863 35.9936539145 35.9936539145 35.9936539145
1504 524288 178865.91 178865.91 178865.91 8.81698644532 8.81698644532 8.81698644532 35.2679457813 35.2679457813 35.2679457813
1648 524288 214411.02 214411.02 214411.02 8.05953559663 8.05953559663 8.05953559663 32.2381423865 32.2381423865 32.2381423865
1808 524288 229925.156 229925.156 229925.156 8.24540229082 8.24540229082 8.24540229082 32.9816091633 32.9816091633 32.9816091633
1984 524288 228252.888 228252.888 228252.888 9.11434156312 9.11434156312 9.11434156312 36.4573662525 36.4573662525 36.4573662525
2176 262144 134917.974 134917.974 134917.974 8.45588363193 8.45588363193 8.45588363193 33.8235345277 33.8235345277 33.8235345277
2384 262144 139644.861 139644.861 139644.861 8.95058065903 8.95058065903 8.95058065903 35.8023226361 35.8023226361 35.8023226361
2608 262144 176803.112 176803.112 176803.112 7.73370495877 7.73370495877 7.73370495877 30.9348198351 30.9348198351 30.9348198351
2864 262144 174446.106 174446.106 174446.106 8.6075915733 8.6075915733 8.6075915733 34.4303662932 34.4303662932 34.4303662932
3136 262144 181988.001 181988.001 181988.001 9.0344811689 9.0344811689 9.0344811689 36.1379246756 36.1379246756 36.1379246756
3440 262144 200876.951 200876.951 200876.951 8.97838557894 8.97838557894 8.97838557894 35.9135423158 35.9135423158 35.9135423158
3776 262144 225546.837 225546.837 225546.837 8.77738528428 8.77738528428 8.77738528428 35.1095411371 35.1095411371 35.1095411371
4144 131072 123360.872 123360.872 123360.872 8.8060721231 8.8060721231 8.8060721231 35.2242884924 35.2242884924 35.2242884924
4544 131072 122123.003 122123.003 122123.003 9.75395549354 9.75395549354 9.75395549354 39.0158219742 39.0158219742 39.0158219742
4992 131072 142974.854 142974.854 142974.854 9.15281821515 9.15281821515 9.15281821515 36.6112728606 36.6112728606 36.6112728606
5488 131072 164795.876 164795.876 164795.876 8.72986816733 8.72986816733 8.72986816733 34.9194726693 34.9194726693 34.9194726693
6032 131072 175975.084 175975.084 175975.084 8.985661902 8.985661902 8.985661902 35.942647608 35.942647608 35.942647608
6624 131072 197536.945 197536.945 197536.945 8.79046628974 8.79046628974 8.79046628974 35.1618651589 35.1618651589 35.1618651589
7280 131072 204648.018 204648.018 204648.018 9.32532031656 9.32532031656 9.32532031656 37.3012812663 37.3012812663 37.3012812663
8000 131072 226989.985 226989.985 226989.985 9.23896267934 9.23896267934 9.23896267934 36.9558507174 36.9558507174 36.9558507174
8800 65536 155470.133 155470.133 155470.133 7.41900439488 7.41900439488 7.41900439488 29.6760175795 29.6760175795 29.6760175795
9680 65536 134885.073 134885.073 134885.073 9.40635558688 9.40635558688 9.40635558688 37.6254223475 37.6254223475 37.6254223475
10640 65536 175431.967 175431.967 175431.967 7.94955505458 7.94955505458 7.94955505458 31.7982202183 31.7982202183 31.7982202183
11696 65536 185526.133 185526.133 185526.133 8.26308448956 8.26308448956 8.26308448956 33.0523379582 33.0523379582 33.0523379582
12864 65536 193378.925 193378.925 193378.925 8.71920354299 8.71920354299 8.71920354299 34.876814172 34.876814172 34.876814172
14144 65536 203735.828 203735.828 203735.828 9.09944208733 9.09944208733 9.09944208733 36.3977683493 36.3977683493 36.3977683493
15552 65536 219749.212 219749.212 219749.212 9.2761731678 9.2761731678 9.2761731678 37.1046926712 37.1046926712 37.1046926712
17104 32768 114581.108 114581.108 114581.108 9.78283212273 9.78283212273 9.78283212273 39.1313284909 39.1313284909 39.1313284909
18800 32768 139036.894 139036.894 139036.894 8.86150980904 8.86150980904 8.86150980904 35.4460392362 35.4460392362 35.4460392362
20672 32768 156188.965 156188.965 156188.965 8.67385344413 8.67385344413 8.67385344413 34.6954137765 34.6954137765 34.6954137765
22736 32768 153314.114 153314.114 153314.114 9.71878229032 9.71878229032 9.71878229032 38.8751291613 38.8751291613 38.8751291613
25008 32768 165857.792 165857.792 165857.792 9.88150311322 9.88150311322 9.88150311322 39.5260124529 39.5260124529 39.5260124529
27504 32768 191143.99 191143.99 191143.99 9.43007490845 9.43007490845 9.43007490845 37.7202996338 37.7202996338 37.7202996338
30240 32768 215199.947 215199.947 215199.947 9.20915022344 9.20915022344 9.20915022344 36.8366008938 36.8366008938 36.8366008938
33264 16384 114079.952 114079.952 114079.952 9.55465647461 9.55465647461 9.55465647461 38.2186258984 38.2186258984 38.2186258984
36576 16384 145154.953 145154.953 145154.953 8.25684789413 8.25684789413 8.25684789413 33.0273915765 33.0273915765 33.0273915765
40224 16384 146826.029 146826.029 146826.029 8.9770188636 8.9770188636 8.9770188636 35.9080754544 35.9080754544 35.9080754544
44240 16384 174896.955 174896.955 174896.955 8.28863098274 8.28863098274 8.28863098274 33.154523931 33.154523931 33.154523931
48656 16384 187540.054 187540.054 187540.054 8.50143622119 8.50143622119 8.50143622119 34.0057448848 34.0057448848 34.0057448848
53520 16384 210017.92 210017.92 210017.92 8.35044628573 8.35044628573 8.35044628573 33.4017851429 33.4017851429 33.4017851429
58864 16384 207294.941 207294.941 207294.941 9.30488483074 9.30488483074 9.30488483074 37.219539323 37.219539323 37.219539323
64736 16384 251698.017 251698.017 251698.017 8.42783456653 8.42783456653 8.42783456653 33.7113382661 33.7113382661 33.7113382661
71200 8192 121001.005 121001.005 121001.005 9.64075298383 9.64075298383 9.64075298383 38.5630119353 38.5630119353 38.5630119353
78320 8192 145627.022 145627.022 145627.022 8.81151631323 8.81151631323 8.81151631323 35.2460652529 35.2460652529 35.2460652529
86144 8192 143207.073 143207.073 143207.073 9.85554181392 9.85554181392 9.85554181392 39.4221672557 39.4221672557 39.4221672557
94752 8192 171027.899 171027.899 171027.899 9.07697970376 9.07697970376 9.07697970376 36.307918815 36.307918815 36.307918815
104224 8192 173273.087 173273.087 173273.087 9.85499852034 9.85499852034 9.85499852034 39.4199940814 39.4199940814 39.4199940814
114640 8192 226027.012 226027.012 226027.012 8.30989952652 8.30989952652 8.30989952652 33.2395981061 33.2395981061 33.2395981061
126096 8192 211277.962 211277.962 211277.962 9.77838315195 9.77838315195 9.77838315195 39.1135326078 39.1135326078 39.1135326078
138704 4096 123722.076 123722.076 123722.076 9.18399694489 9.18399694489 9.18399694489 36.7359877796 36.7359877796 36.7359877796
152560 4096 137448.072 137448.072 137448.072 9.09268134369 9.09268134369 9.09268134369 36.3707253747 36.3707253747 36.3707253747
167808 4096 159588.814 159588.814 159588.814 8.61390658621 8.61390658621 8.61390658621 34.4556263448 34.4556263448 34.4556263448
184576 4096 177876.949 177876.949 177876.949 8.50052016577 8.50052016577 8.50052016577 34.0020806631 34.0020806631 34.0020806631
203024 4096 168382.168 168382.168 168382.168 9.87736782199 9.87736782199 9.87736782199 39.509471288 39.509471288 39.509471288
223312 4096 224776.03 224776.03 224776.03 8.13864318184 8.13864318184 8.13864318184 32.5545727273 32.5545727273 32.5545727273
245632 4096 206536.055 206536.055 206536.055 9.74269283879 9.74269283879 9.74269283879 38.9707713552 38.9707713552 38.9707713552
270192 2048 137547.016 137547.016 137547.016 8.04602283775 8.04602283775 8.04602283775 32.184091351 32.184091351 32.184091351
297200 2048 127817.154 127817.154 127817.154 9.52400489218 9.52400489218 9.52400489218 38.0960195687 38.0960195687 38.0960195687
326912 2048 165868.998 165868.998 165868.998 8.07282595389 8.07282595389 8.07282595389 32.2913038156 32.2913038156 32.2913038156
359600 2048 149569.988 149569.988 149569.988 9.84770821804 9.84770821804 9.84770821804 39.3908328722 39.3908328722 39.3908328722
395552 2048 176948.071 176948.071 176948.071 9.15625122582 9.15625122582 9.15625122582 36.6250049033 36.6250049033 36.6250049033
435104 2048 203139.067 203139.067 203139.067 8.77323111856 8.77323111856 8.77323111856 35.0929244742 35.0929244742 35.0929244742
478608 2048 224099.159 224099.159 224099.159 8.74781671091 8.74781671091 8.74781671091 34.9912668436 34.9912668436 34.9912668436
526464 1024 126602.173 126602.173 126602.173 8.51642784994 8.51642784994 8.51642784994 34.0657113998 34.0657113998 34.0657113998
579104 1024 120498.896 120498.896 120498.896 9.8424552537 9.8424552537 9.8424552537 39.3698210148 39.3698210148 39.3698210148
637008 1024 132618.904 132618.904 132618.904 9.83715250731 9.83715250731 9.83715250731 39.3486100292 39.3486100292 39.3486100292
700704 1024 166219.95 166219.95 166219.95 8.63339082944 8.63339082944 8.63339082944 34.5335633178 34.5335633178 34.5335633178
770768 1024 192432.165 192432.165 192432.165 8.20306139569 8.20306139569 8.20306139569 32.8122455827 32.8122455827 32.8122455827
847840 1024 233905.077 233905.077 233905.077 7.42342296401 7.42342296401 7.42342296401 29.693691856 29.693691856 29.693691856
932624 1024 262366.056 262366.056 262366.056 7.279958319 7.279958319 7.279958319 29.119833276 29.119833276 29.119833276
1025872 1024 251339.912 251339.912 251339.912 8.35914136868 8.35914136868 8.35914136868 33.4365654747 33.4365654747 33.4365654747
1128448 512 142812.967 142812.967 142812.967 8.09121731922 8.09121731922 8.09121731922 32.3648692769 32.3648692769 32.3648692769
1241280 512 140447.14 140447.14 140447.14 9.05017161617 9.05017161617 9.05017161617 36.2006864647 36.2006864647 36.2006864647
1365408 512 156241.894 156241.894 156241.894 8.94880211834 8.94880211834 8.94880211834 35.7952084733 35.7952084733 35.7952084733
1501936 512 159346.104 159346.104 159346.104 9.65183600598 9.65183600598 9.65183600598 38.6073440239 38.6073440239 38.6073440239
1652128 512 172137.976 172137.976 172137.976 9.82804091992 9.82804091992 9.82804091992 39.3121636797 39.3121636797 39.3121636797
1817328 512 221350.908 221350.908 221350.908 8.40721137679 8.40721137679 8.40721137679 33.6288455072 33.6288455072 33.6288455072
1999056 512 236553.907 236553.907 236553.907 8.65355964719 8.65355964719 8.65355964719 34.6142385888 34.6142385888 34.6142385888
2198960 256 114320.04 114320.04 114320.04 9.84838283821 9.84838283821 9.84838283821 39.3935313529 39.3935313529 39.3935313529
2418848 256 124885.798 124885.798 124885.798 9.91666142855 9.91666142855 9.91666142855 39.6666457142 39.6666457142 39.6666457142
2660720 256 173439.98 173439.98 173439.98 7.85452489097 7.85452489097 7.85452489097 31.4180995639 31.4180995639 31.4180995639
2926784 256 195470.095 195470.095 195470.095 7.66620289411 7.66620289411 7.66620289411 30.6648115764 30.6648115764 30.6648115764
3219456 256 192159.176 192159.176 192159.176 8.57810439404 8.57810439404 8.57810439404 34.3124175761 34.3124175761 34.3124175761
3541392 256 224292.994 224292.994 224292.994 8.08403629406 8.08403629406 8.08403629406 32.3361451763 32.3361451763 32.3361451763
3895520 256 247565.031 247565.031 247565.031 8.05649421465 8.05649421465 8.05649421465 32.2259768586 32.2259768586 32.2259768586
4285072 128 145171.881 145171.881 145171.881 7.5564112309 7.5564112309 7.5564112309 30.2256449236 30.2256449236 30.2256449236
4713568 128 175148.01 175148.01 175148.01 6.88944971741 6.88944971741 6.88944971741 27.5577988697 27.5577988697 27.5577988697
5184912 128 161842.823 161842.823 161842.823 8.20139841481 8.20139841481 8.20139841481 32.8055936592 32.8055936592 32.8055936592
5703392 128 198766.947 198766.947 198766.947 7.34562951254 7.34562951254 7.34562951254 29.3825180501 29.3825180501 29.3825180501
6273728 128 173835.039 173835.039 173835.039 9.23907157751 9.23907157751 9.23907157751 36.95628631 36.95628631 36.95628631
6901088 128 233744.144 233744.144 233744.144 7.55817235789 7.55817235789 7.55817235789 30.2326894316 30.2326894316 30.2326894316
7591184 128 220503.807 220503.807 220503.807 8.81319524792 8.81319524792 8.81319524792 35.2527809917 35.2527809917 35.2527809917
8350288 128 233723.164 233723.164 233723.164 9.14617828809 9.14617828809 9.14617828809 36.5847131524 36.5847131524 36.5847131524
9185312 64 153499.842 153499.842 153499.842 7.65942114781 7.65942114781 7.65942114781 30.6376845912 30.6376845912 30.6376845912
10103840 64 164943.933 164943.933 164943.933 7.84079472629 7.84079472629 7.84079472629 31.3631789052 31.3631789052 31.3631789052
11114224 64 162362.814 162362.814 162362.814 8.76198580791 8.76198580791 8.76198580791 35.0479432316 35.0479432316 35.0479432316
12225632 64 185364.008 185364.008 185364.008 8.44220468086 8.44220468086 8.44220468086 33.7688187234 33.7688187234 33.7688187234
13448192 64 212909.937 212909.937 212909.937 8.08496118244 8.08496118244 8.08496118244 32.3398447297 32.3398447297 32.3398447297
14793008 64 207772.97 207772.97 207772.97 9.1133366578 9.1133366578 9.1133366578 36.4533466312 36.4533466312 36.4533466312
16272304 64 239191.771 239191.771 239191.771 8.70788699499 8.70788699499 8.70788699499 34.83154798 34.83154798 34.83154798
17899520 32 134608.03 134608.03 134608.03 8.51040818293 8.51040818293 8.51040818293 34.0416327317 34.0416327317 34.0416327317
19689472 32 144181.013 144181.013 144181.013 8.73989009912 8.73989009912 8.73989009912 34.9595603965 34.9595603965 34.9595603965
21658416 32 170253.038 170253.038 170253.038 8.14163811867 8.14163811867 8.14163811867 32.5665524747 32.5665524747 32.5665524747
23824256 32 172777.891 172777.891 172777.891 8.8249276292 8.8249276292 8.8249276292 35.2997105168 35.2997105168 35.2997105168
26206672 32 213745.117 213745.117 213745.117 7.84685531787 7.84685531787 7.84685531787 31.3874212715 31.3874212715 31.3874212715
28827328 32 202713.013 202713.013 202713.013 9.10128543154 9.10128543154 9.10128543154 36.4051417262 36.4051417262 36.4051417262
31710048 32 224251.986 224251.986 224251.986 9.04983321753 9.04983321753 9.04983321753 36.1993328701 36.1993328701 36.1993328701
34881040 16 132415.056 132415.056 132415.056 8.42950427027 8.42950427027 8.42950427027 33.7180170811 33.7180170811 33.7180170811
38369136 16 139389.992 139389.992 139389.992 8.80846848747 8.80846848747 8.80846848747 35.2338739499 35.2338739499 35.2338739499
42206048 16 160338.879 160338.879 160338.879 8.42336895719 8.42336895719 8.42336895719 33.6934758288 33.6934758288 33.6934758288
46426640 16 178982.019 178982.019 178982.019 8.3005683381 8.3005683381 8.3005683381 33.2022733524 33.2022733524 33.2022733524
51069296 16 199116.23 199116.23 199116.23 8.20735442811 8.20735442811 8.20735442811 32.8294177125 32.8294177125 32.8294177125
56176224 16 225793.123 225793.123 225793.123 7.96144339613 7.96144339613 7.96144339613 31.8457735845 31.8457735845 31.8457735845
61793840 16 229016.066 229016.066 229016.066 8.63434131298 8.63434131298 8.63434131298 34.5373652519 34.5373652519 34.5373652519
67973216 8 133800.03 133800.03 133800.03 8.12833491891 8.12833491891 8.12833491891 32.5133396756 32.5133396756 32.5133396756
74770528 8 161728.144 161728.144 161728.144 7.39715684859 7.39715684859 7.39715684859 29.5886273944 29.5886273944 29.5886273944
82247568 8 147652.864 147652.864 147652.864 8.9125334406 8.9125334406 8.9125334406 35.6501337624 35.6501337624 35.6501337624
90472320 8 164362.907 164362.907 164362.907 8.80707908141 8.80707908141 8.80707908141 35.2283163257 35.2283163257 35.2283163257
99519552 8 204495.192 204495.192 204495.192 7.78655388631 7.78655388631 7.78655388631 31.1462155453 31.1462155453 31.1462155453
109471504 8 188185.93 188185.93 188185.93 9.3075187077 9.3075187077 9.3075187077 37.2300748308 37.2300748308 37.2300748308
120418640 8 272799.015 272799.015 272799.015 7.06270233417 7.06270233417 7.06270233417 28.2508093367 28.2508093367 28.2508093367
132460496 8 263880.014 263880.014 263880.014 8.03155913126 8.03155913126 8.03155913126 32.1262365251 32.1262365251 32.1262365251
145706544 4 134879.827 134879.827 134879.827 8.64215485686 8.64215485686 8.64215485686 34.5686194274 34.5686194274 34.5686194274
160277184 4 140396.833 140396.833 140396.833 9.13280908552 9.13280908552 9.13280908552 36.5312363421 36.5312363421 36.5312363421
176304896 4 170969.963 170969.963 170969.963 8.24963135776 8.24963135776 8.24963135776 32.998525431 32.998525431 32.998525431
193935376 4 225321.054 225321.054 225321.054 6.88565484875 6.88565484875 6.88565484875 27.542619395 27.542619395 27.542619395
213328912 4 202404.022 202404.022 202404.022 8.43180525336 8.43180525336 8.43180525336 33.7272210134 33.7272210134 33.7272210134
234661792 4 229572.058 229572.058 229572.058 8.17736423306 8.17736423306 8.17736423306 32.7094569323 32.7094569323 32.7094569323
258127968 4 227908.134 227908.134 227908.134 9.06077246019 9.06077246019 9.06077246019 36.2430898408 36.2430898408 36.2430898408
283940752 2 129091.978 129091.978 129091.978 8.7980912958 8.7980912958 8.7980912958 35.1923651832 35.1923651832 35.1923651832
312334816 2 158076.048 158076.048 158076.048 7.90340649204 7.90340649204 7.90340649204 31.6136259682 31.6136259682 31.6136259682
343568288 2 156502.962 156502.962 156502.962 8.7811318996 8.7811318996 8.7811318996 35.1245275984 35.1245275984 35.1245275984
377925104 2 170763.969 170763.969 170763.969 8.85257250023 8.85257250023 8.85257250023 35.4102900009 35.4102900009 35.4102900009
415717600 2 208881.14 208881.14 208881.14 7.96084510071 7.96084510071 7.96084510071 31.8433804028 31.8433804028 31.8433804028
457289360 2 209913.015 209913.015 209913.015 8.71388293861 8.71388293861 8.71388293861 34.8555317544 34.8555317544 34.8555317544
503018288 2 224071.026 224071.026 224071.026 8.97962216677 8.97962216677 8.97962216677 35.9184886671 35.9184886671 35.9184886671
553320112 1 118536.949 118536.949 118536.949 9.3358251021 9.3358251021 9.3358251021 37.3433004084 37.3433004084 37.3433004084
608652112 1 135050.058 135050.058 135050.058 9.01372603631 9.01372603631 9.01372603631 36.0549041452 36.0549041452 36.0549041452
669517312 1 155324.936 155324.936 155324.936 8.62086061957 8.62086061957 8.62086061957 34.4834424783 34.4834424783 34.4834424783
736469040 1 164269.924 164269.924 164269.924 8.96657187228 8.96657187228 8.96657187228 35.8662874891 35.8662874891 35.8662874891
810115936 1 180917.025 180917.025 180917.025 8.9556628073 8.9556628073 8.9556628073 35.8226512292 35.8226512292 35.8226512292
891127520 1 219965.935 219965.935 219965.935 8.10241385785 8.10241385785 8.10241385785 32.4096554314 32.4096554314 32.4096554314
980240272 1 241683.96 241683.96 241683.96 8.11175281967 8.11175281967 8.11175281967 32.4470112787 32.4470112787 32.4470112787

META_DATA
ERT_VERSION  1.1.0
UNAME  ('Linux', '3689e1d83645', '5.4.72-microsoft-standard-WSL2', '#1 SMP Wed Oct 28 23:40:43 UTC 2020', 'x86_64', 'x86_64')
OPENMP_THREADS 2
HOSTNAME  ('3689e1d83645', [], ['172.17.0.2'])
FLOPS          64
TIMESTAMP_DATA  1620702521.41
CONFIG  {'ERT_WORKING_SET_MIN': ['1'], 'ERT_CFLAGS': ['-Ofast', '-march=native'], 'ERT_CC': ['cc'], 'ERT_MPI_CFLAGS': [], 'ERT_MPI_LDFLAGS': [], 'ERT_MEMORY_MAX': ['1073741824', '#', '1GB'], 'ERT_LDFLAGS': [], 'ERT_LDLIBS': [], 'ERT_RUN': ['export', 'OMP_NUM_THREADS=ERT_OPENMP_THREADS', ';', './ERT_CODE'], 'ERT_FLOPS': ['1,8,64'], 'ERT_OPENMP_CFLAGS': ['-fopenmp'], 'ERT_MPI': ['False'], 'ERT_TRIALS_MIN': ['1'], 'ERT_DRIVER': ['driver1'], 'ERT_RESULTS': ['OpenMP'], 'ERT_OPENMP': ['True'], 'ERT_OPENMP_THREADS': ['1,2,4,8'], 'ERT_KERNEL': ['kernel1'], 'ERT_GPU': [False], 'ERT_LD': ['cc'], 'ERT_NUM_EXPERIMENTS': ['1'], 'ERT_OPENMP_LDFLAGS': ['-fopenmp'], 'ERT_ALIGN': ['64'], 'ERT_GNUPLOT': ['gnuplot']}
