8 16777216 660658.0 660658.0 660658.0 0.406315303833 0.406315303833 0.406315303833 1.62526121533 1.62526121533 1.62526121533
16 8388608 328376.0 328376.0 328376.0 0.817463687967 0.817463687967 0.817463687967 3.26985475187 3.26985475187 3.26985475187
24 4194304 163318.0 163318.0 163318.0 1.2327275132 1.2327275132 1.2327275132 4.93091005278 4.93091005278 4.93091005278
32 4194304 166317.0 166317.0 166317.0 1.6139989057 1.6139989057 1.6139989057 6.45599562282 6.45599562282 6.45599562282
40 2097152 81479.0 81479.0 81479.0 2.05908467212 2.05908467212 2.05908467212 8.2363386885 8.2363386885 8.2363386885
48 2097152 82438.0 82438.0 82438.0 2.44215764575 2.44215764575 2.44215764575 9.76863058298 9.76863058298 9.76863058298
56 2097152 106393.0 106393.0 106393.0 2.20767366274 2.20767366274 2.20767366274 8.83069465096 8.83069465096 8.83069465096
64 2097152 81785.0 81785.0 81785.0 3.28220891361 3.28220891361 3.28220891361 13.1288356545 13.1288356545 13.1288356545
72 1048576 42651.0 42651.0 42651.0 3.54024393332 3.54024393332 3.54024393332 14.1609757333 14.1609757333 14.1609757333
80 1048576 51965.0 51965.0 51965.0 3.22856076205 3.22856076205 3.22856076205 12.9142430482 12.9142430482 12.9142430482
88 1048576 67598.0 67598.0 67598.0 2.73010112725 2.73010112725 2.73010112725 10.920404509 10.920404509 10.920404509
96 1048576 42100.0 42100.0 42100.0 4.78210432304 4.78210432304 4.78210432304 19.1284172922 19.1284172922 19.1284172922
104 1048576 54630.0 54630.0 54630.0 3.99238162182 3.99238162182 3.99238162182 15.9695264873 15.9695264873 15.9695264873
112 1048576 66445.0 66445.0 66445.0 3.53496913237 3.53496913237 3.53496913237 14.1398765295 14.1398765295 14.1398765295
120 1048576 80303.0 80303.0 80303.0 3.13385851089 3.13385851089 3.13385851089 12.5354340436 12.5354340436 12.5354340436
128 1048576 52092.0 52092.0 52092.0 5.15310327881 5.15310327881 5.15310327881 20.6124131153 20.6124131153 20.6124131153
136 524288 32448.0 32448.0 32448.0 4.39491913215 4.39491913215 4.39491913215 17.5796765286 17.5796765286 17.5796765286
144 524288 58812.0 58812.0 58812.0 2.56741726178 2.56741726178 2.56741726178 10.2696690471 10.2696690471 10.2696690471
152 524288 45442.0 45442.0 45442.0 3.50740618811 3.50740618811 3.50740618811 14.0296247524 14.0296247524 14.0296247524
160 524288 34382.0 34382.0 34382.0 4.87965098016 4.87965098016 4.87965098016 19.5186039207 19.5186039207 19.5186039207
176 524288 45309.0 45309.0 45309.0 4.07312842923 4.07312842923 4.07312842923 16.2925137169 16.2925137169 16.2925137169
192 524288 40116.0 40116.0 40116.0 5.0186108286 5.0186108286 5.0186108286 20.0744433144 20.0744433144 20.0744433144
208 524288 54038.0 54038.0 54038.0 4.0361191754 4.0361191754 4.0361191754 16.1444767016 16.1444767016 16.1444767016
224 524288 49012.0 49012.0 49012.0 4.79231665715 4.79231665715 4.79231665715 19.1692666286 19.1692666286 19.1692666286
240 524288 58155.0 58155.0 58155.0 4.32737064741 4.32737064741 4.32737064741 17.3094825896 17.3094825896 17.3094825896
264 262144 29283.0 29283.0 29283.0 4.72670259195 4.72670259195 4.72670259195 18.9068103678 18.9068103678 18.9068103678
288 262144 28964.0 28964.0 28964.0 5.21319375777 5.21319375777 5.21319375777 20.8527750311 20.8527750311 20.8527750311
312 262144 38560.0 38560.0 38560.0 4.24216431535 4.24216431535 4.24216431535 16.9686572614 16.9686572614 16.9686572614
336 262144 38930.0 38930.0 38930.0 4.5250646802 4.5250646802 4.5250646802 18.1002587208 18.1002587208 18.1002587208
368 262144 51648.0 51648.0 51648.0 3.73563320942 3.73563320942 3.73563320942 14.9425328377 14.9425328377 14.9425328377
400 262144 44876.0 44876.0 44876.0 4.67321508156 4.67321508156 4.67321508156 18.6928603262 18.6928603262 18.6928603262
440 262144 51498.0 51498.0 51498.0 4.47952774865 4.47952774865 4.47952774865 17.9181109946 17.9181109946 17.9181109946
480 262144 51363.0 51363.0 51363.0 4.89960165878 4.89960165878 4.89960165878 19.5984066351 19.5984066351 19.5984066351
528 131072 28901.0 28901.0 28901.0 4.78917795232 4.78917795232 4.78917795232 19.1567118093 19.1567118093 19.1567118093
576 131072 29649.0 29649.0 29649.0 5.0927499747 5.0927499747 5.0927499747 20.3709998988 20.3709998988 20.3709998988
632 131072 36098.0 36098.0 36098.0 4.58958967256 4.58958967256 4.58958967256 18.3583586902 18.3583586902 18.3583586902
688 131072 37423.0 37423.0 37423.0 4.81936434813 4.81936434813 4.81936434813 19.2774573925 19.2774573925 19.2774573925
752 131072 40394.0 40394.0 40394.0 4.88023686686 4.88023686686 4.88023686686 19.5209474674 19.5209474674 19.5209474674
824 131072 44801.0 44801.0 44801.0 4.82146952077 4.82146952077 4.82146952077 19.2858780831 19.2858780831 19.2858780831
904 131072 48677.0 48677.0 48677.0 4.86838087803 4.86838087803 4.86838087803 19.4735235121 19.4735235121 19.4735235121
992 131072 50396.0 50396.0 50396.0 5.16006921184 5.16006921184 5.16006921184 20.6402768474 20.6402768474 20.6402768474
1088 65536 38268.0 38268.0 38268.0 3.72651656737 3.72651656737 3.72651656737 14.9060662695 14.9060662695 14.9060662695
1192 65536 30505.0 30505.0 30505.0 5.12171198164 5.12171198164 5.12171198164 20.4868479266 20.4868479266 20.4868479266
1304 65536 34290.0 34290.0 34290.0 4.98448200642 4.98448200642 4.98448200642 19.9379280257 19.9379280257 19.9379280257
1432 65536 37607.0 37607.0 37607.0 4.99096189539 4.99096189539 4.99096189539 19.9638475816 19.9638475816 19.9638475816
1568 65536 39161.0 39161.0 39161.0 5.2481013253 5.2481013253 5.2481013253 20.9924053012 20.9924053012 20.9924053012
1720 65536 44775.0 44775.0 44775.0 5.03503830262 5.03503830262 5.03503830262 20.1401532105 20.1401532105 20.1401532105
1888 65536 47941.0 47941.0 47941.0 5.16184343255 5.16184343255 5.16184343255 20.6473737302 20.6473737302 20.6473737302
2072 32768 26821.0 26821.0 26821.0 5.0628459789 5.0628459789 5.0628459789 20.2513839156 20.2513839156 20.2513839156
2272 32768 28408.0 28408.0 28408.0 5.2414035483 5.2414035483 5.2414035483 20.9656141932 20.9656141932 20.9656141932
2496 32768 31300.0 31300.0 31300.0 5.22612958466 5.22612958466 5.22612958466 20.9045183387 20.9045183387 20.9045183387
2744 32768 35234.0 35234.0 35234.0 5.10389918828 5.10389918828 5.10389918828 20.4155967531 20.4155967531 20.4155967531
3016 32768 37966.0 37966.0 37966.0 5.20614697361 5.20614697361 5.20614697361 20.8245878944 20.8245878944 20.8245878944
3312 32768 44008.0 44008.0 44008.0 4.93217669515 4.93217669515 4.93217669515 19.7287067806 19.7287067806 19.7287067806
3640 32768 47373.0 47373.0 47373.0 5.03559073734 5.03559073734 5.03559073734 20.1423629494 20.1423629494 20.1423629494
4000 32768 51323.0 51323.0 51323.0 5.10772947801 5.10772947801 5.10772947801 20.430917912 20.430917912 20.430917912
4400 16384 27721.0 27721.0 27721.0 5.20108221204 5.20108221204 5.20108221204 20.8043288482 20.8043288482 20.8043288482
4840 16384 30289.0 30289.0 30289.0 5.23612928786 5.23612928786 5.23612928786 20.9445171514 20.9445171514 20.9445171514
5320 16384 33381.0 33381.0 33381.0 5.22230490399 5.22230490399 5.22230490399 20.8892196159 20.8892196159 20.8892196159
5848 16384 38250.0 38250.0 38250.0 5.00986311111 5.00986311111 5.00986311111 20.0394524444 20.0394524444 20.0394524444
6432 16384 43531.0 43531.0 43531.0 4.84169387333 4.84169387333 4.84169387333 19.3667754933 19.3667754933 19.3667754933
7072 16384 44203.0 44203.0 44203.0 5.24252417257 5.24252417257 5.24252417257 20.9700966903 20.9700966903 20.9700966903
7776 16384 48955.0 48955.0 48955.0 5.20486095394 5.20486095394 5.20486095394 20.8194438157 20.8194438157 20.8194438157
8552 8192 27136.0 27136.0 27136.0 5.16347169811 5.16347169811 5.16347169811 20.6538867925 20.6538867925 20.6538867925
9400 8192 29858.0 29858.0 29858.0 5.15806818943 5.15806818943 5.15806818943 20.6322727577 20.6322727577 20.6322727577
10336 8192 32486.0 32486.0 32486.0 5.21286166349 5.21286166349 5.21286166349 20.8514466539 20.8514466539 20.8514466539
11368 8192 35585.0 35585.0 35585.0 5.23403996066 5.23403996066 5.23403996066 20.9361598426 20.9361598426 20.9361598426
12504 8192 42266.0 42266.0 42266.0 4.84705285572 4.84705285572 4.84705285572 19.3882114229 19.3882114229 19.3882114229
13752 8192 47377.0 47377.0 47377.0 4.75574156236 4.75574156236 4.75574156236 19.0229662494 19.0229662494 19.0229662494
15120 8192 47455.0 47455.0 47455.0 5.22023137709 5.22023137709 5.22023137709 20.8809255084 20.8809255084 20.8809255084
16632 4096 26147.0 26147.0 26147.0 5.2108977703 5.2108977703 5.2108977703 20.8435910812 20.8435910812 20.8435910812
18288 4096 28626.0 28626.0 28626.0 5.23353929994 5.23353929994 5.23353929994 20.9341571997 20.9341571997 20.9341571997
20112 4096 32123.0 32123.0 32123.0 5.12895756934 5.12895756934 5.12895756934 20.5158302774 20.5158302774 20.5158302774
22120 4096 34545.0 34545.0 34545.0 5.24553596758 5.24553596758 5.24553596758 20.9821438703 20.9821438703 20.9821438703
24328 4096 39550.0 39550.0 39550.0 5.03906386852 5.03906386852 5.03906386852 20.1562554741 20.1562554741 20.1562554741
26760 4096 41762.0 41762.0 41762.0 5.24921986495 5.24921986495 5.24921986495 20.9968794598 20.9968794598 20.9968794598
29432 4096 46679.0 46679.0 46679.0 5.16521227961 5.16521227961 5.16521227961 20.6608491184 20.6608491184 20.6608491184
32368 4096 51287.0 51287.0 51287.0 5.17009487784 5.17009487784 5.17009487784 20.6803795114 20.6803795114 20.6803795114
35600 2048 27860.0 27860.0 27860.0 5.23394113424 5.23394113424 5.23394113424 20.935764537 20.935764537 20.935764537
39160 2048 30600.0 30600.0 30600.0 5.24180915033 5.24180915033 5.24180915033 20.9672366013 20.9672366013 20.9672366013
43072 2048 34057.0 34057.0 34057.0 5.18022468215 5.18022468215 5.18022468215 20.7208987286 20.7208987286 20.7208987286
47376 2048 39800.0 39800.0 39800.0 4.87568080402 4.87568080402 4.87568080402 19.5027232161 19.5027232161 19.5027232161
52112 2048 43998.0 43998.0 43998.0 4.85137397154 4.85137397154 4.85137397154 19.4054958862 19.4054958862 19.4054958862
57320 2048 44783.0 44783.0 44783.0 5.24267512226 5.24267512226 5.24267512226 20.970700489 20.970700489 20.970700489
63048 2048 50860.0 50860.0 50860.0 5.07755815965 5.07755815965 5.07755815965 20.3102326386 20.3102326386 20.3102326386
69352 1024 27216.0 27216.0 27216.0 5.21872780717 5.21872780717 5.21872780717 20.8749112287 20.8749112287 20.8749112287
76280 1024 29789.0 29789.0 29789.0 5.24426600423 5.24426600423 5.24426600423 20.9770640169 20.9770640169 20.9770640169
83904 1024 32964.0 32964.0 32964.0 5.21281980342 5.21281980342 5.21281980342 20.8512792137 20.8512792137 20.8512792137
92288 1024 39379.0 39379.0 39379.0 4.79966032657 4.79966032657 4.79966032657 19.1986413063 19.1986413063 19.1986413063
101512 1024 40245.0 40245.0 40245.0 5.16577403404 5.16577403404 5.16577403404 20.6630961362 20.6630961362 20.6630961362
111656 1024 43561.0 43561.0 43561.0 5.24945451206 5.24945451206 5.24945451206 20.9978180483 20.9978180483 20.9978180483
122816 1024 48075.0 48075.0 48075.0 5.23197437337 5.23197437337 5.23197437337 20.9278974935 20.9278974935 20.9278974935
135096 512 26319.0 26319.0 26319.0 5.25621429386 5.25621429386 5.25621429386 21.0248571754 21.0248571754 21.0248571754
148600 512 29122.0 29122.0 29122.0 5.22513563629 5.22513563629 5.22513563629 20.9005425452 20.9005425452 20.9005425452
163456 512 33602.0 33602.0 33602.0 4.9812196893 4.9812196893 4.9812196893 19.9248787572 19.9248787572 19.9248787572
179800 512 46259.0 46259.0 46259.0 3.98009468428 3.98009468428 3.98009468428 15.9203787371 15.9203787371 15.9203787371
197776 512 38899.0 38899.0 38899.0 5.20637096069 5.20637096069 5.20637096069 20.8254838428 20.8254838428 20.8254838428
217552 512 42325.0 42325.0 42325.0 5.26339629061 5.26339629061 5.26339629061 21.0535851624 21.0535851624 21.0535851624
239304 512 48012.0 48012.0 48012.0 5.10387603099 5.10387603099 5.10387603099 20.415504124 20.415504124 20.415504124
263232 256 26950.0 26950.0 26950.0 5.00091962894 5.00091962894 5.00091962894 20.0036785158 20.0036785158 20.0036785158
289552 256 28865.0 28865.0 28865.0 5.1359994457 5.1359994457 5.1359994457 20.5439977828 20.5439977828 20.5439977828
318504 256 32034.0 32034.0 32034.0 5.09065517887 5.09065517887 5.09065517887 20.3626207155 20.3626207155 20.3626207155
350352 256 34105.0 34105.0 34105.0 5.25964591702 5.25964591702 5.25964591702 21.0385836681 21.0385836681 21.0385836681
385384 256 39580.0 39580.0 39580.0 4.98526043456 4.98526043456 4.98526043456 19.9410417383 19.9410417383 19.9410417383
423920 256 41321.0 41321.0 41321.0 5.25270540403 5.25270540403 5.25270540403 21.0108216161 21.0108216161 21.0108216161
466312 256 45510.0 45510.0 45510.0 5.24613807954 5.24613807954 5.24613807954 20.9845523182 20.9845523182 20.9845523182
512936 256 51338.0 51338.0 51338.0 5.11557193502 5.11557193502 5.11557193502 20.4622877401 20.4622877401 20.4622877401
564224 128 27657.0 27657.0 27657.0 5.22259623242 5.22259623242 5.22259623242 20.8903849297 20.8903849297 20.8903849297
620640 128 30548.0 30548.0 30548.0 5.20112085898 5.20112085898 5.20112085898 20.8044834359 20.8044834359 20.8044834359
682704 128 34461.0 34461.0 34461.0 5.07159467224 5.07159467224 5.07159467224 20.286378689 20.286378689 20.286378689
750968 128 36868.0 36868.0 36868.0 5.21448974721 5.21448974721 5.21448974721 20.8579589888 20.8579589888 20.8579589888
826064 128 41372.0 41372.0 41372.0 5.11148564246 5.11148564246 5.11148564246 20.4459425699 20.4459425699 20.4459425699
908664 128 45185.0 45185.0 45185.0 5.14812402346 5.14812402346 5.14812402346 20.5924960938 20.5924960938 20.5924960938
999528 128 48921.0 48921.0 48921.0 5.23045661372 5.23045661372 5.23045661372 20.9218264549 20.9218264549 20.9218264549
1099480 64 26798.0 26798.0 26798.0 5.2516396746 5.2516396746 5.2516396746 21.0065586984 21.0065586984 21.0065586984
1209424 64 29530.0 29530.0 29530.0 5.24233904504 5.24233904504 5.24233904504 20.9693561802 20.9693561802 20.9693561802
1330360 64 41802.0 41802.0 41802.0 4.07363475432 4.07363475432 4.07363475432 16.2945390173 16.2945390173 16.2945390173
1463392 64 36160.0 36160.0 36160.0 5.18014867257 5.18014867257 5.18014867257 20.7205946903 20.7205946903 20.7205946903
1609728 64 40025.0 40025.0 40025.0 5.1479121549 5.1479121549 5.1479121549 20.5916486196 20.5916486196 20.5916486196
1770696 64 44600.0 44600.0 44600.0 5.08181811659 5.08181811659 5.08181811659 20.3272724664 20.3272724664 20.3272724664
1947760 64 49699.0 49699.0 49699.0 5.0164647176 5.0164647176 5.0164647176 20.0658588704 20.0658588704 20.0658588704
2142536 32 26215.0 26215.0 26215.0 5.23068106046 5.23068106046 5.23068106046 20.9227242418 20.9227242418 20.9227242418
2356784 32 34273.0 34273.0 34273.0 4.4009621568 4.4009621568 4.4009621568 17.6038486272 17.6038486272 17.6038486272
2592456 32 46246.0 46246.0 46246.0 3.58770886131 3.58770886131 3.58770886131 14.3508354452 14.3508354452 14.3508354452
2851696 32 36314.0 36314.0 36314.0 5.02584523875 5.02584523875 5.02584523875 20.103380955 20.103380955 20.103380955
3136864 32 39614.0 39614.0 39614.0 5.06788751452 5.06788751452 5.06788751452 20.2715500581 20.2715500581 20.2715500581
3450544 32 43481.0 43481.0 43481.0 5.07888079851 5.07888079851 5.07888079851 20.315523194 20.315523194 20.315523194
3795592 32 47024.0 47024.0 47024.0 5.1658278326 5.1658278326 5.1658278326 20.6633113304 20.6633113304 20.6633113304
4175144 32 52625.0 52625.0 52625.0 5.07760980523 5.07760980523 5.07760980523 20.3104392209 20.3104392209 20.3104392209
4592656 16 29763.0 29763.0 29763.0 4.93784201861 4.93784201861 4.93784201861 19.7513680745 19.7513680745 19.7513680745
5051920 16 31828.0 31828.0 31828.0 5.07922081186 5.07922081186 5.07922081186 20.3168832475 20.3168832475 20.3168832475
5557112 16 35197.0 35197.0 35197.0 5.05235059806 5.05235059806 5.05235059806 20.2094023922 20.2094023922 20.2094023922
6112816 16 38228.0 38228.0 38228.0 5.11693292874 5.11693292874 5.11693292874 20.467731715 20.467731715 20.467731715
6724096 16 42166.0 42166.0 42166.0 5.10295195181 5.10295195181 5.10295195181 20.4118078072 20.4118078072 20.4118078072
7396504 16 47000.0 47000.0 47000.0 5.03591761702 5.03591761702 5.03591761702 20.1436704681 20.1436704681 20.1436704681
8136152 16 51609.0 51609.0 51609.0 5.04479575268 5.04479575268 5.04479575268 20.1791830107 20.1791830107 20.1791830107
8949760 8 30634.0 30634.0 30634.0 4.6744192727 4.6744192727 4.6744192727 18.6976770908 18.6976770908 18.6976770908
9844736 8 31314.0 31314.0 31314.0 5.0302029763 5.0302029763 5.0302029763 20.1208119052 20.1208119052 20.1208119052
10829208 8 33970.0 33970.0 33970.0 5.10059841036 5.10059841036 5.10059841036 20.4023936414 20.4023936414 20.4023936414
11912128 8 37643.0 37643.0 37643.0 5.06320027628 5.06320027628 5.06320027628 20.2528011051 20.2528011051 20.2528011051
13103336 8 42524.0 42524.0 42524.0 4.93023647822 4.93023647822 4.93023647822 19.7209459129 19.7209459129 19.7209459129
14413664 8 45146.0 45146.0 45146.0 5.10828476498 5.10828476498 5.10828476498 20.4331390599 20.4331390599 20.4331390599
15855024 8 49731.0 49731.0 49731.0 5.10105133619 5.10105133619 5.10105133619 20.4042053448 20.4042053448 20.4042053448
17440520 4 27518.0 27518.0 27518.0 5.07028708482 5.07028708482 5.07028708482 20.2811483393 20.2811483393 20.2811483393
19184568 4 34591.0 34591.0 34591.0 4.43689237085 4.43689237085 4.43689237085 17.7475694834 17.7475694834 17.7475694834
21103024 4 33147.0 33147.0 33147.0 5.09319672972 5.09319672972 5.09319672972 20.3727869189 20.3727869189 20.3727869189
23213320 4 36429.0 36429.0 36429.0 5.09776716352 5.09776716352 5.09776716352 20.3910686541 20.3910686541 20.3910686541
25534648 4 39982.0 39982.0 39982.0 5.10922875294 5.10922875294 5.10922875294 20.4369150118 20.4369150118 20.4369150118
28088112 4 46932.0 46932.0 46932.0 4.78788238302 4.78788238302 4.78788238302 19.1515295321 19.1515295321 19.1515295321
30896920 4 49530.0 49530.0 49530.0 4.99041712094 4.99041712094 4.99041712094 19.9616684837 19.9616684837 19.9616684837
33986608 2 26719.0 26719.0 26719.0 5.08800598825 5.08800598825 5.08800598825 20.352023953 20.352023953 20.352023953
37385264 2 29238.0 29238.0 29238.0 5.11461303783 5.11461303783 5.11461303783 20.4584521513 20.4584521513 20.4584521513
41123784 2 33371.0 33371.0 33371.0 4.92928398909 4.92928398909 4.92928398909 19.7171359564 19.7171359564 19.7171359564
45236160 2 37312.0 37312.0 37312.0 4.8495025729 4.8495025729 4.8495025729 19.3980102916 19.3980102916 19.3980102916
49759776 2 38961.0 38961.0 38961.0 5.10867544468 5.10867544468 5.10867544468 20.4347017787 20.4347017787 20.4347017787
54735752 2 44085.0 44085.0 44085.0 4.96638330498 4.96638330498 4.96638330498 19.8655332199 19.8655332199 19.8655332199
60209320 2 46897.0 46897.0 46897.0 5.13545173465 5.13545173465 5.13545173465 20.5418069386 20.5418069386 20.5418069386
66230248 2 52737.0 52737.0 52737.0 5.02343690388 5.02343690388 5.02343690388 20.0937476155 20.0937476155 20.0937476155
72853272 1 28270.0 28270.0 28270.0 5.15410484613 5.15410484613 5.15410484613 20.6164193845 20.6164193845 20.6164193845
80138592 1 31348.0 31348.0 31348.0 5.1128360342 5.1128360342 5.1128360342 20.4513441368 20.4513441368 20.4513441368
88152448 1 34547.0 34547.0 34547.0 5.10333447188 5.10333447188 5.10333447188 20.4133378875 20.4133378875 20.4133378875
96967688 1 37973.0 37973.0 37973.0 5.10719132015 5.10719132015 5.10719132015 20.4287652806 20.4287652806 20.4287652806
106664456 1 44629.0 44629.0 44629.0 4.78005135674 4.78005135674 4.78005135674 19.120205427 19.120205427 19.120205427
117330896 1 48287.0 48287.0 48287.0 4.85973019653 4.85973019653 4.85973019653 19.4389207861 19.4389207861 19.4389207861
129063984 1 50480.0 50480.0 50480.0 5.11347004754 5.11347004754 5.11347004754 20.4538801902 20.4538801902 20.4538801902

META_DATA
ERT_VERSION  1.1.0
HOSTNAME  ('a4f3e0a7115f', [], ['172.17.0.4'])
TIMESTAMP_DATA  1620608739.0
UNAME  ('Linux', 'a4f3e0a7115f', '5.4.72-microsoft-standard-WSL2', '#1 SMP Wed Oct 28 23:40:43 UTC 2020', 'x86_64', 'x86_64')
FLOPS          64
CONFIG  {'ERT_WORKING_SET_MIN': ['1'], 'ERT_CFLAGS': ['-Ofast', '-march=native'], 'ERT_CC': ['cc'], 'ERT_MPI_CFLAGS': [], 'ERT_MPI_LDFLAGS': [], 'ERT_MEMORY_MAX': ['134217728', '#', '128MB'], 'ERT_LDFLAGS': [], 'ERT_LDLIBS': [], 'ERT_RUN': ['./ERT_CODE'], 'ERT_FLOPS': ['1,4,16,64'], 'ERT_OPENMP_CFLAGS': ['-fopenmp'], 'ERT_MPI': ['False'], 'ERT_TRIALS_MIN': ['1'], 'ERT_DRIVER': ['driver1'], 'ERT_RESULTS': ['Sequential'], 'ERT_OPENMP': ['False'], 'ERT_KERNEL': ['kernel1'], 'ERT_GPU': [False], 'ERT_LD': ['cc'], 'ERT_NUM_EXPERIMENTS': ['1'], 'ERT_OPENMP_LDFLAGS': ['-fopenmp'], 'ERT_ALIGN': ['64'], 'ERT_GNUPLOT': ['gnuplot']}
