8 16777216 69245.0 69245.0 69245.0 3.87660417359 3.87660417359 3.87660417359 0.969151043397 0.969151043397 0.969151043397
16 8388608 34821.0 34821.0 34821.0 7.70901053962 7.70901053962 7.70901053962 1.9272526349 1.9272526349 1.9272526349
24 4194304 17356.0 17356.0 17356.0 11.5998266882 11.5998266882 11.5998266882 2.89995667204 2.89995667204 2.89995667204
32 4194304 17644.0 17644.0 17644.0 15.2139795965 15.2139795965 15.2139795965 3.80349489912 3.80349489912 3.80349489912
40 2097152 12366.0 12366.0 12366.0 13.5672133269 13.5672133269 13.5672133269 3.39180333172 3.39180333172 3.39180333172
48 2097152 9672.0 9672.0 9672.0 20.8154044665 20.8154044665 20.8154044665 5.20385111663 5.20385111663 5.20385111663
56 2097152 14464.0 14464.0 14464.0 16.2390088496 16.2390088496 16.2390088496 4.05975221239 4.05975221239 4.05975221239
64 2097152 12365.0 12365.0 12365.0 21.7092968864 21.7092968864 21.7092968864 5.42732422159 5.42732422159 5.42732422159
72 1048576 6566.0 6566.0 6566.0 22.9964885775 22.9964885775 22.9964885775 5.74912214438 5.74912214438 5.74912214438
80 1048576 7489.0 7489.0 7489.0 22.4024783015 22.4024783015 22.4024783015 5.60061957538 5.60061957538 5.60061957538
88 1048576 6965.0 6965.0 6965.0 26.4966799713 26.4966799713 26.4966799713 6.62416999282 6.62416999282 6.62416999282
96 1048576 6639.0 6639.0 6639.0 30.324836873 30.324836873 30.324836873 7.58120921826 7.58120921826 7.58120921826
104 1048576 7625.0 7625.0 7625.0 28.6037780984 28.6037780984 28.6037780984 7.15094452459 7.15094452459 7.15094452459
112 1048576 7798.0 7798.0 7798.0 30.1206750449 30.1206750449 30.1206750449 7.53016876122 7.53016876122 7.53016876122
120 1048576 9093.0 9093.0 9093.0 27.6760409106 27.6760409106 27.6760409106 6.91901022765 6.91901022765 6.91901022765
128 1048576 5262.0 5262.0 5262.0 51.0139597111 51.0139597111 51.0139597111 12.7534899278 12.7534899278 12.7534899278
136 524288 2663.0 2663.0 2663.0 53.5510086369 53.5510086369 53.5510086369 13.3877521592 13.3877521592 13.3877521592
144 524288 2774.0 2774.0 2774.0 54.4322076424 54.4322076424 54.4322076424 13.6080519106 13.6080519106 13.6080519106
152 524288 2442.0 2442.0 2442.0 65.2676298116 65.2676298116 65.2676298116 16.3169074529 16.3169074529 16.3169074529
160 524288 2583.0 2583.0 2583.0 64.9524428959 64.9524428959 64.9524428959 16.238110724 16.238110724 16.238110724
176 524288 2426.0 2426.0 2426.0 76.0714657873 76.0714657873 76.0714657873 19.0178664468 19.0178664468 19.0178664468
192 524288 2822.0 2822.0 2822.0 71.3418114812 71.3418114812 71.3418114812 17.8354528703 17.8354528703 17.8354528703
208 524288 3219.0 3219.0 3219.0 67.7551438335 67.7551438335 67.7551438335 16.9387859584 16.9387859584 16.9387859584
224 524288 4573.0 4573.0 4573.0 51.3625681172 51.3625681172 51.3625681172 12.8406420293 12.8406420293 12.8406420293
240 524288 6295.0 6295.0 6295.0 39.9774805401 39.9774805401 39.9774805401 9.99437013503 9.99437013503 9.99437013503
264 262144 1380.0 1380.0 1380.0 100.298573913 100.298573913 100.298573913 25.0746434783 25.0746434783 25.0746434783
288 262144 1301.0 1301.0 1301.0 116.060679477 116.060679477 116.060679477 29.0151698693 29.0151698693 29.0151698693
312 262144 1564.0 1564.0 1564.0 104.589421995 104.589421995 104.589421995 26.1473554987 26.1473554987 26.1473554987
336 262144 2430.0 2430.0 2430.0 72.4941432099 72.4941432099 72.4941432099 18.1235358025 18.1235358025 18.1235358025
368 262144 2653.0 2653.0 2653.0 72.7244568413 72.7244568413 72.7244568413 18.1811142103 18.1811142103 18.1811142103
400 262144 1564.0 1564.0 1564.0 134.089002558 134.089002558 134.089002558 33.5222506394 33.5222506394 33.5222506394
440 262144 1888.0 1888.0 1888.0 122.185762712 122.185762712 122.185762712 30.546440678 30.546440678 30.546440678
480 262144 2464.0 2464.0 2464.0 102.134025974 102.134025974 102.134025974 25.5335064935 25.5335064935 25.5335064935
528 131072 1019.0 1019.0 1019.0 135.831238469 135.831238469 135.831238469 33.9578096173 33.9578096173 33.9578096173
576 131072 1220.0 1220.0 1220.0 123.766347541 123.766347541 123.766347541 30.9415868852 30.9415868852 30.9415868852
632 131072 1598.0 1598.0 1598.0 103.676475594 103.676475594 103.676475594 25.9191188986 25.9191188986 25.9191188986
688 131072 1380.0 1380.0 1380.0 130.692081159 130.692081159 130.692081159 32.6730202899 32.6730202899 32.6730202899
752 131072 1683.0 1683.0 1683.0 117.131484254 117.131484254 117.131484254 29.2828710636 29.2828710636 29.2828710636
824 131072 1676.0 1676.0 1676.0 128.882252983 128.882252983 128.882252983 32.2205632458 32.2205632458 32.2205632458
904 131072 2096.0 2096.0 2096.0 113.06210687 113.06210687 113.06210687 28.2655267176 28.2655267176 28.2655267176
992 131072 2213.0 2213.0 2213.0 117.508742883 117.508742883 117.508742883 29.3771857207 29.3771857207 29.3771857207
1088 65536 1111.0 1111.0 1111.0 128.358538254 128.358538254 128.358538254 32.0896345635 32.0896345635 32.0896345635
1192 65536 1163.0 1163.0 1163.0 134.340347377 134.340347377 134.340347377 33.5850868444 33.5850868444 33.5850868444
1304 65536 1239.0 1239.0 1239.0 137.948255044 137.948255044 137.948255044 34.4870637611 34.4870637611 34.4870637611
1432 65536 1358.0 1358.0 1358.0 138.214362297 138.214362297 138.214362297 34.5535905744 34.5535905744 34.5535905744
1568 65536 1498.0 1498.0 1498.0 137.196859813 137.196859813 137.196859813 34.2992149533 34.2992149533 34.2992149533
1720 65536 1697.0 1697.0 1697.0 132.848461992 132.848461992 132.848461992 33.2121154979 33.2121154979 33.2121154979
1888 65536 2241.0 2241.0 2241.0 110.425674253 110.425674253 110.425674253 27.6064185631 27.6064185631 27.6064185631
2072 32768 1030.0 1030.0 1030.0 131.835526214 131.835526214 131.835526214 32.9588815534 32.9588815534 32.9588815534
2272 32768 1278.0 1278.0 1278.0 116.508444444 116.508444444 116.508444444 29.1271111111 29.1271111111 29.1271111111
2496 32768 1295.0 1295.0 1295.0 126.314946718 126.314946718 126.314946718 31.5787366795 31.5787366795 31.5787366795
2744 32768 1336.0 1336.0 1336.0 134.60388024 134.60388024 134.60388024 33.6509700599 33.6509700599 33.6509700599
3016 32768 2772.0 2772.0 2772.0 71.3046810967 71.3046810967 71.3046810967 17.8261702742 17.8261702742 17.8261702742
3312 32768 1729.0 1729.0 1729.0 125.538017351 125.538017351 125.538017351 31.3845043378 31.3845043378 31.3845043378
3640 32768 1731.0 1731.0 1731.0 137.811114962 137.811114962 137.811114962 34.4527787406 34.4527787406 34.4527787406
4000 32768 1893.0 1893.0 1893.0 138.480718436 138.480718436 138.480718436 34.6201796091 34.6201796091 34.6201796091
4400 16384 1111.0 1111.0 1111.0 129.774257426 129.774257426 129.774257426 32.4435643564 32.4435643564 32.4435643564
4840 16384 1227.0 1227.0 1227.0 129.25600652 129.25600652 129.25600652 32.31400163 32.31400163 32.31400163
5320 16384 2010.0 2010.0 2010.0 86.7292338308 86.7292338308 86.7292338308 21.6823084577 21.6823084577 21.6823084577
5848 16384 1458.0 1458.0 1458.0 131.431593964 131.431593964 131.431593964 32.8578984911 32.8578984911 32.8578984911
6432 16384 1593.0 1593.0 1593.0 132.306199623 132.306199623 132.306199623 33.0765499058 33.0765499058 33.0765499058
7072 16384 1734.0 1734.0 1734.0 133.642039216 133.642039216 133.642039216 33.4105098039 33.4105098039 33.4105098039
7776 16384 2426.0 2426.0 2426.0 105.030489695 105.030489695 105.030489695 26.2576224237 26.2576224237 26.2576224237
8552 8192 1084.0 1084.0 1084.0 129.258273063 129.258273063 129.258273063 32.3145682657 32.3145682657 32.3145682657
9400 8192 1177.0 1177.0 1177.0 130.849277825 130.849277825 130.849277825 32.7123194562 32.7123194562 32.7123194562
10336 8192 1299.0 1299.0 1299.0 130.365684373 130.365684373 130.365684373 32.5914210931 32.5914210931 32.5914210931
11368 8192 1415.0 1415.0 1415.0 131.627782332 131.627782332 131.627782332 32.906945583 32.906945583 32.906945583
12504 8192 1581.0 1581.0 1581.0 129.579719165 129.579719165 129.579719165 32.3949297913 32.3949297913 32.3949297913
13752 8192 1716.0 1716.0 1716.0 131.301146853 131.301146853 131.301146853 32.8252867133 32.8252867133 32.8252867133
15120 8192 2522.0 2522.0 2522.0 98.2260428232 98.2260428232 98.2260428232 24.5565107058 24.5565107058 24.5565107058
16632 4096 1051.0 1051.0 1051.0 129.637815414 129.637815414 129.637815414 32.4094538535 32.4094538535 32.4094538535
18288 4096 1158.0 1158.0 1158.0 129.374176166 129.374176166 129.374176166 32.3435440415 32.3435440415 32.3435440415
20112 4096 1267.0 1267.0 1267.0 130.037493291 130.037493291 130.037493291 32.5093733228 32.5093733228 32.5093733228
22120 4096 1443.0 1443.0 1443.0 125.576604297 125.576604297 125.576604297 31.3941510742 31.3941510742 31.3941510742
24328 4096 1511.0 1511.0 1511.0 131.896079418 131.896079418 131.896079418 32.9740198544 32.9740198544 32.9740198544
26760 4096 1817.0 1817.0 1817.0 120.64827738 120.64827738 120.64827738 30.1620693451 30.1620693451 30.1620693451
29432 4096 1860.0 1860.0 1860.0 129.627389247 129.627389247 129.627389247 32.4068473118 32.4068473118 32.4068473118
32368 4096 2033.0 2033.0 2033.0 130.427277914 130.427277914 130.427277914 32.6068194786 32.6068194786 32.6068194786
35600 2048 1195.0 1195.0 1195.0 122.023096234 122.023096234 122.023096234 30.5057740586 30.5057740586 30.5057740586
39160 2048 1346.0 1346.0 1346.0 119.167429421 119.167429421 119.167429421 29.7918573551 29.7918573551 29.7918573551
43072 2048 1471.0 1471.0 1471.0 119.93399864 119.93399864 119.93399864 29.9834996601 29.9834996601 29.9834996601
47376 2048 1752.0 1752.0 1752.0 110.760328767 110.760328767 110.760328767 27.6900821918 27.6900821918 27.6900821918
52112 2048 1799.0 1799.0 1799.0 118.649667593 118.649667593 118.649667593 29.6624168983 29.6624168983 29.6624168983
57320 2048 1966.0 1966.0 1966.0 119.421525941 119.421525941 119.421525941 29.8553814852 29.8553814852 29.8553814852
63048 2048 2168.0 2168.0 2168.0 119.116516605 119.116516605 119.116516605 29.7791291513 29.7791291513 29.7791291513
69352 1024 1190.0 1190.0 1190.0 119.35537479 119.35537479 119.35537479 29.8388436975 29.8388436975 29.8388436975
76280 1024 1305.0 1305.0 1305.0 119.709915709 119.709915709 119.709915709 29.9274789272 29.9274789272 29.9274789272
83904 1024 1464.0 1464.0 1464.0 117.373901639 117.373901639 117.373901639 29.3434754098 29.3434754098 29.3434754098
92288 1024 1597.0 1597.0 1597.0 118.350547276 118.350547276 118.350547276 29.587636819 29.587636819 29.587636819
101512 1024 1759.0 1759.0 1759.0 118.190208073 118.190208073 118.190208073 29.5475520182 29.5475520182 29.5475520182
111656 1024 1955.0 1955.0 1955.0 116.967513043 116.967513043 116.967513043 29.2418782609 29.2418782609 29.2418782609
122816 1024 2137.0 2137.0 2137.0 117.701061301 117.701061301 117.701061301 29.4252653252 29.4252653252 29.4252653252
135096 512 1168.0 1168.0 1168.0 118.440328767 118.440328767 118.440328767 29.6100821918 29.6100821918 29.6100821918
148600 512 1286.0 1286.0 1286.0 118.325349922 118.325349922 118.325349922 29.5813374806 29.5813374806 29.5813374806
163456 512 1452.0 1452.0 1452.0 115.274754821 115.274754821 115.274754821 28.8186887052 28.8186887052 28.8186887052
179800 512 1530.0 1530.0 1530.0 120.336732026 120.336732026 120.336732026 30.0841830065 30.0841830065 30.0841830065
197776 512 1725.0 1725.0 1725.0 117.40441971 117.40441971 117.40441971 29.3511049275 29.3511049275 29.3511049275
217552 512 1866.0 1866.0 1866.0 119.385449089 119.385449089 119.385449089 29.8463622722 29.8463622722 29.8463622722
239304 512 2049.0 2049.0 2049.0 119.593604685 119.593604685 119.593604685 29.8984011713 29.8984011713 29.8984011713
263232 256 1257.0 1257.0 1257.0 107.219398568 107.219398568 107.219398568 26.804849642 26.804849642 26.804849642
289552 256 1240.0 1240.0 1240.0 119.556954839 119.556954839 119.556954839 29.8892387097 29.8892387097 29.8892387097
318504 256 1390.0 1390.0 1390.0 117.319458993 117.319458993 117.319458993 29.3298647482 29.3298647482 29.3298647482
350352 256 1506.0 1506.0 1506.0 119.110374502 119.110374502 119.110374502 29.7775936255 29.7775936255 29.7775936255
385384 256 1672.0 1672.0 1672.0 118.012325359 118.012325359 118.012325359 29.5030813397 29.5030813397 29.5030813397
423920 256 1838.0 1838.0 1838.0 118.088705114 118.088705114 118.088705114 29.5221762786 29.5221762786 29.5221762786
466312 256 2319.0 2319.0 2319.0 102.95461147 102.95461147 102.95461147 25.7386528676 25.7386528676 25.7386528676
512936 256 2246.0 2246.0 2246.0 116.929310775 116.929310775 116.929310775 29.2323276937 29.2323276937 29.2323276937
564224 128 1227.0 1227.0 1227.0 117.719106764 117.719106764 117.719106764 29.4297766911 29.4297766911 29.4297766911
620640 128 1357.0 1357.0 1357.0 117.084627856 117.084627856 117.084627856 29.2711569639 29.2711569639 29.2711569639
682704 128 1521.0 1521.0 1521.0 114.906130178 114.906130178 114.906130178 28.7265325444 28.7265325444 28.7265325444
750968 128 1680.0 1680.0 1680.0 114.433219048 114.433219048 114.433219048 28.6083047619 28.6083047619 28.6083047619
826064 128 1857.0 1857.0 1857.0 113.878505116 113.878505116 113.878505116 28.4696262789 28.4696262789 28.4696262789
908664 128 2010.0 2010.0 2010.0 115.730340299 115.730340299 115.730340299 28.9325850746 28.9325850746 28.9325850746
999528 128 2295.0 2295.0 2295.0 111.49419085 111.49419085 111.49419085 27.8735477124 27.8735477124 27.8735477124
1099480 64 1206.0 1206.0 1206.0 116.694394693 116.694394693 116.694394693 29.1735986733 29.1735986733 29.1735986733
1209424 64 1345.0 1345.0 1345.0 115.0976 115.0976 115.0976 28.7744 28.7744 28.7744
1330360 64 1465.0 1465.0 1465.0 116.236232082 116.236232082 116.236232082 29.0590580205 29.0590580205 29.0590580205
1463392 64 1644.0 1644.0 1644.0 113.93806326 113.93806326 113.93806326 28.4845158151 28.4845158151 28.4845158151
1609728 64 1769.0 1769.0 1769.0 116.47551385 116.47551385 116.47551385 29.1188784624 29.1188784624 29.1188784624
1770696 64 1978.0 1978.0 1978.0 114.584978766 114.584978766 114.584978766 28.6462446916 28.6462446916 28.6462446916
1947760 64 2183.0 2183.0 2183.0 114.206724691 114.206724691 114.206724691 28.5516811727 28.5516811727 28.5516811727
2142536 32 2184.0 2184.0 2184.0 62.7849377289 62.7849377289 62.7849377289 15.6962344322 15.6962344322 15.6962344322
2356784 32 1314.0 1314.0 1314.0 114.79008828 114.79008828 114.79008828 28.69752207 28.69752207 28.69752207
2592456 32 1427.0 1427.0 1427.0 116.269925718 116.269925718 116.269925718 29.0674814296 29.0674814296 29.0674814296
2851696 32 2101.0 2101.0 2101.0 86.8674650167 86.8674650167 86.8674650167 21.7168662542 21.7168662542 21.7168662542
3136864 32 1765.0 1765.0 1765.0 113.744643626 113.744643626 113.744643626 28.4361609065 28.4361609065 28.4361609065
3450544 32 2720.0 2720.0 2720.0 81.1892705882 81.1892705882 81.1892705882 20.2973176471 20.2973176471 20.2973176471
3795592 32 2696.0 2696.0 2696.0 90.103074184 90.103074184 90.103074184 22.525768546 22.525768546 22.525768546
4175144 32 5053.0 5053.0 5053.0 52.8813014051 52.8813014051 52.8813014051 13.2203253513 13.2203253513 13.2203253513
4592656 16 4624.0 4624.0 4624.0 31.7830865052 31.7830865052 31.7830865052 7.9457716263 7.9457716263 7.9457716263
5051920 16 7991.0 7991.0 7991.0 20.2304392441 20.2304392441 20.2304392441 5.05760981104 5.05760981104 5.05760981104
5557112 16 11122.0 11122.0 11122.0 15.9888135227 15.9888135227 15.9888135227 3.99720338069 3.99720338069 3.99720338069
6112816 16 14307.0 14307.0 14307.0 13.6723360593 13.6723360593 13.6723360593 3.41808401482 3.41808401482 3.41808401482
6724096 16 17250.0 17250.0 17250.0 12.4736853333 12.4736853333 12.4736853333 3.11842133333 3.11842133333 3.11842133333
7396504 16 19664.0 19664.0 19664.0 12.0366216436 12.0366216436 12.0366216436 3.0091554109 3.0091554109 3.0091554109
8136152 16 21245.0 21245.0 21245.0 12.2549712403 12.2549712403 12.2549712403 3.06374281007 3.06374281007 3.06374281007
8949760 8 11851.0 11851.0 11851.0 12.0830444688 12.0830444688 12.0830444688 3.02076111721 3.02076111721 3.02076111721
9844736 8 13056.0 13056.0 13056.0 12.064627451 12.064627451 12.064627451 3.01615686275 3.01615686275 3.01615686275
10829208 8 14607.0 14607.0 14607.0 11.8619379749 11.8619379749 11.8619379749 2.96548449374 2.96548449374 2.96548449374
11912128 8 15843.0 15843.0 15843.0 12.0301740832 12.0301740832 12.0301740832 3.0075435208 3.0075435208 3.0075435208
13103336 8 17509.0 17509.0 17509.0 11.9740348392 11.9740348392 11.9740348392 2.99350870981 2.99350870981 2.99350870981
14413664 8 19385.0 19385.0 19385.0 11.8967564612 11.8967564612 11.8967564612 2.9741891153 2.9741891153 2.9741891153
15855024 8 21318.0 21318.0 21318.0 11.8998209963 11.8998209963 11.8998209963 2.97495524909 2.97495524909 2.97495524909
17440520 4 11732.0 11732.0 11732.0 11.8926150699 11.8926150699 11.8926150699 2.97315376747 2.97315376747 2.97315376747
19184568 4 12807.0 12807.0 12807.0 11.9838013586 11.9838013586 11.9838013586 2.99595033966 2.99595033966 2.99595033966
21103024 4 14127.0 14127.0 14127.0 11.9504630849 11.9504630849 11.9504630849 2.98761577122 2.98761577122 2.98761577122
23213320 4 15716.0 15716.0 15716.0 11.8164011199 11.8164011199 11.8164011199 2.95410027997 2.95410027997 2.95410027997
25534648 4 17086.0 17086.0 17086.0 11.9558225448 11.9558225448 11.9558225448 2.98895563619 2.98895563619 2.98895563619
28088112 4 18930.0 18930.0 18930.0 11.8703061807 11.8703061807 11.8703061807 2.96757654517 2.96757654517 2.96757654517
30896920 4 21968.0 21968.0 21968.0 11.251609614 11.251609614 11.251609614 2.8129024035 2.8129024035 2.8129024035
33986608 2 11291.0 11291.0 11291.0 12.0402472766 12.0402472766 12.0402472766 3.01006181915 3.01006181915 3.01006181915
37385264 2 12664.0 12664.0 12664.0 11.8083588124 11.8083588124 11.8083588124 2.9520897031 2.9520897031 2.9520897031
41123784 2 13911.0 13911.0 13911.0 11.8248246711 11.8248246711 11.8248246711 2.95620616778 2.95620616778 2.95620616778
45236160 2 15068.0 15068.0 15068.0 12.0085372976 12.0085372976 12.0085372976 3.0021343244 3.0021343244 3.0021343244
49759776 2 16781.0 16781.0 16781.0 11.8609799178 11.8609799178 11.8609799178 2.96524497944 2.96524497944 2.96524497944
54735752 2 19061.0 19061.0 19061.0 11.4864386968 11.4864386968 11.4864386968 2.8716096742 2.8716096742 2.8716096742
60209320 2 20337.0 20337.0 20337.0 11.842320893 11.842320893 11.842320893 2.96058022324 2.96058022324 2.96058022324
66230248 2 22373.0 22373.0 22373.0 11.8411027578 11.8411027578 11.8411027578 2.96027568945 2.96027568945 2.96027568945
72853272 1 12482.0 12482.0 12482.0 11.6733331197 11.6733331197 11.6733331197 2.91833327992 2.91833327992 2.91833327992
80138592 1 13361.0 13361.0 13361.0 11.9958973131 11.9958973131 11.9958973131 2.99897432827 2.99897432827 2.99897432827
88152448 1 15130.0 15130.0 15130.0 11.6526699273 11.6526699273 11.6526699273 2.91316748182 2.91316748182 2.91316748182
96967688 1 16336.0 16336.0 16336.0 11.8716562194 11.8716562194 11.8716562194 2.96791405485 2.96791405485 2.96791405485
106664456 1 17946.0 17946.0 17946.0 11.8872680263 11.8872680263 11.8872680263 2.97181700658 2.97181700658 2.97181700658
117330896 1 19713.0 19713.0 19713.0 11.9039107188 11.9039107188 11.9039107188 2.9759776797 2.9759776797 2.9759776797
129063984 1 21689.0 21689.0 21689.0 11.9013309973 11.9013309973 11.9013309973 2.97533274932 2.97533274932 2.97533274932

META_DATA
ERT_VERSION  1.1.0
TIMESTAMP_DATA  1620608732.67
HOSTNAME  ('a4f3e0a7115f', [], ['172.17.0.4'])
UNAME  ('Linux', 'a4f3e0a7115f', '5.4.72-microsoft-standard-WSL2', '#1 SMP Wed Oct 28 23:40:43 UTC 2020', 'x86_64', 'x86_64')
FLOPS          4
CONFIG  {'ERT_WORKING_SET_MIN': ['1'], 'ERT_CFLAGS': ['-Ofast', '-march=native'], 'ERT_CC': ['cc'], 'ERT_MPI_CFLAGS': [], 'ERT_MPI_LDFLAGS': [], 'ERT_MEMORY_MAX': ['134217728', '#', '128MB'], 'ERT_LDFLAGS': [], 'ERT_LDLIBS': [], 'ERT_RUN': ['./ERT_CODE'], 'ERT_FLOPS': ['1,4,16,64'], 'ERT_OPENMP_CFLAGS': ['-fopenmp'], 'ERT_MPI': ['False'], 'ERT_TRIALS_MIN': ['1'], 'ERT_DRIVER': ['driver1'], 'ERT_RESULTS': ['Sequential'], 'ERT_OPENMP': ['False'], 'ERT_KERNEL': ['kernel1'], 'ERT_GPU': [False], 'ERT_LD': ['cc'], 'ERT_NUM_EXPERIMENTS': ['1'], 'ERT_OPENMP_LDFLAGS': ['-fopenmp'], 'ERT_ALIGN': ['64'], 'ERT_GNUPLOT': ['gnuplot']}
