32 16777216 194062.948 194062.948 194062.948 5.53295636836 5.53295636836 5.53295636836 5.53295636836 5.53295636836 5.53295636836
64 8388608 97376.108 97376.108 97376.108 11.026748204 11.026748204 11.026748204 11.026748204 11.026748204 11.026748204
96 4194304 49961.805 49961.805 49961.805 16.1184402365 16.1184402365 16.1184402365 16.1184402365 16.1184402365 16.1184402365
128 4194304 49992.8 49992.8 49992.8 21.4779293018 21.4779293018 21.4779293018 21.4779293018 21.4779293018 21.4779293018
160 2097152 24842.024 24842.024 24842.024 27.0142497246 27.0142497246 27.0142497246 27.0142497246 27.0142497246 27.0142497246
192 2097152 25264.978 25264.978 25264.978 31.8744139813 31.8744139813 31.8744139813 31.8744139813 31.8744139813 31.8744139813
224 2097152 26355.982 26355.982 26355.982 35.6474706956 35.6474706956 35.6474706956 35.6474706956 35.6474706956 35.6474706956
256 2097152 25281.906 25281.906 25281.906 42.4707624496 42.4707624496 42.4707624496 42.4707624496 42.4707624496 42.4707624496
288 1048576 12733.936 12733.936 12733.936 47.430721813 47.430721813 47.430721813 47.430721813 47.430721813 47.430721813
320 1048576 13286.114 13286.114 13286.114 50.5105285112 50.5105285112 50.5105285112 50.5105285112 50.5105285112 50.5105285112
352 1048576 14745.951 14745.951 14745.951 50.0610305839 50.0610305839 50.0610305839 50.0610305839 50.0610305839 50.0610305839
384 1048576 12910.128 12910.128 12910.128 62.3778763464 62.3778763464 62.3778763464 62.3778763464 62.3778763464 62.3778763464
416 1048576 13564.825 13564.825 13564.825 64.3145217133 64.3145217133 64.3145217133 64.3145217133 64.3145217133 64.3145217133
448 1048576 15170.097 15170.097 15170.097 61.9326360273 61.9326360273 61.9326360273 61.9326360273 61.9326360273 61.9326360273
480 1048576 17610.073 17610.073 17610.073 57.16233885 57.16233885 57.16233885 57.16233885 57.16233885 57.16233885
512 1048576 13439.178 13439.178 13439.178 79.8963912823 79.8963912823 79.8963912823 79.8963912823 79.8963912823 79.8963912823
544 524288 7416.01 7416.01 7416.01 76.9180926131 76.9180926131 76.9180926131 76.9180926131 76.9180926131 76.9180926131
576 524288 8770.943 8770.943 8770.943 68.8614412384 68.8614412384 68.8614412384 68.8614412384 68.8614412384 68.8614412384
608 524288 10168.076 10168.076 10168.076 62.6995911518 62.6995911518 62.6995911518 62.6995911518 62.6995911518 62.6995911518
640 524288 7434.13 7434.13 7434.13 90.2713081423 90.2713081423 90.2713081423 90.2713081423 90.2713081423 90.2713081423
704 524288 10178.804 10178.804 10178.804 72.5230099725 72.5230099725 72.5230099725 72.5230099725 72.5230099725 72.5230099725
768 524288 8759.975 8759.975 8759.975 91.9302130428 91.9302130428 91.9302130428 91.9302130428 91.9302130428 91.9302130428
832 524288 8153.915 8153.915 8153.915 106.993417518 106.993417518 106.993417518 106.993417518 106.993417518 106.993417518
896 524288 7391.214 7391.214 7391.214 127.113637354 127.113637354 127.113637354 127.113637354 127.113637354 127.113637354
960 524288 12944.221 12944.221 12944.221 77.7669787931 77.7669787931 77.7669787931 77.7669787931 77.7669787931 77.7669787931
1056 262144 6278.038 6278.038 6278.038 88.1880816905 88.1880816905 88.1880816905 88.1880816905 88.1880816905 88.1880816905
1152 262144 6506.205 6506.205 6506.205 92.8313473061 92.8313473061 92.8313473061 92.8313473061 92.8313473061 92.8313473061
1248 262144 8515.12 8515.12 8515.12 76.8411277821 76.8411277821 76.8411277821 76.8411277821 76.8411277821 76.8411277821
1344 262144 8529.902 8529.902 8529.902 82.6085776835 82.6085776835 82.6085776835 82.6085776835 82.6085776835 82.6085776835
1472 262144 9206.057 9206.057 9206.057 83.8308882945 83.8308882945 83.8308882945 83.8308882945 83.8308882945 83.8308882945
1600 262144 9904.861 9904.861 9904.861 84.6918295976 84.6918295976 84.6918295976 84.6918295976 84.6918295976 84.6918295976
1760 262144 10126.829 10126.829 10126.829 91.1190343986 91.1190343986 91.1190343986 91.1190343986 91.1190343986 91.1190343986
1920 262144 8443.117 8443.117 8443.117 119.225276637 119.225276637 119.225276637 119.225276637 119.225276637 119.225276637
2112 131072 6334.066 6334.066 6334.066 87.4080137466 87.4080137466 87.4080137466 87.4080137466 87.4080137466 87.4080137466
2304 131072 5949.974 5949.974 5949.974 101.509649622 101.509649622 101.509649622 101.509649622 101.509649622 101.509649622
2528 131072 7689.953 7689.953 7689.953 86.177383919 86.177383919 86.177383919 86.177383919 86.177383919 86.177383919
2752 131072 8044.958 8044.958 8044.958 89.6735928267 89.6735928267 89.6735928267 89.6735928267 89.6735928267 89.6735928267
3008 131072 8764.029 8764.029 8764.029 89.9733617951 89.9733617951 89.9733617951 89.9733617951 89.9733617951 89.9733617951
3296 131072 10094.166 10094.166 10094.166 85.5966331443 85.5966331443 85.5966331443 85.5966331443 85.5966331443 85.5966331443
3616 131072 10113.001 10113.001 10113.001 93.7320884276 93.7320884276 93.7320884276 93.7320884276 93.7320884276 93.7320884276
3968 131072 11937.857 11937.857 11937.857 87.1335108135 87.1335108135 87.1335108135 87.1335108135 87.1335108135 87.1335108135
4352 65536 5583.048 5583.048 5583.048 102.170954647 102.170954647 102.170954647 102.170954647 102.170954647 102.170954647
4768 65536 6617.069 6617.069 6617.069 94.4453346338 94.4453346338 94.4453346338 94.4453346338 94.4453346338 94.4453346338
5216 65536 7457.972 7457.972 7457.972 91.6699006111 91.6699006111 91.6699006111 91.6699006111 91.6699006111 91.6699006111
5728 65536 8102.179 8102.179 8102.179 92.6640124836 92.6640124836 92.6640124836 92.6640124836 92.6640124836 92.6640124836
6272 65536 8442.879 8442.879 8442.879 97.3700539828 97.3700539828 97.3700539828 97.3700539828 97.3700539828 97.3700539828
6880 65536 9684.801 9684.801 9684.801 93.1124304981 93.1124304981 93.1124304981 93.1124304981 93.1124304981 93.1124304981
7552 65536 10205.984 10205.984 10205.984 96.987781286 96.987781286 96.987781286 96.987781286 96.987781286 96.987781286
8288 32768 5799.055 5799.055 5799.055 93.6639449014 93.6639449014 93.6639449014 93.6639449014 93.6639449014 93.6639449014
9088 32768 6128.073 6128.073 6128.073 97.1906124486 97.1906124486 97.1906124486 97.1906124486 97.1906124486 97.1906124486
9984 32768 6716.013 6716.013 6716.013 97.4255743698 97.4255743698 97.4255743698 97.4255743698 97.4255743698 97.4255743698
10976 32768 7563.114 7563.114 7563.114 95.1093869536 95.1093869536 95.1093869536 95.1093869536 95.1093869536 95.1093869536
12064 32768 8178.949 8178.949 8178.949 96.6660024411 96.6660024411 96.6660024411 96.6660024411 96.6660024411 96.6660024411
13248 32768 9021.997 9021.997 9021.997 96.2337859345 96.2337859345 96.2337859345 96.2337859345 96.2337859345 96.2337859345
14560 32768 9963.036 9963.036 9963.036 95.7744366276 95.7744366276 95.7744366276 95.7744366276 95.7744366276 95.7744366276
16000 32768 10744.095 10744.095 10744.095 97.5955629581 97.5955629581 97.5955629581 97.5955629581 97.5955629581 97.5955629581
17600 16384 5987.167 5987.167 5987.167 96.3254908373 96.3254908373 96.3254908373 96.3254908373 96.3254908373 96.3254908373
19360 16384 6552.935 6552.935 6552.935 96.8098233845 96.8098233845 96.8098233845 96.8098233845 96.8098233845 96.8098233845
21280 16384 7169.008 7169.008 7169.008 97.2663219235 97.2663219235 97.2663219235 97.2663219235 97.2663219235 97.2663219235
23392 16384 7349.014 7349.014 7349.014 104.30093833 104.30093833 104.30093833 104.30093833 104.30093833 104.30093833
25728 16384 6428.003 6428.003 6428.003 131.153501951 131.153501951 131.153501951 131.153501951 131.153501951 131.153501951
28288 16384 9500.027 9500.027 9500.027 97.5724788993 97.5724788993 97.5724788993 97.5724788993 97.5724788993 97.5724788993
31104 16384 9375.095 9375.095 9375.095 108.715258032 108.715258032 108.715258032 108.715258032 108.715258032 108.715258032
34208 8192 5720.854 5720.854 5720.854 97.9685676299 97.9685676299 97.9685676299 97.9685676299 97.9685676299 97.9685676299
37600 8192 6304.979 6304.979 6304.979 97.7066537414 97.7066537414 97.7066537414 97.7066537414 97.7066537414 97.7066537414
41344 8192 6947.994 6947.994 6947.994 97.4929016922 97.4929016922 97.4929016922 97.4929016922 97.4929016922 97.4929016922
45472 8192 7608.175 7608.175 7608.175 97.9227275924 97.9227275924 97.9227275924 97.9227275924 97.9227275924 97.9227275924
50016 8192 8420.944 8420.944 8420.944 97.3123849298 97.3123849298 97.3123849298 97.3123849298 97.3123849298 97.3123849298
55008 8192 9292.126 9292.126 9292.126 96.9908363274 96.9908363274 96.9908363274 96.9908363274 96.9908363274 96.9908363274
60480 8192 10361.91 10361.91 10361.91 95.6295045991 95.6295045991 95.6295045991 95.6295045991 95.6295045991 95.6295045991
66528 4096 5658.15 5658.15 5658.15 96.3207719838 96.3207719838 96.3207719838 96.3207719838 96.3207719838 96.3207719838
73152 4096 6122.828 6122.828 6122.828 97.8732677122 97.8732677122 97.8732677122 97.8732677122 97.8732677122 97.8732677122
80448 4096 5939.007 5939.007 5939.007 110.966364579 110.966364579 110.966364579 110.966364579 110.966364579 110.966364579
88480 4096 7735.014 7735.014 7735.014 93.7074141042 93.7074141042 93.7074141042 93.7074141042 93.7074141042 93.7074141042
97312 4096 7047.892 7047.892 7047.892 113.108984076 113.108984076 113.108984076 113.108984076 113.108984076 113.108984076
107040 4096 8958.101 8958.101 8958.101 97.8858889847 97.8858889847 97.8858889847 97.8858889847 97.8858889847 97.8858889847
117728 4096 9905.1 9905.1 9905.1 97.3667884221 97.3667884221 97.3667884221 97.3667884221 97.3667884221 97.3667884221
129472 4096 10885.0 10885.0 10885.0 97.4400205788 97.4400205788 97.4400205788 97.4400205788 97.4400205788 97.4400205788
142400 2048 6000.996 6000.996 6000.996 97.1955988639 97.1955988639 97.1955988639 97.1955988639 97.1955988639 97.1955988639
156640 2048 6534.1 6534.1 6534.1 98.1921672457 98.1921672457 98.1921672457 98.1921672457 98.1921672457 98.1921672457
172288 2048 7091.999 7091.999 7091.999 99.5053225473 99.5053225473 99.5053225473 99.5053225473 99.5053225473 99.5053225473
189504 2048 5517.96 5517.96 5517.96 140.669447404 140.669447404 140.669447404 140.669447404 140.669447404 140.669447404
208448 2048 8723.974 8723.974 8723.974 97.8685869536 97.8685869536 97.8685869536 97.8685869536 97.8685869536 97.8685869536
229280 2048 10130.882 10130.882 10130.882 92.6998142906 92.6998142906 92.6998142906 92.6998142906 92.6998142906 92.6998142906
252192 2048 10581.97 10581.97 10581.97 97.6168361846 97.6168361846 97.6168361846 97.6168361846 97.6168361846 97.6168361846
277408 1024 5805.016 5805.016 5805.016 97.8690814978 97.8690814978 97.8690814978 97.8690814978 97.8690814978 97.8690814978
305120 1024 6380.796 6380.796 6380.796 97.9322579816 97.9322579816 97.9322579816 97.9322579816 97.9322579816 97.9322579816
335616 1024 7094.145 7094.145 7094.145 96.8885705043 96.8885705043 96.8885705043 96.8885705043 96.8885705043 96.8885705043
369152 1024 7761.955 7761.955 7761.955 97.4011439128 97.4011439128 97.4011439128 97.4011439128 97.4011439128 97.4011439128
406048 1024 8536.816 8536.816 8536.816 97.4117638239 97.4117638239 97.4117638239 97.4117638239 97.4117638239 97.4117638239
446624 1024 9571.075 9571.075 9571.075 95.5677342409 95.5677342409 95.5677342409 95.5677342409 95.5677342409 95.5677342409
491264 1024 10274.172 10274.172 10274.172 97.9260101933 97.9260101933 97.9260101933 97.9260101933 97.9260101933 97.9260101933
540384 512 5630.97 5630.97 5630.97 98.2696082558 98.2696082558 98.2696082558 98.2696082558 98.2696082558 98.2696082558
594400 512 6288.052 6288.052 6288.052 96.7971638911 96.7971638911 96.7971638911 96.7971638911 96.7971638911 96.7971638911
653824 512 6930.113 6930.113 6930.113 96.6096477792 96.6096477792 96.6096477792 96.6096477792 96.6096477792 96.6096477792
719200 512 7525.206 7525.206 7525.206 97.8658657318 97.8658657318 97.8658657318 97.8658657318 97.8658657318 97.8658657318
791104 512 8292.913 8292.913 8292.913 97.6846731661 97.6846731661 97.6846731661 97.6846731661 97.6846731661 97.6846731661
870208 512 9170.055 9170.055 9170.055 97.1742254545 97.1742254545 97.1742254545 97.1742254545 97.1742254545 97.1742254545
957216 512 10057.926 10057.926 10057.926 97.4544040193 97.4544040193 97.4544040193 97.4544040193 97.4544040193 97.4544040193
1052928 256 5561.829 5561.829 5561.829 96.9283910023 96.9283910023 96.9283910023 96.9283910023 96.9283910023 96.9283910023
1158208 256 6141.901 6141.901 6141.901 96.5503182158 96.5503182158 96.5503182158 96.5503182158 96.5503182158 96.5503182158
1274016 256 6715.059 6715.059 6715.059 97.139309126 97.139309126 97.139309126 97.139309126 97.139309126 97.139309126
1401408 256 7447.004 7447.004 7447.004 96.3502767019 96.3502767019 96.3502767019 96.3502767019 96.3502767019 96.3502767019
1541536 256 8313.894 8313.894 8313.894 94.933424939 94.933424939 94.933424939 94.933424939 94.933424939 94.933424939
1695680 256 9090.185 9090.185 9090.185 95.5083048365 95.5083048365 95.5083048365 95.5083048365 95.5083048365 95.5083048365
1865248 256 10401.964 10401.964 10401.964 91.8102558325 91.8102558325 91.8102558325 91.8102558325 91.8102558325 91.8102558325
2051744 256 8972.883 8972.883 8972.883 117.074180952 117.074180952 117.074180952 117.074180952 117.074180952 117.074180952
2256896 128 6077.051 6077.051 6077.051 95.0733136845 95.0733136845 95.0733136845 95.0733136845 95.0733136845 95.0733136845
2482560 128 6613.016 6613.016 6613.016 96.1037082021 96.1037082021 96.1037082021 96.1037082021 96.1037082021 96.1037082021
2730816 128 5146.027 5146.027 5146.027 135.850219208 135.850219208 135.850219208 135.850219208 135.850219208 135.850219208
3003872 128 8570.91 8570.91 8570.91 89.7210718582 89.7210718582 89.7210718582 89.7210718582 89.7210718582 89.7210718582
3304256 128 10066.986 10066.986 10066.986 84.0260963907 84.0260963907 84.0260963907 84.0260963907 84.0260963907 84.0260963907
3634656 128 10383.129 10383.129 10383.129 89.6138279704 89.6138279704 89.6138279704 89.6138279704 89.6138279704 89.6138279704
3998112 128 11598.825 11598.825 11598.825 88.243134283 88.243134283 88.243134283 88.243134283 88.243134283 88.243134283
4397920 64 7775.068 7775.068 7775.068 72.4024227184 72.4024227184 72.4024227184 72.4024227184 72.4024227184 72.4024227184
4837696 64 10265.112 10265.112 10265.112 60.3232666141 60.3232666141 60.3232666141 60.3232666141 60.3232666141 60.3232666141
5321440 64 24018.049 24018.049 24018.049 28.3596856681 28.3596856681 28.3596856681 28.3596856681 28.3596856681 28.3596856681
5853568 64 14608.86 14608.86 14608.86 51.2878283453 51.2878283453 51.2878283453 51.2878283453 51.2878283453 51.2878283453
6438912 64 24204.016 24204.016 24204.016 34.051404362 34.051404362 34.051404362 34.051404362 34.051404362 34.051404362
7082784 64 30096.054 30096.054 30096.054 30.1234292044 30.1234292044 30.1234292044 30.1234292044 30.1234292044 30.1234292044
7791040 64 49094.915 49094.915 49094.915 20.3127578488 20.3127578488 20.3127578488 20.3127578488 20.3127578488 20.3127578488
8570144 32 32989.025 32989.025 32989.025 16.6264148759 16.6264148759 16.6264148759 16.6264148759 16.6264148759 16.6264148759
9427136 32 33205.032 33205.032 33205.032 18.1700383243 18.1700383243 18.1700383243 18.1700383243 18.1700383243 18.1700383243
10369824 32 33169.985 33169.985 33169.985 20.0081108267 20.0081108267 20.0081108267 20.0081108267 20.0081108267 20.0081108267
11406784 32 32895.088 32895.088 32895.088 22.1928020378 22.1928020378 22.1928020378 22.1928020378 22.1928020378 22.1928020378
12547456 32 42725.086 42725.086 42725.086 18.7954492122 18.7954492122 18.7954492122 18.7954492122 18.7954492122 18.7954492122
13802176 32 45339.108 45339.108 45339.108 19.482943158 19.482943158 19.482943158 19.482943158 19.482943158 19.482943158
15182368 32 42222.977 42222.977 42222.977 23.0128622148 23.0128622148 23.0128622148 23.0128622148 23.0128622148 23.0128622148
16700576 32 44896.126 44896.126 44896.126 23.806884006 23.806884006 23.806884006 23.806884006 23.806884006 23.806884006
18370624 16 31001.091 31001.091 31001.091 18.9625574145 18.9625574145 18.9625574145 18.9625574145 18.9625574145 18.9625574145
20207680 16 33652.067 33652.067 33652.067 19.2156327277 19.2156327277 19.2156327277 19.2156327277 19.2156327277 19.2156327277
22228448 16 36320.21 36320.21 36320.21 19.5844224469 19.5844224469 19.5844224469 19.5844224469 19.5844224469 19.5844224469
24451264 16 43586.016 43586.016 43586.016 17.951639535 17.951639535 17.951639535 17.951639535 17.951639535 17.951639535
26896384 16 44434.071 44434.071 44434.071 19.3699174672 19.3699174672 19.3699174672 19.3699174672 19.3699174672 19.3699174672
29586016 16 49029.827 49029.827 49029.827 19.3097257308 19.3097257308 19.3097257308 19.3097257308 19.3097257308 19.3097257308
32544608 16 53849.936 53849.936 53849.936 19.3394372094 19.3394372094 19.3394372094 19.3394372094 19.3394372094 19.3394372094
35799040 8 29266.119 29266.119 29266.119 19.5715954001 19.5715954001 19.5715954001 19.5715954001 19.5715954001 19.5715954001
39378944 8 31717.062 31717.062 31717.062 19.8651156277 19.8651156277 19.8651156277 19.8651156277 19.8651156277 19.8651156277
43316832 8 35144.091 35144.091 35144.091 19.7207920956 19.7207920956 19.7207920956 19.7207920956 19.7207920956 19.7207920956
47648512 8 37362.099 37362.099 37362.099 20.4050685696 20.4050685696 20.4050685696 20.4050685696 20.4050685696 20.4050685696
52413344 8 45521.975 45521.975 45521.975 18.4221687218 18.4221687218 18.4221687218 18.4221687218 18.4221687218 18.4221687218
57654656 8 46154.976 46154.976 46154.976 19.9864581448 19.9864581448 19.9864581448 19.9864581448 19.9864581448 19.9864581448
63420096 8 51347.971 51347.971 51347.971 19.7616676227 19.7616676227 19.7616676227 19.7616676227 19.7616676227 19.7616676227
69762080 4 27827.024 27827.024 27827.024 20.0559226168 20.0559226168 20.0559226168 20.0559226168 20.0559226168 20.0559226168
76738272 4 30328.035 30328.035 30328.035 20.2422008548 20.2422008548 20.2422008548 20.2422008548 20.2422008548 20.2422008548
84412096 4 33780.813 33780.813 33780.813 19.9905422051 19.9905422051 19.9905422051 19.9905422051 19.9905422051 19.9905422051
92853280 4 36345.005 36345.005 36345.005 20.4381933638 20.4381933638 20.4381933638 20.4381933638 20.4381933638 20.4381933638
102138592 4 42100.191 42100.191 42100.191 19.4086705212 19.4086705212 19.4086705212 19.4086705212 19.4086705212 19.4086705212
112352448 4 47808.886 47808.886 47808.886 18.8002620266 18.8002620266 18.8002620266 18.8002620266 18.8002620266 18.8002620266
123587680 4 47513.962 47513.962 47513.962 20.8086507288 20.8086507288 20.8086507288 20.8086507288 20.8086507288 20.8086507288
135946432 2 26833.057 26833.057 26833.057 20.2655153306 20.2655153306 20.2655153306 20.2655153306 20.2655153306 20.2655153306
149541056 2 28385.878 28385.878 28385.878 21.0725989874 21.0725989874 21.0725989874 21.0725989874 21.0725989874 21.0725989874
164495136 2 33174.992 33174.992 33174.992 19.8336308265 19.8336308265 19.8336308265 19.8336308265 19.8336308265 19.8336308265
180944640 2 35352.945 35352.945 35352.945 20.4729354231 20.4729354231 20.4729354231 20.4729354231 20.4729354231 20.4729354231
199039104 2 39178.133 39178.133 39178.133 20.3214485999 20.3214485999 20.3214485999 20.3214485999 20.3214485999 20.3214485999
218943008 2 45490.98 45490.98 45490.98 19.2515534288 19.2515534288 19.2515534288 19.2515534288 19.2515534288 19.2515534288
240837280 2 51898.956 51898.956 51898.956 18.5620134632 18.5620134632 18.5620134632 18.5620134632 18.5620134632 18.5620134632
264920992 2 57077.885 57077.885 57077.885 18.5655787351 18.5655787351 18.5655787351 18.5655787351 18.5655787351 18.5655787351
291413088 1 28011.084 28011.084 28011.084 20.8069839782 20.8069839782 20.8069839782 20.8069839782 20.8069839782 20.8069839782
320554368 1 30822.039 30822.039 30822.039 20.8003349811 20.8003349811 20.8003349811 20.8003349811 20.8003349811 20.8003349811
352609792 1 33535.957 33535.957 33535.957 21.0287597876 21.0287597876 21.0287597876 21.0287597876 21.0287597876 21.0287597876
387870752 1 38201.094 38201.094 38201.094 20.3067876538 20.3067876538 20.3067876538 20.3067876538 20.3067876538 20.3067876538
426657824 1 49027.92 49027.92 49027.92 17.4046879411 17.4046879411 17.4046879411 17.4046879411 17.4046879411 17.4046879411
469323584 1 53822.041 53822.041 53822.041 17.4398285639 17.4398285639 17.4398285639 17.4398285639 17.4398285639 17.4398285639
516255936 1 56115.15 56115.15 56115.15 18.3998772524 18.3998772524 18.3998772524 18.3998772524 18.3998772524 18.3998772524

META_DATA
ERT_VERSION  1.1.0
HOSTNAME  ('e828f4ff7df7', [], ['172.17.0.2'])
TIMESTAMP_DATA  1620700559.93
CONFIG  {'ERT_WORKING_SET_MIN': ['1'], 'ERT_CFLAGS': ['-Ofast', '-march=native'], 'ERT_CC': ['cc'], 'ERT_MPI_CFLAGS': [], 'ERT_MPI_LDFLAGS': [], 'ERT_MEMORY_MAX': ['536870912', '#', '512MB'], 'ERT_LDFLAGS': [], 'ERT_LDLIBS': [], 'ERT_RUN': ['export', 'OMP_NUM_THREADS=ERT_OPENMP_THREADS', ';', './ERT_CODE'], 'ERT_FLOPS': ['1,4,16,64'], 'ERT_OPENMP_CFLAGS': ['-fopenmp'], 'ERT_MPI': ['False'], 'ERT_TRIALS_MIN': ['1'], 'ERT_DRIVER': ['driver1'], 'ERT_RESULTS': ['OpenMP_4'], 'ERT_OPENMP': ['True'], 'ERT_OPENMP_THREADS': ['1,2,4'], 'ERT_KERNEL': ['kernel1'], 'ERT_GPU': [False], 'ERT_LD': ['cc'], 'ERT_NUM_EXPERIMENTS': ['1'], 'ERT_OPENMP_LDFLAGS': ['-fopenmp'], 'ERT_ALIGN': ['64'], 'ERT_GNUPLOT': ['gnuplot']}
OPENMP_THREADS 4
UNAME  ('Linux', 'e828f4ff7df7', '5.4.72-microsoft-standard-WSL2', '#1 SMP Wed Oct 28 23:40:43 UTC 2020', 'x86_64', 'x86_64')
FLOPS          16
