8 134217728 353896.856 353896.856 353896.856 6.06810603596 6.06810603596 6.06810603596 0.379256627247 0.379256627247 0.379256627247
16 67108864 180119.038 180119.038 180119.038 11.922580044 11.922580044 11.922580044 0.745161252749 0.745161252749 0.745161252749
24 33554432 89940.071 89940.071 89940.071 17.9076213538 17.9076213538 17.9076213538 1.11922633461 1.11922633461 1.11922633461
32 33554432 91212.988 91212.988 91212.988 23.5436169244 23.5436169244 23.5436169244 1.47147605777 1.47147605777 1.47147605777
40 16777216 61241.15 61241.15 61241.15 21.9162651257 21.9162651257 21.9162651257 1.36976657035 1.36976657035 1.36976657035
48 16777216 76514.959 76514.959 76514.959 21.049645155 21.049645155 21.049645155 1.31560282219 1.31560282219 1.31560282219
56 16777216 80960.989 80960.989 80960.989 23.209303829 23.209303829 23.209303829 1.45058148931 1.45058148931 1.45058148931
64 16777216 93325.853 93325.853 93325.853 23.0105975886 23.0105975886 23.0105975886 1.43816234929 1.43816234929 1.43816234929
72 8388608 52173.853 52173.853 52173.853 23.1525847248 23.1525847248 23.1525847248 1.4470365453 1.4470365453 1.4470365453
80 8388608 54059.029 54059.029 54059.029 24.8279945983 24.8279945983 24.8279945983 1.55174966239 1.55174966239 1.55174966239
88 8388608 56572.914 56572.914 56572.914 26.0972063062 26.0972063062 26.0972063062 1.63107539414 1.63107539414 1.63107539414
96 8388608 69870.949 69870.949 69870.949 23.0512503272 23.0512503272 23.0512503272 1.44070314545 1.44070314545 1.44070314545
104 8388608 64414.978 64414.978 64414.978 27.0873408355 27.0873408355 27.0873408355 1.69295880222 1.69295880222 1.69295880222
112 8388608 76645.136 76645.136 76645.136 24.5162092478 24.5162092478 24.5162092478 1.53226307799 1.53226307799 1.53226307799
120 8388608 76020.002 76020.002 76020.002 26.4833710475 26.4833710475 26.4833710475 1.65521069047 1.65521069047 1.65521069047
128 8388608 27899.981 27899.981 27899.981 76.9707924891 76.9707924891 76.9707924891 4.81067453057 4.81067453057 4.81067453057
136 4194304 13155.937 13155.937 13155.937 86.7175548195 86.7175548195 86.7175548195 5.41984717622 5.41984717622 5.41984717622
144 4194304 13161.898 13161.898 13161.898 91.7770029824 91.7770029824 91.7770029824 5.7360626864 5.7360626864 5.7360626864
152 4194304 13207.912 13207.912 13207.912 96.5382276926 96.5382276926 96.5382276926 6.03363923079 6.03363923079 6.03363923079
160 4194304 14292.955 14292.955 14292.955 93.9048139451 93.9048139451 93.9048139451 5.86905087157 5.86905087157 5.86905087157
176 4194304 25759.935 25759.935 25759.935 57.3136154264 57.3136154264 57.3136154264 3.58210096415 3.58210096415 3.58210096415
192 4194304 27886.868 27886.868 27886.868 57.7552393478 57.7552393478 57.7552393478 3.60970245924 3.60970245924 3.60970245924
208 4194304 32057.047 32057.047 32057.047 54.4289205428 54.4289205428 54.4289205428 3.40180753393 3.40180753393 3.40180753393
224 4194304 39361.954 39361.954 39361.954 47.7376756245 47.7376756245 47.7376756245 2.98360472653 2.98360472653 2.98360472653
240 4194304 39433.002 39433.002 39433.002 51.0553551059 51.0553551059 51.0553551059 3.19095969412 3.19095969412 3.19095969412
264 2097152 8862.972 8862.972 8862.972 124.935095812 124.935095812 124.935095812 7.80844348826 7.80844348826 7.80844348826
288 2097152 10112.047 10112.047 10112.047 119.457470085 119.457470085 119.457470085 7.46609188031 7.46609188031 7.46609188031
312 2097152 11680.841 11680.841 11680.841 112.031560741 112.031560741 112.031560741 7.00197254633 7.00197254633 7.00197254633
336 2097152 14266.014 14266.014 14266.014 98.7862583059 98.7862583059 98.7862583059 6.17414114412 6.17414114412 6.17414114412
368 2097152 26022.911 26022.911 26022.911 59.3132671437 59.3132671437 59.3132671437 3.70707919648 3.70707919648 3.70707919648
400 2097152 12954.95 12954.95 12954.95 129.504289866 129.504289866 129.504289866 8.09401811663 8.09401811663 8.09401811663
440 2097152 15618.086 15618.086 15618.086 118.163887688 118.163887688 118.163887688 7.38524298048 7.38524298048 7.38524298048
480 2097152 18424.988 18424.988 18424.988 109.268235073 109.268235073 109.268235073 6.82926469206 6.82926469206 6.82926469206
528 1048576 8623.123 8623.123 8623.123 128.410119628 128.410119628 128.410119628 8.02563247677 8.02563247677 8.02563247677
576 1048576 10082.006 10082.006 10082.006 119.813413323 119.813413323 119.813413323 7.48833833267 7.48833833267 7.48833833267
632 1048576 11819.124 11819.124 11819.124 112.140296015 112.140296015 112.140296015 7.00876850095 7.00876850095 7.00876850095
688 1048576 11499.882 11499.882 11499.882 125.4656853 125.4656853 125.4656853 7.84160533125 7.84160533125 7.84160533125
752 1048576 16535.997 16535.997 16535.997 95.3712258172 95.3712258172 95.3712258172 5.96070161358 5.96070161358 5.96070161358
824 1048576 13751.03 13751.03 13751.03 125.66718624 125.66718624 125.66718624 7.85419913999 7.85419913999 7.85419913999
904 1048576 15080.929 15080.929 15080.929 125.710120908 125.710120908 125.710120908 7.85688255677 7.85688255677 7.85688255677
992 1048576 17180.92 17180.92 17180.92 121.086343688 121.086343688 121.086343688 7.56789648051 7.56789648051 7.56789648051
1088 524288 9990.931 9990.931 9990.931 114.188626465 114.188626465 114.188626465 7.13678915408 7.13678915408 7.13678915408
1192 524288 9660.959 9660.959 9660.959 129.376658363 129.376658363 129.376658363 8.08604114767 8.08604114767 8.08604114767
1304 524288 10304.928 10304.928 10304.928 132.688273416 132.688273416 132.688273416 8.29301708852 8.29301708852 8.29301708852
1432 524288 11323.929 11323.929 11323.929 132.600692922 132.600692922 132.600692922 8.28754330763 8.28754330763 8.28754330763
1568 524288 13761.044 13761.044 13761.044 119.479827839 119.479827839 119.479827839 7.46748923992 7.46748923992 7.46748923992
1720 524288 15306.95 15306.95 15306.95 117.825609935 117.825609935 117.825609935 7.36410062096 7.36410062096 7.36410062096
1888 524288 15614.986 15614.986 15614.986 126.782789815 126.782789815 126.782789815 7.92392436343 7.92392436343 7.92392436343
2072 262144 8150.101 8150.101 8150.101 133.289726839 133.289726839 133.289726839 8.33060792744 8.33060792744 8.33060792744
2272 262144 9410.858 9410.858 9410.858 126.57531715 126.57531715 126.57531715 7.91095732185 7.91095732185 7.91095732185
2496 262144 10054.111 10054.111 10054.111 130.157986917 130.157986917 130.157986917 8.13487418231 8.13487418231 8.13487418231
2744 262144 10919.094 10919.094 10919.094 131.755095432 131.755095432 131.755095432 8.23469346449 8.23469346449 8.23469346449
3016 262144 11999.846 11999.846 11999.846 131.77274175 131.77274175 131.77274175 8.23579635939 8.23579635939 8.23579635939
3312 262144 13266.087 13266.087 13266.087 130.893296267 130.893296267 130.893296267 8.18083101671 8.18083101671 8.18083101671
3640 262144 14391.899 14391.899 14391.899 132.602953926 132.602953926 132.602953926 8.28768462035 8.28768462035 8.28768462035
4000 262144 15583.038 15583.038 15583.038 134.579149457 134.579149457 134.579149457 8.41119684108 8.41119684108 8.41119684108
4400 131072 9230.137 9230.137 9230.137 124.96386565 124.96386565 124.96386565 7.81024160313 7.81024160313 7.81024160313
4840 131072 10113.955 10113.955 10113.955 125.448151589 125.448151589 125.448151589 7.84050947429 7.84050947429 7.84050947429
5320 131072 11462.927 11462.927 11462.927 121.662301435 121.662301435 121.662301435 7.60389383968 7.60389383968 7.60389383968
5848 131072 12150.049 12150.049 12150.049 126.173821357 126.173821357 126.173821357 7.88586383479 7.88586383479 7.88586383479
6432 131072 13252.02 13252.02 13252.02 127.234203389 127.234203389 127.234203389 7.95213771184 7.95213771184 7.95213771184
7072 131072 14837.98 14837.98 14837.98 124.941694759 124.941694759 124.941694759 7.80885592244 7.80885592244 7.80885592244
7776 131072 15952.826 15952.826 15952.826 127.778723594 127.778723594 127.778723594 7.98617022464 7.98617022464 7.98617022464
8552 65536 9214.163 9214.163 9214.163 121.652693142 121.652693142 121.652693142 7.60329332138 7.60329332138 7.60329332138
9400 65536 9747.028 9747.028 9747.028 126.405382235 126.405382235 126.405382235 7.90033638972 7.90033638972 7.90033638972
10336 65536 12028.933 12028.933 12028.933 112.625134083 112.625134083 112.625134083 7.03907088019 7.03907088019 7.03907088019
11368 65536 11709.929 11709.929 11709.929 127.244707974 127.244707974 127.244707974 7.95279424837 7.95279424837 7.95279424837
12504 65536 13159.99 13159.99 13159.99 124.538414391 124.538414391 124.538414391 7.78365089943 7.78365089943 7.78365089943
13752 65536 14347.076 14347.076 14347.076 125.635505381 125.635505381 125.635505381 7.85221908631 7.85221908631 7.85221908631
15120 65536 15727.997 15727.997 15727.997 126.005151196 126.005151196 126.005151196 7.87532194977 7.87532194977 7.87532194977
16632 32768 9346.008 9346.008 9346.008 116.626772842 116.626772842 116.626772842 7.28917330265 7.28917330265 7.28917330265
18288 32768 9504.08 9504.08 9504.08 126.106090016 126.106090016 126.106090016 7.881630626 7.881630626 7.881630626
20112 32768 10309.219 10309.219 10309.219 127.852559151 127.852559151 127.852559151 7.99078494695 7.99078494695 7.99078494695
22120 32768 11657.953 11657.953 11657.953 124.349130589 124.349130589 124.349130589 7.77182066183 7.77182066183 7.77182066183
24328 32768 12983.799 12983.799 12983.799 122.796094425 122.796094425 122.796094425 7.67475590157 7.67475590157 7.67475590157
26760 32768 13988.972 13988.972 13988.972 125.366135553 125.366135553 125.366135553 7.83538347207 7.83538347207 7.83538347207
29432 32768 15473.127 15473.127 15473.127 124.658419206 124.658419206 124.658419206 7.7911512004 7.7911512004 7.7911512004
32368 32768 17544.031 17544.031 17544.031 120.911166197 120.911166197 120.911166197 7.55694788729 7.55694788729 7.55694788729
35600 16384 11527.777 11527.777 11527.777 101.19390755 101.19390755 101.19390755 6.3246192219 6.3246192219 6.3246192219
39160 16384 12115.002 12115.002 12115.002 105.917843018 105.917843018 105.917843018 6.61986518863 6.61986518863 6.61986518863
43072 16384 12236.118 12236.118 12236.118 115.345675483 115.345675483 115.345675483 7.20910471769 7.20910471769 7.20910471769
47376 16384 13422.966 13422.966 13422.966 115.653780841 115.653780841 115.653780841 7.22836130256 7.22836130256 7.22836130256
52112 16384 14875.174 14875.174 14875.174 114.795700272 114.795700272 114.795700272 7.17473126701 7.17473126701 7.17473126701
57320 16384 16235.113 16235.113 16235.113 115.691326571 115.691326571 115.691326571 7.23070791069 7.23070791069 7.23070791069
63048 16384 21287.918 21287.918 21287.918 97.0483287281 97.0483287281 97.0483287281 6.0655205455 6.0655205455 6.0655205455
69352 8192 10001.898 10001.898 10001.898 113.604754618 113.604754618 113.604754618 7.1002971636 7.1002971636 7.1002971636
76280 8192 10704.041 10704.041 10704.041 116.756981779 116.756981779 116.756981779 7.2973113612 7.2973113612 7.2973113612
83904 8192 11967.182 11967.182 11967.182 114.871081262 114.871081262 114.871081262 7.17944257888 7.17944257888 7.17944257888
92288 8192 13105.869 13105.869 13105.869 115.371715679 115.371715679 115.371715679 7.21073222997 7.21073222997 7.21073222997
101512 8192 14401.913 14401.913 14401.913 115.482756214 115.482756214 115.482756214 7.2176722634 7.2176722634 7.2176722634
111656 8192 15704.155 15704.155 15704.155 116.489674484 116.489674484 116.489674484 7.28060465526 7.28060465526 7.28060465526
122816 8192 17292.976 17292.976 17292.976 116.360384933 116.360384933 116.360384933 7.27252405832 7.27252405832 7.27252405832
135096 4096 9463.072 9463.072 9463.072 116.950017077 116.950017077 116.950017077 7.30937606731 7.30937606731 7.30937606731
148600 4096 10353.088 10353.088 10353.088 117.581459754 117.581459754 117.581459754 7.34884123462 7.34884123462 7.34884123462
163456 4096 13425.112 13425.112 13425.112 99.740810505 99.740810505 99.740810505 6.23380065656 6.23380065656 6.23380065656
179800 4096 12605.906 12605.906 12605.906 116.843771483 116.843771483 116.843771483 7.30273571769 7.30273571769 7.30273571769
197776 4096 13906.002 13906.002 13906.002 116.509474973 116.509474973 116.509474973 7.28184218584 7.28184218584 7.28184218584
217552 4096 15316.01 15316.01 15316.01 116.360983311 116.360983311 116.360983311 7.27256145693 7.27256145693 7.27256145693
239304 4096 18435.001 18435.001 18435.001 106.340019618 106.340019618 106.340019618 6.64625122613 6.64625122613 6.64625122613
263232 2048 9206.057 9206.057 9206.057 117.118357186 117.118357186 117.118357186 7.31989732412 7.31989732412 7.31989732412
289552 2048 10155.916 10155.916 10155.916 116.779716571 116.779716571 116.779716571 7.29873228569 7.29873228569 7.29873228569
318504 2048 11853.933 11853.933 11853.933 110.055656971 110.055656971 110.055656971 6.87847856066 6.87847856066 6.87847856066
350352 2048 12758.97 12758.97 12758.97 112.473169229 112.473169229 112.473169229 7.02957307682 7.02957307682 7.02957307682
385384 2048 17039.776 17039.776 17039.776 92.6381229425 92.6381229425 92.6381229425 5.7898826839 5.7898826839 5.7898826839
423920 2048 15692.949 15692.949 15692.949 110.646910278 110.646910278 110.646910278 6.91543189237 6.91543189237 6.91543189237
466312 2048 17724.037 17724.037 17724.037 107.764046758 107.764046758 107.764046758 6.73525292234 6.73525292234 6.73525292234
512936 2048 19819.021 19819.021 19819.021 106.00855895 106.00855895 106.00855895 6.62553493434 6.62553493434 6.62553493434
564224 1024 10823.011 10823.011 10823.011 106.76610714 106.76610714 106.76610714 6.67288169623 6.67288169623 6.67288169623
620640 1024 12615.919 12615.919 12615.919 100.751338052 100.751338052 100.751338052 6.29695862822 6.29695862822 6.29695862822
682704 1024 13637.066 13637.066 13637.066 102.527757217 102.527757217 102.527757217 6.40798482606 6.40798482606 6.40798482606
750968 1024 14845.848 14845.848 14845.848 103.596807943 103.596807943 103.596807943 6.47480049641 6.47480049641 6.47480049641
826064 1024 16993.999 16993.999 16993.999 99.5515576999 99.5515576999 99.5515576999 6.22197235624 6.22197235624 6.22197235624
908664 1024 19244.194 19244.194 19244.194 96.7015751348 96.7015751348 96.7015751348 6.04384844593 6.04384844593 6.04384844593
999528 1024 21166.086 21166.086 21166.086 96.712889856 96.712889856 96.712889856 6.044555616 6.044555616 6.044555616
1099480 512 10999.918 10999.918 10999.918 102.352355718 102.352355718 102.352355718 6.39702223235 6.39702223235 6.39702223235
1209424 512 11062.86 11062.86 11062.86 111.946655386 111.946655386 111.946655386 6.9966659616 6.9966659616 6.9966659616
1330360 512 13543.844 13543.844 13543.844 100.583603887 100.583603887 100.583603887 6.28647524292 6.28647524292 6.28647524292
1463392 512 14209.986 14209.986 14209.986 105.454953158 105.454953158 105.454953158 6.59093457235 6.59093457235 6.59093457235
1609728 512 15283.108 15283.108 15283.108 107.855121615 107.855121615 107.855121615 6.74094510096 6.74094510096 6.74094510096
1770696 512 24849.176 24849.176 24849.176 72.9679207069 72.9679207069 72.9679207069 4.56049504418 4.56049504418 4.56049504418
1947760 512 20626.068 20626.068 20626.068 96.6983256334 96.6983256334 96.6983256334 6.04364535209 6.04364535209 6.04364535209
2142536 256 12766.123 12766.123 12766.123 85.9288628192 85.9288628192 85.9288628192 5.3705539262 5.3705539262 5.3705539262
2356784 256 15547.037 15547.037 15547.037 77.6143652324 77.6143652324 77.6143652324 4.85089782703 4.85089782703 4.85089782703
2592456 256 18296.003 18296.003 18296.003 72.5479478769 72.5479478769 72.5479478769 4.53424674231 4.53424674231 4.53424674231
2851696 256 23395.061 23395.061 23395.061 62.4092560391 62.4092560391 62.4092560391 3.90057850245 3.90057850245 3.90057850245
3136864 256 31496.048 31496.048 31496.048 50.9928854566 50.9928854566 50.9928854566 3.18705534104 3.18705534104 3.18705534104
3450544 256 47426.939 47426.939 47426.939 37.2505281861 37.2505281861 37.2505281861 2.32815801163 2.32815801163 2.32815801163
3795592 256 99745.989 99745.989 99745.989 19.4829197994 19.4829197994 19.4829197994 1.21768248746 1.21768248746 1.21768248746
4175144 256 79374.075 79374.075 79374.075 26.9316364065 26.9316364065 26.9316364065 1.6832272754 1.6832272754 1.6832272754
4592656 128 51258.087 51258.087 51258.087 22.9372574127 22.9372574127 22.9372574127 1.43357858829 1.43357858829 1.43357858829
5051920 128 60932.159 60932.159 60932.159 21.2251057771 21.2251057771 21.2251057771 1.32656911107 1.32656911107 1.32656911107
5557112 128 70215.94 70215.94 70215.94 20.2606512424 20.2606512424 20.2606512424 1.26629070265 1.26629070265 1.26629070265
6112816 128 124850.035 124850.035 124850.035 12.5340845599 12.5340845599 12.5340845599 0.783380284996 0.783380284996 0.783380284996
6724096 128 89934.111 89934.111 89934.111 19.1403301468 19.1403301468 19.1403301468 1.19627063418 1.19627063418 1.19627063418
7396504 128 99961.996 99961.996 99961.996 18.9422490523 18.9422490523 18.9422490523 1.18389056577 1.18389056577 1.18389056577
8136152 128 112823.009 112823.009 112823.009 18.4612600786 18.4612600786 18.4612600786 1.15382875491 1.15382875491 1.15382875491
8949760 64 58986.187 58986.187 58986.187 19.420975287 19.420975287 19.420975287 1.21381095544 1.21381095544 1.21381095544
9844736 64 63748.121 63748.121 63748.121 19.7672682462 19.7672682462 19.7672682462 1.23545426539 1.23545426539 1.23545426539
10829208 64 72796.106 72796.106 72796.106 19.0413842191 19.0413842191 19.0413842191 1.19008651369 1.19008651369 1.19008651369
11912128 64 82000.017 82000.017 82000.017 18.5945374133 18.5945374133 18.5945374133 1.16215858833 1.16215858833 1.16215858833
13103336 64 86031.199 86031.199 86031.199 19.4955670442 19.4955670442 19.4955670442 1.21847294026 1.21847294026 1.21847294026
14413664 64 103302.956 103302.956 103302.956 17.859595344 17.859595344 17.859595344 1.116224709 1.116224709 1.116224709
15855024 64 138926.983 138926.983 138926.983 14.6079834758 14.6079834758 14.6079834758 0.912998967234 0.912998967234 0.912998967234
17440520 32 72502.136 72502.136 72502.136 15.3953158015 15.3953158015 15.3953158015 0.962207237591 0.962207237591 0.962207237591
19184568 32 167967.796 167967.796 167967.796 7.30980807773 7.30980807773 7.30980807773 0.456863004858 0.456863004858 0.456863004858
21103024 32 93488.932 93488.932 93488.932 14.4465607544 14.4465607544 14.4465607544 0.902910047149 0.902910047149 0.902910047149
23213320 32 91078.997 91078.997 91078.997 16.3116912673 16.3116912673 16.3116912673 1.01948070421 1.01948070421 1.01948070421
25534648 32 136039.972 136039.972 136039.972 12.0127742455 12.0127742455 12.0127742455 0.750798390344 0.750798390344 0.750798390344
28088112 32 109575.033 109575.033 109575.033 16.4055544295 16.4055544295 16.4055544295 1.02534715185 1.02534715185 1.02534715185
30896920 32 111108.065 111108.065 111108.065 17.7971138279 17.7971138279 17.7971138279 1.11231961424 1.11231961424 1.11231961424
33986608 16 58777.094 58777.094 58777.094 18.5033213108 18.5033213108 18.5033213108 1.15645758193 1.15645758193 1.15645758193
37385264 16 69442.034 69442.034 69442.034 17.2277276325 17.2277276325 17.2277276325 1.07673297703 1.07673297703 1.07673297703
41123784 16 85617.065 85617.065 85617.065 15.3703130094 15.3703130094 15.3703130094 0.96064456309 0.96064456309 0.96064456309
45236160 16 87986.946 87986.946 87986.946 16.451953225 16.451953225 16.451953225 1.02824707656 1.02824707656 1.02824707656
49759776 16 101054.192 101054.192 101054.192 15.7570190854 15.7570190854 15.7570190854 0.984813692835 0.984813692835 0.984813692835
54735752 16 107255.936 107255.936 107255.936 16.3305093342 16.3305093342 16.3305093342 1.02065683339 1.02065683339 1.02065683339
60209320 16 123064.995 123064.995 123064.995 15.6559405053 15.6559405053 15.6559405053 0.978496281579 0.978496281579 0.978496281579
66230248 16 127671.957 127671.957 127671.957 16.6001053465 16.6001053465 16.6001053465 1.03750658416 1.03750658416 1.03750658416
72853272 8 70365.906 70365.906 70365.906 16.5655843613 16.5655843613 16.5655843613 1.03534902258 1.03534902258 1.03534902258
80138592 8 85664.988 85664.988 85664.988 14.9678124276 14.9678124276 14.9678124276 0.935488276727 0.935488276727 0.935488276727
88152448 8 83158.97 83158.97 83158.97 16.9607580277 16.9607580277 16.9607580277 1.06004737673 1.06004737673 1.06004737673
96967688 8 90979.099 90979.099 90979.099 17.0531806212 17.0531806212 17.0531806212 1.06582378882 1.06582378882 1.06582378882
106664456 8 112218.142 112218.142 112218.142 15.2081585525 15.2081585525 15.2081585525 0.95050990953 0.95050990953 0.95050990953
117330896 8 115769.148 115769.148 115769.148 16.2158430673 16.2158430673 16.2158430673 1.0134901917 1.0134901917 1.0134901917
129063984 8 143210.888 143210.888 143210.888 14.4194605092 14.4194605092 14.4194605092 0.901216281823 0.901216281823 0.901216281823
141970376 4 74377.06 74377.06 74377.06 15.2703401828 15.2703401828 15.2703401828 0.954396261428 0.954396261428 0.954396261428
156167408 4 81162.93 81162.93 81162.93 15.392978839 15.392978839 15.392978839 0.962061177437 0.962061177437 0.962061177437
171784144 4 88096.142 88096.142 88096.142 15.5996973398 15.5996973398 15.5996973398 0.974981083735 0.974981083735 0.974981083735
188962552 4 92312.098 92312.098 92312.098 16.3759729088 16.3759729088 16.3759729088 1.0234983068 1.0234983068 1.0234983068
207858800 4 94057.083 94057.083 94057.083 17.679374556 17.679374556 17.679374556 1.10496090975 1.10496090975 1.10496090975
228644680 4 105451.107 105451.107 105451.107 17.3460240678 17.3460240678 17.3460240678 1.08412650424 1.08412650424 1.08412650424
251509144 4 134342.909 134342.909 134342.909 14.9771444357 14.9771444357 14.9771444357 0.936071527229 0.936071527229 0.936071527229
276660056 2 73292.017 73292.017 73292.017 15.0990553855 15.0990553855 15.0990553855 0.943690961595 0.943690961595 0.943690961595
304326056 2 80060.959 80060.959 80060.959 15.2047169957 15.2047169957 15.2047169957 0.950294812232 0.950294812232 0.950294812232
334758656 2 81409.931 81409.931 81409.931 16.4480501034 16.4480501034 16.4480501034 1.02800313146 1.02800313146 1.02800313146
368234520 2 114527.941 114527.941 114527.941 12.8609496263 12.8609496263 12.8609496263 0.803809351641 0.803809351641 0.803809351641
405057968 2 98696.947 98696.947 98696.947 16.4162309094 16.4162309094 16.4162309094 1.02601443183 1.02601443183 1.02601443183
445563760 2 122998.953 122998.953 122998.953 14.4900017157 14.4900017157 14.4900017157 0.905625107232 0.905625107232 0.905625107232
490120136 2 151545.048 151545.048 151545.048 12.9366189781 12.9366189781 12.9366189781 0.808538686134 0.808538686134 0.808538686134
539132144 1 86872.816 86872.816 86872.816 12.4119872896 12.4119872896 12.4119872896 0.775749205597 0.775749205597 0.775749205597
593045352 1 70329.905 70329.905 70329.905 16.8646709248 16.8646709248 16.8646709248 1.0540419328 1.0540419328 1.0540419328
652349880 1 71638.823 71638.823 71638.823 18.212188662 18.212188662 18.212188662 1.13826179138 1.13826179138 1.13826179138
717584864 1 81737.995 81737.995 81737.995 17.5581714232 17.5581714232 17.5581714232 1.09738571395 1.09738571395 1.09738571395
789343344 1 90693.951 90693.951 90693.951 17.4067473144 17.4067473144 17.4067473144 1.08792170715 1.08792170715 1.08792170715
868277672 1 101375.103 101375.103 101375.103 17.1299983192 17.1299983192 17.1299983192 1.07062489495 1.07062489495 1.07062489495
955105432 1 106211.185 106211.185 106211.185 17.9850254378 17.9850254378 17.9850254378 1.12406408986 1.12406408986 1.12406408986
1050615968 1 141088.963 141088.963 141088.963 14.8929575448 14.8929575448 14.8929575448 0.930809846551 0.930809846551 0.930809846551

META_DATA
ERT_VERSION  1.1.0
UNAME  ('Linux', '3689e1d83645', '5.4.72-microsoft-standard-WSL2', '#1 SMP Wed Oct 28 23:40:43 UTC 2020', 'x86_64', 'x86_64')
TIMESTAMP_DATA  1620702280.36
OPENMP_THREADS 1
FLOPS          1
HOSTNAME  ('3689e1d83645', [], ['172.17.0.2'])
CONFIG  {'ERT_WORKING_SET_MIN': ['1'], 'ERT_CFLAGS': ['-Ofast', '-march=native'], 'ERT_CC': ['cc'], 'ERT_MPI_CFLAGS': [], 'ERT_MPI_LDFLAGS': [], 'ERT_MEMORY_MAX': ['1073741824', '#', '1GB'], 'ERT_LDFLAGS': [], 'ERT_LDLIBS': [], 'ERT_RUN': ['export', 'OMP_NUM_THREADS=ERT_OPENMP_THREADS', ';', './ERT_CODE'], 'ERT_FLOPS': ['1,8,64'], 'ERT_OPENMP_CFLAGS': ['-fopenmp'], 'ERT_MPI': ['False'], 'ERT_TRIALS_MIN': ['1'], 'ERT_DRIVER': ['driver1'], 'ERT_RESULTS': ['OpenMP'], 'ERT_OPENMP': ['True'], 'ERT_OPENMP_THREADS': ['1,2,4,8'], 'ERT_KERNEL': ['kernel1'], 'ERT_GPU': [False], 'ERT_LD': ['cc'], 'ERT_NUM_EXPERIMENTS': ['1'], 'ERT_OPENMP_LDFLAGS': ['-fopenmp'], 'ERT_ALIGN': ['64'], 'ERT_GNUPLOT': ['gnuplot']}
