8 33554432 1187824.011 1187824.011 1187824.011 0.45197849768 0.45197849768 0.45197849768 0.45197849768 0.45197849768 0.45197849768
16 16777216 652646.065 652646.065 652646.065 0.822606525637 0.822606525637 0.822606525637 0.822606525637 0.822606525637 0.822606525637
24 8388608 295032.978 295032.978 295032.978 1.36477347966 1.36477347966 1.36477347966 1.36477347966 1.36477347966 1.36477347966
32 8388608 306921.005 306921.005 306921.005 1.74921528098 1.74921528098 1.74921528098 1.74921528098 1.74921528098 1.74921528098
40 4194304 150920.153 150920.153 150920.153 2.22332348152 2.22332348152 2.22332348152 2.22332348152 2.22332348152 2.22332348152
48 4194304 152876.854 152876.854 152876.854 2.63384007104 2.63384007104 2.63384007104 2.63384007104 2.63384007104 2.63384007104
56 4194304 152044.058 152044.058 152044.058 3.08964423983 3.08964423983 3.08964423983 3.08964423983 3.08964423983 3.08964423983
64 4194304 152839.184 152839.184 152839.184 3.51265230518 3.51265230518 3.51265230518 3.51265230518 3.51265230518 3.51265230518
72 2097152 77646.017 77646.017 77646.017 3.88931589369 3.88931589369 3.88931589369 3.88931589369 3.88931589369 3.88931589369
80 2097152 78268.051 78268.051 78268.051 4.28711735776 4.28711735776 4.28711735776 4.28711735776 4.28711735776 4.28711735776
88 2097152 77164.888 77164.888 77164.888 4.78324742725 4.78324742725 4.78324742725 4.78324742725 4.78324742725 4.78324742725
96 2097152 76821.089 76821.089 76821.089 5.24144071949 5.24144071949 5.24144071949 5.24144071949 5.24144071949 5.24144071949
104 2097152 76514.006 76514.006 76514.006 5.70101656944 5.70101656944 5.70101656944 5.70101656944 5.70101656944 5.70101656944
112 2097152 127410.173 127410.173 127410.173 3.68700580918 3.68700580918 3.68700580918 3.68700580918 3.68700580918 3.68700580918
120 2097152 76880.932 76880.932 76880.932 6.54670107277 6.54670107277 6.54670107277 6.54670107277 6.54670107277 6.54670107277
128 2097152 80057.144 80057.144 80057.144 6.70609623546 6.70609623546 6.70609623546 6.70609623546 6.70609623546 6.70609623546
136 1048576 38326.025 38326.025 38326.025 7.44174935961 7.44174935961 7.44174935961 7.44174935961 7.44174935961 7.44174935961
144 1048576 38712.025 38712.025 38712.025 7.80093234596 7.80093234596 7.80093234596 7.80093234596 7.80093234596 7.80093234596
152 1048576 39212.227 39212.227 39212.227 8.12927824783 8.12927824783 8.12927824783 8.12927824783 8.12927824783 8.12927824783
160 1048576 38847.923 38847.923 38847.923 8.63738120568 8.63738120568 8.63738120568 8.63738120568 8.63738120568 8.63738120568
176 1048576 41864.872 41864.872 41864.872 8.81643092089 8.81643092089 8.81643092089 8.81643092089 8.81643092089 8.81643092089
192 1048576 38964.033 38964.033 38964.033 10.3339709213 10.3339709213 10.3339709213 10.3339709213 10.3339709213 10.3339709213
208 1048576 40927.172 40927.172 40927.172 10.6581421262 10.6581421262 10.6581421262 10.6581421262 10.6581421262 10.6581421262
224 1048576 39993.048 39993.048 39993.048 11.7460926709 11.7460926709 11.7460926709 11.7460926709 11.7460926709 11.7460926709
240 1048576 54893.017 54893.017 54893.017 9.16904385124 9.16904385124 9.16904385124 9.16904385124 9.16904385124 9.16904385124
264 524288 21291.971 21291.971 21291.971 13.0013357617 13.0013357617 13.0013357617 13.0013357617 13.0013357617 13.0013357617
288 524288 21109.104 21109.104 21109.104 14.3061443063 14.3061443063 14.3061443063 14.3061443063 14.3061443063 14.3061443063
312 524288 27765.989 27765.989 27765.989 11.7826061229 11.7826061229 11.7826061229 11.7826061229 11.7826061229 11.7826061229
336 524288 27648.926 27648.926 27648.926 12.7426843271 12.7426843271 12.7426843271 12.7426843271 12.7426843271 12.7426843271
368 524288 29791.832 29791.832 29791.832 12.9524081634 12.9524081634 12.9524081634 12.9524081634 12.9524081634 12.9524081634
400 524288 32696.009 32696.009 32696.009 12.8281834031 12.8281834031 12.8281834031 12.8281834031 12.8281834031 12.8281834031
440 524288 36630.869 36630.869 36630.869 12.5952087023 12.5952087023 12.5952087023 12.5952087023 12.5952087023 12.5952087023
480 524288 34278.87 34278.87 34278.87 14.6829950929 14.6829950929 14.6829950929 14.6829950929 14.6829950929 14.6829950929
528 262144 20735.025 20735.025 20735.025 13.3505536646 13.3505536646 13.3505536646 13.3505536646 13.3505536646 13.3505536646
576 262144 20510.912 20510.912 20510.912 14.723376903 14.723376903 14.723376903 14.723376903 14.723376903 14.723376903
632 262144 24981.976 24981.976 24981.976 13.2635631385 13.2635631385 13.2635631385 13.2635631385 13.2635631385 13.2635631385
688 262144 26609.182 26609.182 26609.182 13.5558524121 13.5558524121 13.5558524121 13.5558524121 13.5558524121 13.5558524121
752 262144 28379.917 28379.917 28379.917 13.8923794597 13.8923794597 13.8923794597 13.8923794597 13.8923794597 13.8923794597
824 262144 31782.15 31782.15 31782.15 13.5929542841 13.5929542841 13.5929542841 13.5929542841 13.5929542841 13.5929542841
904 262144 33850.908 33850.908 33850.908 14.0012891826 14.0012891826 14.0012891826 14.0012891826 14.0012891826 14.0012891826
992 262144 36095.142 36095.142 36095.142 14.4089666138 14.4089666138 14.4089666138 14.4089666138 14.4089666138 14.4089666138
1088 131072 20447.016 20447.016 20447.016 13.9488653014 13.9488653014 13.9488653014 13.9488653014 13.9488653014 13.9488653014
1192 131072 21522.999 21522.999 21522.999 14.5182206253 14.5182206253 14.5182206253 14.5182206253 14.5182206253 14.5182206253
1304 131072 24492.979 24492.979 24492.979 13.9564801815 13.9564801815 13.9564801815 13.9564801815 13.9564801815 13.9564801815
1432 131072 26640.892 26640.892 26640.892 14.0907522166 14.0907522166 14.0907522166 14.0907522166 14.0907522166 14.0907522166
1568 131072 27673.006 27673.006 27673.006 14.8535288143 14.8535288143 14.8535288143 14.8535288143 14.8535288143 14.8535288143
1720 131072 31692.982 31692.982 31692.982 14.2267357486 14.2267357486 14.2267357486 14.2267357486 14.2267357486 14.2267357486
1888 131072 38501.024 38501.024 38501.024 12.8549274949 12.8549274949 12.8549274949 12.8549274949 12.8549274949 12.8549274949
2072 65536 19337.893 19337.893 19337.893 14.0439904182 14.0439904182 14.0439904182 14.0439904182 14.0439904182 14.0439904182
2272 65536 20390.034 20390.034 20390.034 14.6049576965 14.6049576965 14.6049576965 14.6049576965 14.6049576965 14.6049576965
2496 65536 22528.172 22528.172 22528.172 14.522070943 14.522070943 14.522070943 14.522070943 14.522070943 14.522070943
2744 65536 25017.977 25017.977 25017.977 14.3761251359 14.3761251359 14.3761251359 14.3761251359 14.3761251359 14.3761251359
3016 65536 31166.077 31166.077 31166.077 12.6840844294 12.6840844294 12.6840844294 12.6840844294 12.6840844294 12.6840844294
3312 65536 30070.066 30070.066 30070.066 14.4366315658 14.4366315658 14.4366315658 14.4366315658 14.4366315658 14.4366315658
3640 65536 32864.809 32864.809 32864.809 14.5171109925 14.5171109925 14.5171109925 14.5171109925 14.5171109925 14.5171109925
4000 65536 42088.032 42088.032 42088.032 12.4569378773 12.4569378773 12.4569378773 12.4569378773 12.4569378773 12.4569378773
4400 32768 19886.971 19886.971 19886.971 14.4998652635 14.4998652635 14.4998652635 14.4998652635 14.4998652635 14.4998652635
4840 32768 22314.072 22314.072 22314.072 14.2149868478 14.2149868478 14.2149868478 14.2149868478 14.2149868478 14.2149868478
5320 32768 25491.953 25491.953 25491.953 13.6769246358 13.6769246358 13.6769246358 13.6769246358 13.6769246358 13.6769246358
5848 32768 26543.14 26543.14 26543.14 14.4389295313 14.4389295313 14.4389295313 14.4389295313 14.4389295313 14.4389295313
6432 32768 28512.955 28512.955 28512.955 14.7837203124 14.7837203124 14.7837203124 14.7837203124 14.7837203124 14.7837203124
7072 32768 31167.03 31167.03 31167.03 14.8705408247 14.8705408247 14.8705408247 14.8705408247 14.8705408247 14.8705408247
7776 32768 34199.953 34199.953 34199.953 14.9008373199 14.9008373199 14.9008373199 14.9008373199 14.9008373199 14.9008373199
8552 16384 18871.069 18871.069 18871.069 14.8498177819 14.8498177819 14.8498177819 14.8498177819 14.8498177819 14.8498177819
9400 16384 20821.095 20821.095 20821.095 14.7936119594 14.7936119594 14.7936119594 14.7936119594 14.7936119594 14.7936119594
10336 16384 22689.104 22689.104 22689.104 14.9274315989 14.9274315989 14.9274315989 14.9274315989 14.9274315989 14.9274315989
11368 16384 35274.982 35274.982 35274.982 10.5600797755 10.5600797755 10.5600797755 10.5600797755 10.5600797755 10.5600797755
12504 16384 28345.108 28345.108 28345.108 14.4550894638 14.4550894638 14.4550894638 14.4550894638 14.4550894638 14.4550894638
13752 16384 31057.835 31057.835 31057.835 14.5092385223 14.5092385223 14.5092385223 14.5092385223 14.5092385223 14.5092385223
15120 16384 35712.004 35712.004 35712.004 13.8735468332 13.8735468332 13.8735468332 13.8735468332 13.8735468332 13.8735468332
16632 8192 34801.006 34801.006 34801.006 7.83019571331 7.83019571331 7.83019571331 7.83019571331 7.83019571331 7.83019571331
18288 8192 50318.956 50318.956 50318.956 5.9546265626 5.9546265626 5.9546265626 5.9546265626 5.9546265626 5.9546265626
20112 8192 22675.991 22675.991 22675.991 14.5314490555 14.5314490555 14.5314490555 14.5314490555 14.5314490555 14.5314490555
22120 8192 24621.01 24621.01 24621.01 14.7197080867 14.7197080867 14.7197080867 14.7197080867 14.7197080867 14.7197080867
24328 8192 31828.88 31828.88 31828.88 12.5229022196 12.5229022196 12.5229022196 12.5229022196 12.5229022196 12.5229022196
26760 8192 29711.962 29711.962 29711.962 14.7562062714 14.7562062714 14.7562062714 14.7562062714 14.7562062714 14.7562062714
29432 8192 33195.972 33195.972 33195.972 14.5262771037 14.5262771037 14.5262771037 14.5262771037 14.5262771037 14.5262771037
32368 8192 36211.014 36211.014 36211.014 14.6451936419 14.6451936419 14.6451936419 14.6451936419 14.6451936419 14.6451936419
35600 4096 19711.971 19711.971 19711.971 14.7948269607 14.7948269607 14.7948269607 14.7948269607 14.7948269607 14.7948269607
39160 4096 21708.965 21708.965 21708.965 14.7772461746 14.7772461746 14.7772461746 14.7772461746 14.7772461746 14.7772461746
43072 4096 23736.0 23736.0 23736.0 14.8654290529 14.8654290529 14.8654290529 14.8654290529 14.8654290529 14.8654290529
47376 4096 26402.95 26402.95 26402.95 14.6992738311 14.6992738311 14.6992738311 14.6992738311 14.6992738311 14.6992738311
52112 4096 28692.007 28692.007 28692.007 14.8787606249 14.8787606249 14.8787606249 14.8787606249 14.8787606249 14.8787606249
57320 4096 40031.91 40031.91 40031.91 11.7297785691 11.7297785691 11.7297785691 11.7297785691 11.7297785691 11.7297785691
63048 4096 36733.866 36733.866 36733.866 14.0603010857 14.0603010857 14.0603010857 14.0603010857 14.0603010857 14.0603010857
69352 2048 19140.959 19140.959 19140.959 14.840729349 14.840729349 14.840729349 14.840729349 14.840729349 14.840729349
76280 2048 21621.943 21621.943 21621.943 14.4502684148 14.4502684148 14.4502684148 14.4502684148 14.4502684148 14.4502684148
83904 2048 23379.803 23379.803 23379.803 14.6994730452 14.6994730452 14.6994730452 14.6994730452 14.6994730452 14.6994730452
92288 2048 27941.942 27941.942 27941.942 13.5284672769 13.5284672769 13.5284672769 13.5284672769 13.5284672769 13.5284672769
101512 2048 28448.105 28448.105 28448.105 14.6158470661 14.6158470661 14.6158470661 14.6158470661 14.6158470661 14.6158470661
111656 2048 33710.003 33710.003 33710.003 13.5669811717 13.5669811717 13.5669811717 13.5669811717 13.5669811717 13.5669811717
122816 2048 34469.843 34469.843 34469.843 14.5940419862 14.5940419862 14.5940419862 14.5940419862 14.5940419862 14.5940419862
135096 1024 26435.137 26435.137 26435.137 10.466244529 10.466244529 10.466244529 10.466244529 10.466244529 10.466244529
148600 1024 20951.033 20951.033 20951.033 14.5259090566 14.5259090566 14.5259090566 14.5259090566 14.5259090566 14.5259090566
163456 1024 30769.11 30769.11 30769.11 10.8796740627 10.8796740627 10.8796740627 10.8796740627 10.8796740627 10.8796740627
179800 1024 25198.936 25198.936 25198.936 14.6129344509 14.6129344509 14.6129344509 14.6129344509 14.6129344509 14.6129344509
197776 1024 27945.995 27945.995 27945.995 14.4938567405 14.4938567405 14.4938567405 14.4938567405 14.4938567405 14.4938567405
217552 1024 31587.839 31587.839 31587.839 14.1050008518 14.1050008518 14.1050008518 14.1050008518 14.1050008518 14.1050008518
239304 1024 33016.205 33016.205 33016.205 14.8440619387 14.8440619387 14.8440619387 14.8440619387 14.8440619387 14.8440619387
263232 512 18364.906 18364.906 18364.906 14.6774270448 14.6774270448 14.6774270448 14.6774270448 14.6774270448 14.6774270448
289552 512 19957.066 19957.066 19957.066 14.8569558271 14.8569558271 14.8569558271 14.8569558271 14.8569558271 14.8569558271
318504 512 23444.891 23444.891 23444.891 13.9112651878 13.9112651878 13.9112651878 13.9112651878 13.9112651878 13.9112651878
350352 512 35404.921 35404.921 35404.921 10.1330673213 10.1330673213 10.1330673213 10.1330673213 10.1330673213 10.1330673213
385384 512 27323.961 27323.961 27323.961 14.4427528644 14.4427528644 14.4427528644 14.4427528644 14.4427528644 14.4427528644
423920 512 30673.981 30673.981 30673.981 14.1518663652 14.1518663652 14.1518663652 14.1518663652 14.1518663652 14.1518663652
466312 512 42586.088 42586.088 42586.088 11.2126638164 11.2126638164 11.2126638164 11.2126638164 11.2126638164 11.2126638164
512936 512 50096.035 50096.035 50096.035 10.4847911417 10.4847911417 10.4847911417 10.4847911417 10.4847911417 10.4847911417
564224 256 19384.861 19384.861 19384.861 14.9024895252 14.9024895252 14.9024895252 14.9024895252 14.9024895252 14.9024895252
620640 256 21898.031 21898.031 21898.031 14.5112444128 14.5112444128 14.5112444128 14.5112444128 14.5112444128 14.5112444128
682704 256 23425.817 23425.817 23425.817 14.9213343552 14.9213343552 14.9213343552 14.9213343552 14.9213343552 14.9213343552
750968 256 25700.092 25700.092 25700.092 14.9608653541 14.9608653541 14.9608653541 14.9608653541 14.9608653541 14.9608653541
826064 256 31504.154 31504.154 31504.154 13.4250476302 13.4250476302 13.4250476302 13.4250476302 13.4250476302 13.4250476302
908664 256 31550.884 31550.884 31550.884 14.7455763205 14.7455763205 14.7455763205 14.7455763205 14.7455763205 14.7455763205
999528 256 34381.866 34381.866 34381.866 14.8845422177 14.8845422177 14.8845422177 14.8845422177 14.8845422177 14.8845422177
1099480 128 19014.12 19014.12 19014.12 14.8030453158 14.8030453158 14.8030453158 14.8030453158 14.8030453158 14.8030453158
1209424 128 20798.922 20798.922 20798.922 14.8859899566 14.8859899566 14.8859899566 14.8859899566 14.8859899566 14.8859899566
1330360 128 23118.019 23118.019 23118.019 14.7318920363 14.7318920363 14.7318920363 14.7318920363 14.7318920363 14.7318920363
1463392 128 25155.067 25155.067 25155.067 14.8927590612 14.8927590612 14.8927590612 14.8927590612 14.8927590612 14.8927590612
1609728 128 27817.011 27817.011 27817.011 14.8143295482 14.8143295482 14.8143295482 14.8143295482 14.8143295482 14.8143295482
1770696 128 30797.958 30797.958 30797.958 14.7184490608 14.7184490608 14.7184490608 14.7184490608 14.7184490608 14.7184490608
1947760 128 37817.955 37817.955 37817.955 13.1849160009 13.1849160009 13.1849160009 13.1849160009 13.1849160009 13.1849160009
2142536 64 18748.045 18748.045 18748.045 14.6279042962 14.6279042962 14.6279042962 14.6279042962 14.6279042962 14.6279042962
2356784 64 20783.901 20783.901 20783.901 14.514520253 14.514520253 14.514520253 14.514520253 14.514520253 14.514520253
2592456 64 22498.846 22498.846 22498.846 14.7489505906 14.7489505906 14.7489505906 14.7489505906 14.7489505906 14.7489505906
2851696 64 27337.074 27337.074 27337.074 13.3524563748 13.3524563748 13.3524563748 13.3524563748 13.3524563748 13.3524563748
3136864 64 27236.938 27236.938 27236.938 14.7416935046 14.7416935046 14.7416935046 14.7416935046 14.7416935046 14.7416935046
3450544 64 30236.006 30236.006 30236.006 14.607406547 14.607406547 14.607406547 14.607406547 14.607406547 14.607406547
3795592 64 34307.003 34307.003 34307.003 14.1614170145 14.1614170145 14.1614170145 14.1614170145 14.1614170145 14.1614170145
4175144 64 38463.116 38463.116 38463.116 13.894309343 13.894309343 13.894309343 13.894309343 13.894309343 13.894309343
4592656 32 32117.128 32117.128 32117.128 9.15181407254 9.15181407254 9.15181407254 9.15181407254 9.15181407254 9.15181407254
5051920 32 30184.031 30184.031 30184.031 10.711719717 10.711719717 10.711719717 10.711719717 10.711719717 10.711719717
5557112 32 38074.017 38074.017 38074.017 9.34115168357 9.34115168357 9.34115168357 9.34115168357 9.34115168357 9.34115168357
6112816 32 46139.956 46139.956 46139.956 8.47898996696 8.47898996696 8.47898996696 8.47898996696 8.47898996696 8.47898996696
6724096 32 52211.046 52211.046 52211.046 8.24235821669 8.24235821669 8.24235821669 8.24235821669 8.24235821669 8.24235821669
7396504 32 61017.99 61017.99 61017.99 7.75797852404 7.75797852404 7.75797852404 7.75797852404 7.75797852404 7.75797852404
8136152 32 67283.869 67283.869 67283.869 7.73905745521 7.73905745521 7.73905745521 7.73905745521 7.73905745521 7.73905745521
8949760 16 36518.097 36518.097 36518.097 7.84247656717 7.84247656717 7.84247656717 7.84247656717 7.84247656717 7.84247656717
9844736 16 39556.026 39556.026 39556.026 7.96418608887 7.96418608887 7.96418608887 7.96418608887 7.96418608887 7.96418608887
10829208 16 46247.005 46247.005 46247.005 7.49312644138 7.49312644138 7.49312644138 7.49312644138 7.49312644138 7.49312644138
11912128 16 47678.947 47678.947 47678.947 7.9948933436 7.9948933436 7.9948933436 7.9948933436 7.9948933436 7.9948933436
13103336 16 63379.049 63379.049 63379.049 6.61585742632 6.61585742632 6.61585742632 6.61585742632 6.61585742632 6.61585742632
14413664 16 59338.808 59338.808 59338.808 7.7729442762 7.7729442762 7.7729442762 7.7729442762 7.7729442762 7.7729442762
15855024 16 63638.926 63638.926 63638.926 7.97249105052 7.97249105052 7.97249105052 7.97249105052 7.97249105052 7.97249105052
17440520 8 34790.993 34790.993 34790.993 8.02070581889 8.02070581889 8.02070581889 8.02070581889 8.02070581889 8.02070581889
19184568 8 39016.962 39016.962 39016.962 7.86717038605 7.86717038605 7.86717038605 7.86717038605 7.86717038605 7.86717038605
21103024 8 47098.875 47098.875 47098.875 7.16892673126 7.16892673126 7.16892673126 7.16892673126 7.16892673126 7.16892673126
23213320 8 47196.15 47196.15 47196.15 7.86956393689 7.86956393689 7.86956393689 7.86956393689 7.86956393689 7.86956393689
25534648 8 62664.032 62664.032 62664.032 6.51975870305 6.51975870305 6.51975870305 6.51975870305 6.51975870305 6.51975870305
28088112 8 40330.887 40330.887 40330.887 11.1430673965 11.1430673965 11.1430673965 11.1430673965 11.1430673965 11.1430673965
30896920 8 43171.883 43171.883 43171.883 11.4507565028 11.4507565028 11.4507565028 11.4507565028 11.4507565028 11.4507565028
33986608 4 23550.987 23550.987 23550.987 11.5448606889 11.5448606889 11.5448606889 11.5448606889 11.5448606889 11.5448606889
37385264 4 25696.993 25696.993 25696.993 11.6387980493 11.6387980493 11.6387980493 11.6387980493 11.6387980493 11.6387980493
41123784 4 33475.876 33475.876 33475.876 9.827682239 9.827682239 9.827682239 9.827682239 9.827682239 9.827682239
45236160 4 32666.922 32666.922 32666.922 11.0781566748 11.0781566748 11.0781566748 11.0781566748 11.0781566748 11.0781566748
49759776 4 35720.11 35720.11 35720.11 11.1443723997 11.1443723997 11.1443723997 11.1443723997 11.1443723997 11.1443723997
54735752 4 38679.123 38679.123 38679.123 11.3209913265 11.3209913265 11.3209913265 11.3209913265 11.3209913265 11.3209913265
60209320 4 41922.092 41922.092 41922.092 11.4897548529 11.4897548529 11.4897548529 11.4897548529 11.4897548529 11.4897548529
66230248 4 46092.987 46092.987 46092.987 11.4950672214 11.4950672214 11.4950672214 11.4950672214 11.4950672214 11.4950672214
72853272 2 25152.922 25152.922 25152.922 11.5856554559 11.5856554559 11.5856554559 11.5856554559 11.5856554559 11.5856554559
80138592 2 27927.876 27927.876 27927.876 11.4779358087 11.4779358087 11.4779358087 11.4779358087 11.4779358087 11.4779358087
88152448 2 30863.047 30863.047 30863.047 11.4249831522 11.4249831522 11.4249831522 11.4249831522 11.4249831522 11.4249831522
96967688 2 45753.002 45753.002 45753.002 8.47749295227 8.47749295227 8.47749295227 8.47749295227 8.47749295227 8.47749295227
106664456 2 37133.932 37133.932 37133.932 11.4897023025 11.4897023025 11.4897023025 11.4897023025 11.4897023025 11.4897023025
117330896 2 41313.171 41313.171 41313.171 11.3601442988 11.3601442988 11.3601442988 11.3601442988 11.3601442988 11.3601442988
129063984 2 44823.885 44823.885 44823.885 11.5174295133 11.5174295133 11.5174295133 11.5174295133 11.5174295133 11.5174295133
141970376 1 25358.2 25358.2 25358.2 11.1971966464 11.1971966464 11.1971966464 11.1971966464 11.1971966464 11.1971966464
156167408 1 27652.979 27652.979 27652.979 11.2947981481 11.2947981481 11.2947981481 11.2947981481 11.2947981481 11.2947981481
171784144 1 43107.033 43107.033 43107.033 7.97012144167 7.97012144167 7.97012144167 7.97012144167 7.97012144167 7.97012144167
188962552 1 33524.99 33524.99 33524.99 11.2729371135 11.2729371135 11.2729371135 11.2729371135 11.2729371135 11.2729371135
207858800 1 36458.969 36458.969 36458.969 11.402341081 11.402341081 11.402341081 11.402341081 11.402341081 11.402341081
228644680 1 39758.921 39758.921 39758.921 11.5015535759 11.5015535759 11.5015535759 11.5015535759 11.5015535759 11.5015535759
251509144 1 43742.895 43742.895 43742.895 11.4994283757 11.4994283757 11.4994283757 11.4994283757 11.4994283757 11.4994283757

META_DATA
ERT_VERSION  1.1.0
UNAME  ('Linux', '5a481ab6924f', '5.4.72-microsoft-standard-WSL2', '#1 SMP Wed Oct 28 23:40:43 UTC 2020', 'x86_64', 'x86_64')
HOSTNAME  ('5a481ab6924f', [], ['172.17.0.4'])
OPENMP_THREADS 1
TIMESTAMP_DATA  1620609648.67
FLOPS          16
CONFIG  {'ERT_WORKING_SET_MIN': ['1'], 'ERT_CFLAGS': ['-Ofast', '-march=native'], 'ERT_CC': ['cc'], 'ERT_MPI_CFLAGS': [], 'ERT_MPI_LDFLAGS': [], 'ERT_MEMORY_MAX': ['268435456', '#', '256MB'], 'ERT_LDFLAGS': [], 'ERT_LDLIBS': [], 'ERT_RUN': ['export', 'OMP_NUM_THREADS=ERT_OPENMP_THREADS', ';', './ERT_CODE'], 'ERT_FLOPS': ['1,4,16,64'], 'ERT_OPENMP_CFLAGS': ['-fopenmp'], 'ERT_MPI': ['False'], 'ERT_TRIALS_MIN': ['1'], 'ERT_DRIVER': ['driver1'], 'ERT_RESULTS': ['OpenMP_2'], 'ERT_OPENMP': ['True'], 'ERT_OPENMP_THREADS': ['1,2'], 'ERT_KERNEL': ['kernel1'], 'ERT_GPU': [False], 'ERT_LD': ['cc'], 'ERT_NUM_EXPERIMENTS': ['1'], 'ERT_OPENMP_LDFLAGS': ['-fopenmp'], 'ERT_ALIGN': ['64'], 'ERT_GNUPLOT': ['gnuplot']}
