32 16777216 677803.993 677803.993 677803.993 1.58414797654 1.58414797654 1.58414797654 6.33659190615 6.33659190615 6.33659190615
64 8388608 359725.952 359725.952 359725.952 2.9848884075 2.9848884075 2.9848884075 11.93955363 11.93955363 11.93955363
96 4194304 202965.975 202965.975 202965.975 3.96769147144 3.96769147144 3.96769147144 15.8707658858 15.8707658858 15.8707658858
128 4194304 173411.131 173411.131 173411.131 6.1918852487 6.1918852487 6.1918852487 24.7675409948 24.7675409948 24.7675409948
160 2097152 86891.89 86891.89 86891.89 7.72325978869 7.72325978869 7.72325978869 30.8930391547 30.8930391547 30.8930391547
192 2097152 110702.991 110702.991 110702.991 7.27447705546 7.27447705546 7.27447705546 29.0979082218 29.0979082218 29.0979082218
224 2097152 151232.958 151232.958 151232.958 6.21242954198 6.21242954198 6.21242954198 24.8497181679 24.8497181679 24.8497181679
256 2097152 87805.986 87805.986 87805.986 12.2285720247 12.2285720247 12.2285720247 48.9142880988 48.9142880988 48.9142880988
288 1048576 62214.136 62214.136 62214.136 9.70807946284 9.70807946284 9.70807946284 38.8323178514 38.8323178514 38.8323178514
320 1048576 76115.131 76115.131 76115.131 8.81675734093 8.81675734093 8.81675734093 35.2670293637 35.2670293637 35.2670293637
352 1048576 91185.093 91185.093 91185.093 8.09559413401 8.09559413401 8.09559413401 32.382376536 32.382376536 32.382376536
384 1048576 59760.094 59760.094 59760.094 13.4756543054 13.4756543054 13.4756543054 53.9026172215 53.9026172215 53.9026172215
416 1048576 72112.083 72112.083 72112.083 12.0980450946 12.0980450946 12.0980450946 48.3921803784 48.3921803784 48.3921803784
448 1048576 90111.017 90111.017 90111.017 10.426295555 10.426295555 10.426295555 41.7051822198 41.7051822198 41.7051822198
480 1048576 105473.042 105473.042 105473.042 9.54398338108 9.54398338108 9.54398338108 38.1759335243 38.1759335243 38.1759335243
512 1048576 73932.886 73932.886 73932.886 14.5231964027 14.5231964027 14.5231964027 58.092785611 58.092785611 58.092785611
544 524288 46169.043 46169.043 46169.043 12.355147669 12.355147669 12.355147669 49.4205906759 49.4205906759 49.4205906759
576 524288 52811.146 52811.146 52811.146 11.4365966609 11.4365966609 11.4365966609 45.7463866435 45.7463866435 45.7463866435
608 524288 58760.166 58760.166 58760.166 10.8497686681 10.8497686681 10.8497686681 43.3990746725 43.3990746725 43.3990746725
640 524288 43704.033 43704.033 43704.033 15.3553023356 15.3553023356 15.3553023356 61.4212093424 61.4212093424 61.4212093424
704 524288 60089.827 60089.827 60089.827 12.2848998051 12.2848998051 12.2848998051 49.1395992203 49.1395992203 49.1395992203
768 524288 54606.915 54606.915 54606.915 14.7473331537 14.7473331537 14.7473331537 58.9893326147 58.9893326147 58.9893326147
832 524288 66489.935 66489.935 66489.935 13.1210119547 13.1210119547 13.1210119547 52.4840478187 52.4840478187 52.4840478187
896 524288 62472.105 62472.105 62472.105 15.0390977861 15.0390977861 15.0390977861 60.1563911445 60.1563911445 60.1563911445
960 524288 85788.012 85788.012 85788.012 11.7339583531 11.7339583531 11.7339583531 46.9358334122 46.9358334122 46.9358334122
1056 262144 32763.958 32763.958 32763.958 16.8980844134 16.8980844134 16.8980844134 67.5923376535 67.5923376535 67.5923376535
1152 262144 40637.016 40637.016 40637.016 14.8627983905 14.8627983905 14.8627983905 59.451193562 59.451193562 59.451193562
1248 262144 58194.876 58194.876 58194.876 11.2434542175 11.2434542175 11.2434542175 44.9738168701 44.9738168701 44.9738168701
1344 262144 57936.907 57936.907 57936.907 12.1622487027 12.1622487027 12.1622487027 48.6489948109 48.6489948109 48.6489948109
1472 262144 61175.108 61175.108 61175.108 12.615456862 12.615456862 12.615456862 50.4618274479 50.4618274479 50.4618274479
1600 262144 58239.222 58239.222 58239.222 14.4037088957 14.4037088957 14.4037088957 57.6148355828 57.6148355828 57.6148355828
1760 262144 73609.114 73609.114 73609.114 12.5357694157 12.5357694157 12.5357694157 50.1430776629 50.1430776629 50.1430776629
1920 262144 72522.879 72522.879 72522.879 13.8802123396 13.8802123396 13.8802123396 55.5208493584 55.5208493584 55.5208493584
2112 131072 38357.973 38357.973 38357.973 14.4337170267 14.4337170267 14.4337170267 57.7348681068 57.7348681068 57.7348681068
2304 131072 43042.898 43042.898 43042.898 14.0320425451 14.0320425451 14.0320425451 56.1281701804 56.1281701804 56.1281701804
2528 131072 41915.894 41915.894 41915.894 15.8102325576 15.8102325576 15.8102325576 63.2409302304 63.2409302304 63.2409302304
2752 131072 39180.994 39180.994 39180.994 18.4125060227 18.4125060227 18.4125060227 73.6500240908 73.6500240908 73.6500240908
3008 131072 64423.084 64423.084 64423.084 12.2398541492 12.2398541492 12.2398541492 48.9594165967 48.9594165967 48.9594165967
3296 131072 72056.055 72056.055 72056.055 11.991034258 11.991034258 11.991034258 47.9641370319 47.9641370319 47.9641370319
3616 131072 69560.051 69560.051 69560.051 13.6272571738 13.6272571738 13.6272571738 54.5090286952 54.5090286952 54.5090286952
3968 131072 69106.102 69106.102 69106.102 15.0520339289 15.0520339289 15.0520339289 60.2081357157 60.2081357157 60.2081357157
4352 65536 38002.014 38002.014 38002.014 15.0103977121 15.0103977121 15.0103977121 60.0415908483 60.0415908483 60.0415908483
4768 65536 47892.094 47892.094 47892.094 13.0491537079 13.0491537079 13.0491537079 52.1966148317 52.1966148317 52.1966148317
5216 65536 47027.111 47027.111 47027.111 14.5378173879 14.5378173879 14.5378173879 58.1512695517 58.1512695517 58.1512695517
5728 65536 54141.998 54141.998 54141.998 13.8668768005 13.8668768005 13.8668768005 55.4675072021 55.4675072021 55.4675072021
6272 65536 55997.133 55997.133 55997.133 14.6808156053 14.6808156053 14.6808156053 58.7232624213 58.7232624213 58.7232624213
6880 65536 57038.784 57038.784 57038.784 15.8098629873 15.8098629873 15.8098629873 63.239451949 63.239451949 63.239451949
7552 65536 75803.995 75803.995 75803.995 13.0580946822 13.0580946822 13.0580946822 52.2323787289 52.2323787289 52.2323787289
8288 32768 42095.184 42095.184 42095.184 12.9031950068 12.9031950068 12.9031950068 51.6127800273 51.6127800273 51.6127800273
9088 32768 43843.031 43843.031 43843.031 13.5846257527 13.5846257527 13.5846257527 54.3385030109 54.3385030109 54.3385030109
9984 32768 50059.08 50059.08 50059.08 13.0707840416 13.0707840416 13.0707840416 52.2831361663 52.2831361663 52.2831361663
10976 32768 56470.871 56470.871 56470.871 12.737950084 12.737950084 12.737950084 50.9518003361 50.9518003361 50.9518003361
12064 32768 57727.098 57727.098 57727.098 13.6959301852 13.6959301852 13.6959301852 54.7837207406 54.7837207406 54.7837207406
13248 32768 53128.958 53128.958 53128.958 16.341764655 16.341764655 16.341764655 65.3670586199 65.3670586199 65.3670586199
14560 32768 75004.101 75004.101 75004.101 12.7220264929 12.7220264929 12.7220264929 50.8881059717 50.8881059717 50.8881059717
16000 32768 64002.037 64002.037 64002.037 16.3834785446 16.3834785446 16.3834785446 65.5339141784 65.5339141784 65.5339141784
17600 16384 41652.918 41652.918 41652.918 13.8457718616 13.8457718616 13.8457718616 55.3830874466 55.3830874466 55.3830874466
19360 16384 45768.976 45768.976 45768.976 13.8606657925 13.8606657925 13.8606657925 55.4426631699 55.4426631699 55.4426631699
21280 16384 52869.081 52869.081 52869.081 13.1892407965 13.1892407965 13.1892407965 52.7569631861 52.7569631861 52.7569631861
23392 16384 57532.072 57532.072 57532.072 13.3231609666 13.3231609666 13.3231609666 53.2926438665 53.2926438665 53.2926438665
25728 16384 62518.12 62518.12 62518.12 13.4849721009 13.4849721009 13.4849721009 53.9398884036 53.9398884036 53.9398884036
28288 16384 63432.932 63432.932 63432.932 14.6129329794 14.6129329794 14.6129329794 58.4517319174 58.4517319174 58.4517319174
31104 16384 72962.046 72962.046 72962.046 13.9691240566 13.9691240566 13.9691240566 55.8764962265 55.8764962265 55.8764962265
34208 8192 38597.822 38597.822 38597.822 14.5206087535 14.5206087535 14.5206087535 58.0824350141 58.0824350141 58.0824350141
37600 8192 45022.964 45022.964 45022.964 13.6827597579 13.6827597579 13.6827597579 54.7310390315 54.7310390315 54.7310390315
41344 8192 37055.969 37055.969 37055.969 18.279918574 18.279918574 18.279918574 73.1196742959 73.1196742959 73.1196742959
45472 8192 50755.978 50755.978 50755.978 14.6783349934 14.6783349934 14.6783349934 58.7133399735 58.7133399735 58.7133399735
50016 8192 54579.02 54579.02 54579.02 15.0142333813 15.0142333813 15.0142333813 60.056933525 60.056933525 60.056933525
55008 8192 69420.099 69420.099 69420.099 12.9825667924 12.9825667924 12.9825667924 51.9302671695 51.9302671695 51.9302671695
60480 8192 68327.188 68327.188 68327.188 14.5023430497 14.5023430497 14.5023430497 58.009372199 58.009372199 58.009372199
66528 4096 41414.976 41414.976 41414.976 13.1594275462 13.1594275462 13.1594275462 52.6377101848 52.6377101848 52.6377101848
73152 4096 44520.14 44520.14 44520.14 13.4604514721 13.4604514721 13.4604514721 53.8418058883 53.8418058883 53.8418058883
80448 4096 50803.9 50803.9 50803.9 12.9720359264 12.9720359264 12.9720359264 51.8881437055 51.8881437055 51.8881437055
88480 4096 55871.01 55871.01 55871.01 12.973242474 12.973242474 12.973242474 51.8929698962 51.8929698962 51.8929698962
97312 4096 54640.055 54640.055 54640.055 14.5896614489 14.5896614489 14.5896614489 58.3586457957 58.3586457957 58.3586457957
107040 4096 66032.171 66032.171 66032.171 13.2794616127 13.2794616127 13.2794616127 53.1178464509 53.1178464509 53.1178464509
117728 4096 63961.029 63961.029 63961.029 15.0783655466 15.0783655466 15.0783655466 60.3134621865 60.3134621865 60.3134621865
129472 4096 74459.076 74459.076 74459.076 14.2445311032 14.2445311032 14.2445311032 56.9781244129 56.9781244129 56.9781244129
142400 2048 42554.855 42554.855 42554.855 13.7063185857 13.7063185857 13.7063185857 54.825274343 54.825274343 54.825274343
156640 2048 48465.014 48465.014 48465.014 13.2383628322 13.2383628322 13.2383628322 52.9534513288 52.9534513288 52.9534513288
172288 2048 52658.081 52658.081 52658.081 13.4013931879 13.4013931879 13.4013931879 53.6055727515 53.6055727515 53.6055727515
189504 2048 53503.036 53503.036 53503.036 14.5077446446 14.5077446446 14.5077446446 58.0309785785 58.0309785785 58.0309785785
208448 2048 63909.054 63909.054 63909.054 13.3596564894 13.3596564894 13.3596564894 53.4386259574 53.4386259574 53.4386259574
229280 2048 69560.051 69560.051 69560.051 13.5010090778 13.5010090778 13.5010090778 54.004036311 54.004036311 54.004036311
252192 2048 62774.897 62774.897 62774.897 16.4552788036 16.4552788036 16.4552788036 65.8211152143 65.8211152143 65.8211152143
277408 1024 31152.964 31152.964 31152.964 18.2368388446 18.2368388446 18.2368388446 72.9473553784 72.9473553784 72.9473553784
305120 1024 47755.957 47755.957 47755.957 13.0849803722 13.0849803722 13.0849803722 52.3399214887 52.3399214887 52.3399214887
335616 1024 52601.099 52601.099 52601.099 13.0670571731 13.0670571731 13.0670571731 52.2682286923 52.2682286923 52.2682286923
369152 1024 52751.064 52751.064 52751.064 14.3319061015 14.3319061015 14.3319061015 57.3276244058 57.3276244058 57.3276244058
406048 1024 56138.992 56138.992 56138.992 14.8129895884 14.8129895884 14.8129895884 59.2519583537 59.2519583537 59.2519583537
446624 1024 70670.128 70670.128 70670.128 12.9430351676 12.9430351676 12.9430351676 51.7721406702 51.7721406702 51.7721406702
491264 1024 77263.117 77263.117 77263.117 13.0218493774 13.0218493774 13.0218493774 52.0873975095 52.0873975095 52.0873975095
540384 512 42469.978 42469.978 42469.978 13.0292795537 13.0292795537 13.0292795537 52.1171182147 52.1171182147 52.1171182147
594400 512 43470.86 43470.86 43470.86 14.001692168 14.001692168 14.001692168 56.0067686722 56.0067686722 56.0067686722
653824 512 46087.98 46087.98 46087.98 14.5269064949 14.5269064949 14.5269064949 58.1076259797 58.1076259797 58.1076259797
719200 512 57001.114 57001.114 57001.114 12.9201124034 12.9201124034 12.9201124034 51.6804496137 51.6804496137 51.6804496137
791104 512 56179.047 56179.047 56179.047 14.4197977584 14.4197977584 14.4197977584 57.6791910336 57.6791910336 57.6791910336
870208 512 57480.097 57480.097 57480.097 15.5026354949 15.5026354949 15.5026354949 62.0105419794 62.0105419794 62.0105419794
957216 512 70104.837 70104.837 70104.837 13.9817625423 13.9817625423 13.9817625423 55.9270501692 55.9270501692 55.9270501692
1052928 256 41360.855 41360.855 41360.855 13.0340423572 13.0340423572 13.0340423572 52.1361694288 52.1361694288 52.1361694288
1158208 256 45518.16 45518.16 45518.16 13.0278222143 13.0278222143 13.0278222143 52.111288857 52.111288857 52.111288857
1274016 256 45433.998 45433.998 45433.998 14.3570062225 14.3570062225 14.3570062225 57.4280248901 57.4280248901 57.4280248901
1401408 256 53225.994 53225.994 53225.994 13.4806481209 13.4806481209 13.4806481209 53.9225924837 53.9225924837 53.9225924837
1541536 256 53406.954 53406.954 53406.954 14.7783457562 14.7783457562 14.7783457562 59.113383025 59.113383025 59.113383025
1695680 256 63971.043 63971.043 63971.043 13.571580504 13.571580504 13.571580504 54.286322016 54.286322016 54.286322016
1865248 256 74382.067 74382.067 74382.067 12.8392099671 12.8392099671 12.8392099671 51.3568398684 51.3568398684 51.3568398684
2051744 256 76987.982 76987.982 76987.982 13.6448949656 13.6448949656 13.6448949656 54.5795798622 54.5795798622 54.5795798622
2256896 128 42769.194 42769.194 42769.194 13.50891429 13.50891429 13.50891429 54.0356571602 54.0356571602 54.0356571602
2482560 128 45754.91 45754.91 45754.91 13.8899925713 13.8899925713 13.8899925713 55.5599702852 55.5599702852 55.5599702852
2730816 128 53333.044 53333.044 53333.044 13.1079879108 13.1079879108 13.1079879108 52.4319516433 52.4319516433 52.4319516433
3003872 128 57463.884 57463.884 57463.884 13.3821659531 13.3821659531 13.3821659531 53.5286638126 53.5286638126 53.5286638126
3304256 128 65438.032 65438.032 65438.032 12.9265735864 12.9265735864 12.9265735864 51.7062943458 51.7062943458 51.7062943458
3634656 128 71542.978 71542.978 71542.978 13.0057758569 13.0057758569 13.0057758569 52.0231034274 52.0231034274 52.0231034274
3998112 128 76429.129 76429.129 76429.129 13.3917092265 13.3917092265 13.3917092265 53.5668369059 53.5668369059 53.5668369059
4397920 64 38851.976 38851.976 38851.976 14.4891925188 14.4891925188 14.4891925188 57.9567700752 57.9567700752 57.9567700752
4837696 64 48680.067 48680.067 48680.067 12.720300652 12.720300652 12.720300652 50.881202608 50.881202608 50.881202608
5321440 64 51978.111 51978.111 51978.111 13.1044454463 13.1044454463 13.1044454463 52.4177817851 52.4177817851 52.4177817851
5853568 64 55100.918 55100.918 55100.918 13.5978987501 13.5978987501 13.5978987501 54.3915950003 54.3915950003 54.3915950003
6438912 64 63386.202 63386.202 63386.202 13.0025259441 13.0025259441 13.0025259441 52.0101037762 52.0101037762 52.0101037762
7082784 64 74911.118 74911.118 74911.118 12.1022937076 12.1022937076 12.1022937076 48.4091748304 48.4091748304 48.4091748304
7791040 64 63791.037 63791.037 63791.037 15.633122879 15.633122879 15.633122879 62.532491516 62.532491516 62.532491516
8570144 32 37801.027 37801.027 37801.027 14.5099024955 14.5099024955 14.5099024955 58.039609982 58.039609982 58.039609982
9427136 32 32852.888 32852.888 32852.888 18.3647995878 18.3647995878 18.3647995878 73.4591983511 73.4591983511 73.4591983511
10369824 32 46234.846 46234.846 46234.846 14.3542975357 14.3542975357 14.3542975357 57.4171901427 57.4171901427 57.4171901427
11406784 32 51410.913 51410.913 51410.913 14.1999846608 14.1999846608 14.1999846608 56.7999386434 56.7999386434 56.7999386434
12547456 32 56550.026 56550.026 56550.026 14.2004741784 14.2004741784 14.2004741784 56.8018967135 56.8018967135 56.8018967135
13802176 32 67353.964 67353.964 67353.964 13.1148816126 13.1148816126 13.1148816126 52.4595264504 52.4595264504 52.4595264504
15182368 32 74714.899 74714.899 74714.899 13.005057425 13.005057425 13.005057425 52.0202297001 52.0202297001 52.0202297001
16700576 32 72582.006 72582.006 72582.006 14.7259206917 14.7259206917 14.7259206917 58.9036827668 58.9036827668 58.9036827668
18370624 16 43435.812 43435.812 43435.812 13.533992826 13.533992826 13.533992826 54.135971304 54.135971304 54.135971304
20207680 16 49417.973 49417.973 49417.973 13.0852343944 13.0852343944 13.0852343944 52.3409375775 52.3409375775 52.3409375775
22228448 16 55903.912 55903.912 55903.912 12.7238025131 12.7238025131 12.7238025131 50.8952100526 50.8952100526 50.8952100526
24451264 16 53683.996 53683.996 53683.996 14.5749293328 14.5749293328 14.5749293328 58.299717331 58.299717331 58.299717331
26896384 16 68050.146 68050.146 68050.146 12.6477948776 12.6477948776 12.6477948776 50.5911795105 50.5911795105 50.5911795105
29586016 16 67521.095 67521.095 67521.095 14.021581137 14.021581137 14.021581137 56.0863245479 56.0863245479 56.0863245479
32544608 16 70317.03 70317.03 70317.03 14.8104585191 14.8104585191 14.8104585191 59.2418340763 59.2418340763 59.2418340763
35799040 8 45774.937 45774.937 45774.937 12.5130623337 12.5130623337 12.5130623337 50.0522493346 50.0522493346 50.0522493346
39378944 8 46356.916 46356.916 46356.916 13.591566445 13.591566445 13.591566445 54.3662657801 54.3662657801 54.3662657801
43316832 8 52490.95 52490.95 52490.95 13.2035962771 13.2035962771 13.2035962771 52.8143851083 52.8143851083 52.8143851083
47648512 8 54338.932 54338.932 54338.932 14.0300179621 14.0300179621 14.0300179621 56.1200718483 56.1200718483 56.1200718483
52413344 8 57938.099 57938.099 57938.099 14.4743013401 14.4743013401 14.4743013401 57.8972053605 57.8972053605 57.8972053605
57654656 8 71842.909 71842.909 71842.909 12.84016069 12.84016069 12.84016069 51.3606427602 51.3606427602 51.3606427602
63420096 8 64204.931 64204.931 64204.931 15.8044175143 15.8044175143 15.8044175143 63.2176700571 63.2176700571 63.2176700571
69762080 4 38536.072 38536.072 38536.072 14.4824475105 14.4824475105 14.4824475105 57.9297900419 57.9297900419 57.9297900419
76738272 4 47865.152 47865.152 47865.152 12.8257437896 12.8257437896 12.8257437896 51.3029751582 51.3029751582 51.3029751582
84412096 4 51786.9 51786.9 51786.9 13.0399148819 13.0399148819 13.0399148819 52.1596595278 52.1596595278 52.1596595278
92853280 4 51429.987 51429.987 51429.987 14.4434459997 14.4434459997 14.4434459997 57.7737839988 57.7737839988 57.7737839988
102138592 4 54049.015 54049.015 54049.015 15.1179209464 15.1179209464 15.1179209464 60.4716837855 60.4716837855 60.4716837855
112352448 4 65074.921 65074.921 65074.921 13.8120733792 13.8120733792 13.8120733792 55.2482935169 55.2482935169 55.2482935169
123587680 4 75125.217 75125.217 75125.217 13.1607132662 13.1607132662 13.1607132662 52.6428530649 52.6428530649 52.6428530649
135946432 2 37835.836 37835.836 37835.836 14.3722403279 14.3722403279 14.3722403279 57.4889613117 57.4889613117 57.4889613117
149541056 2 46800.852 46800.852 46800.852 12.7810541569 12.7810541569 12.7810541569 51.1242166275 51.1242166275 51.1242166275
164495136 2 51769.018 51769.018 51769.018 12.7099290158 12.7099290158 12.7099290158 50.8397160634 50.8397160634 50.8397160634
180944640 2 55268.049 55268.049 55268.049 13.0957863195 13.0957863195 13.0957863195 52.383145278 52.383145278 52.383145278
199039104 2 56318.998 56318.998 56318.998 14.1365515061 14.1365515061 14.1365515061 56.5462060245 56.5462060245 56.5462060245
218943008 2 59112.072 59112.072 59112.072 14.815451436 14.815451436 14.815451436 59.2618057442 59.2618057442 59.2618057442
240837280 2 71403.98 71403.98 71403.98 13.4915325448 13.4915325448 13.4915325448 53.9661301793 53.9661301793 53.9661301793
264920992 2 80724.955 80724.955 80724.955 13.1270927063 13.1270927063 13.1270927063 52.5083708254 52.5083708254 52.5083708254
291413088 1 46360.016 46360.016 46360.016 12.5717423393 12.5717423393 12.5717423393 50.2869693574 50.2869693574 50.2869693574
320554368 1 50323.009 50323.009 50323.009 12.7398728482 12.7398728482 12.7398728482 50.9594913929 50.9594913929 50.9594913929
352609792 1 54391.146 54391.146 54391.146 12.965705558 12.965705558 12.965705558 51.8628222321 51.8628222321 51.8628222321
387870752 1 61614.037 61614.037 61614.037 12.5903372311 12.5903372311 12.5903372311 50.3613489244 50.3613489244 50.3613489244
426657824 1 67950.01 67950.01 67950.01 12.5579914999 12.5579914999 12.5579914999 50.2319659997 50.2319659997 50.2319659997
469323584 1 73668.003 73668.003 73668.003 12.7415856244 12.7415856244 12.7415856244 50.9663424974 50.9663424974 50.9663424974
516255936 1 79196.93 79196.93 79196.93 13.0372714195 13.0372714195 13.0372714195 52.1490856779 52.1490856779 52.1490856779

META_DATA
ERT_VERSION  1.1.0
HOSTNAME  ('e828f4ff7df7', [], ['172.17.0.2'])
CONFIG  {'ERT_WORKING_SET_MIN': ['1'], 'ERT_CFLAGS': ['-Ofast', '-march=native'], 'ERT_CC': ['cc'], 'ERT_MPI_CFLAGS': [], 'ERT_MPI_LDFLAGS': [], 'ERT_MEMORY_MAX': ['536870912', '#', '512MB'], 'ERT_LDFLAGS': [], 'ERT_LDLIBS': [], 'ERT_RUN': ['export', 'OMP_NUM_THREADS=ERT_OPENMP_THREADS', ';', './ERT_CODE'], 'ERT_FLOPS': ['1,4,16,64'], 'ERT_OPENMP_CFLAGS': ['-fopenmp'], 'ERT_MPI': ['False'], 'ERT_TRIALS_MIN': ['1'], 'ERT_DRIVER': ['driver1'], 'ERT_RESULTS': ['OpenMP_4'], 'ERT_OPENMP': ['True'], 'ERT_OPENMP_THREADS': ['1,2,4'], 'ERT_KERNEL': ['kernel1'], 'ERT_GPU': [False], 'ERT_LD': ['cc'], 'ERT_NUM_EXPERIMENTS': ['1'], 'ERT_OPENMP_LDFLAGS': ['-fopenmp'], 'ERT_ALIGN': ['64'], 'ERT_GNUPLOT': ['gnuplot']}
OPENMP_THREADS 4
UNAME  ('Linux', 'e828f4ff7df7', '5.4.72-microsoft-standard-WSL2', '#1 SMP Wed Oct 28 23:40:43 UTC 2020', 'x86_64', 'x86_64')
FLOPS          64
TIMESTAMP_DATA  1620700673.33
