8 67108864 2707747.936 2707747.936 2707747.936 0.396544231361 0.396544231361 0.396544231361 1.58617692544 1.58617692544 1.58617692544
16 33554432 1375527.143 1375527.143 1375527.143 0.780603879367 0.780603879367 0.780603879367 3.12241551747 3.12241551747 3.12241551747
24 16777216 697987.08 697987.08 697987.08 1.15375540762 1.15375540762 1.15375540762 4.61502163049 4.61502163049 4.61502163049
32 16777216 690434.933 690434.933 690434.933 1.55516729047 1.55516729047 1.55516729047 6.22066916188 6.22066916188 6.22066916188
40 8388608 343889.952 343889.952 343889.952 1.95146335651 1.95146335651 1.95146335651 7.80585342604 7.80585342604 7.80585342604
48 8388608 347605.228 347605.228 347605.228 2.3167268589 2.3167268589 2.3167268589 9.26690743558 9.26690743558 9.26690743558
56 8388608 448666.096 448666.096 448666.096 2.09403853863 2.09403853863 2.09403853863 8.37615415451 8.37615415451 8.37615415451
64 8388608 349486.828 349486.828 349486.828 3.07233846307 3.07233846307 3.07233846307 12.2893538523 12.2893538523 12.2893538523
72 4194304 172581.196 172581.196 172581.196 3.49968472811 3.49968472811 3.49968472811 13.9987389124 13.9987389124 13.9987389124
80 4194304 219078.064 219078.064 219078.064 3.0632397774 3.0632397774 3.0632397774 12.2529591096 12.2529591096 12.2529591096
88 4194304 277821.064 277821.064 277821.064 2.65709695792 2.65709695792 2.65709695792 10.6283878317 10.6283878317 10.6283878317
96 4194304 173597.813 173597.813 173597.813 4.63892000759 4.63892000759 4.63892000759 18.5556800304 18.5556800304 18.5556800304
104 4194304 227363.11 227363.11 227363.11 3.8371010671 3.8371010671 3.8371010671 15.3484042684 15.3484042684 15.3484042684
112 4194304 275316.954 275316.954 275316.954 3.41251812629 3.41251812629 3.41251812629 13.6500725052 13.6500725052 13.6500725052
120 4194304 330781.937 330781.937 330781.937 3.04319204709 3.04319204709 3.04319204709 12.1727681884 12.1727681884 12.1727681884
128 4194304 219868.898 219868.898 219868.898 4.88355485367 4.88355485367 4.88355485367 19.5342194147 19.5342194147 19.5342194147
136 2097152 138610.125 138610.125 138610.125 4.11532234027 4.11532234027 4.11532234027 16.4612893611 16.4612893611 16.4612893611
144 2097152 162589.073 162589.073 162589.073 3.71476240596 3.71476240596 3.71476240596 14.8590496238 14.8590496238 14.8590496238
152 2097152 190280.914 190280.914 190280.914 3.35048951888 3.35048951888 3.35048951888 13.4019580755 13.4019580755 13.4019580755
160 2097152 134539.127 134539.127 134539.127 4.98805555651 4.98805555651 4.98805555651 19.952222226 19.952222226 19.952222226
176 2097152 200962.067 200962.067 200962.067 3.67331763163 3.67331763163 3.67331763163 14.6932705265 14.6932705265 14.6932705265
192 2097152 163520.813 163520.813 163520.813 4.92479430126 4.92479430126 4.92479430126 19.699177205 19.699177205 19.699177205
208 2097152 232240.915 232240.915 232240.915 3.75650962278 3.75650962278 3.75650962278 15.0260384911 15.0260384911 15.0260384911
224 2097152 200453.997 200453.997 200453.997 4.6869811032 4.6869811032 4.6869811032 18.7479244128 18.7479244128 18.7479244128
240 2097152 250778.913 250778.913 250778.913 4.01402553332 4.01402553332 4.01402553332 16.0561021333 16.0561021333 16.0561021333
264 1048576 122128.963 122128.963 122128.963 4.53330736952 4.53330736952 4.53330736952 18.1332294781 18.1332294781 18.1332294781
288 1048576 122033.119 122033.119 122033.119 4.94931032616 4.94931032616 4.94931032616 19.7972413046 19.7972413046 19.7972413046
312 1048576 161200.047 161200.047 161200.047 4.05900268751 4.05900268751 4.05900268751 16.23601075 16.23601075 16.23601075
336 1048576 160812.855 160812.855 160812.855 4.3817583613 4.3817583613 4.3817583613 17.5270334452 17.5270334452 17.5270334452
368 1048576 174829.006 174829.006 174829.006 4.414324337 4.414324337 4.414324337 17.657297348 17.657297348 17.657297348
400 1048576 188536.882 188536.882 188536.882 4.44931936447 4.44931936447 4.44931936447 17.7972774579 17.7972774579 17.7972774579
440 1048576 218357.086 218357.086 218357.086 4.22586185273 4.22586185273 4.22586185273 16.9034474109 16.9034474109 16.9034474109
480 1048576 229976.892 229976.892 229976.892 4.3771048093 4.3771048093 4.3771048093 17.5084192372 17.5084192372 17.5084192372
528 524288 128370.047 128370.047 128370.047 4.31290741835 4.31290741835 4.31290741835 17.2516296734 17.2516296734 17.2516296734
576 524288 130132.914 130132.914 130132.914 4.64125298846 4.64125298846 4.64125298846 18.5650119539 18.5650119539 18.5650119539
632 524288 155375.957 155375.957 155375.957 4.26513885929 4.26513885929 4.26513885929 17.0605554372 17.0605554372 17.0605554372
688 524288 155119.896 155119.896 155119.896 4.65072699636 4.65072699636 4.65072699636 18.6029079854 18.6029079854 18.6029079854
752 524288 169137.001 169137.001 169137.001 4.6620736287 4.6620736287 4.6620736287 18.6482945148 18.6482945148 18.6482945148
824 524288 191777.945 191777.945 191777.945 4.50534926735 4.50534926735 4.50534926735 18.0213970694 18.0213970694 18.0213970694
904 524288 199272.156 199272.156 199272.156 4.75687483403 4.75687483403 4.75687483403 19.0274993361 19.0274993361 19.0274993361
992 524288 213629.007 213629.007 213629.007 4.86912993047 4.86912993047 4.86912993047 19.4765197219 19.4765197219 19.4765197219
1088 262144 114464.045 114464.045 114464.045 4.9834456226 4.9834456226 4.9834456226 19.9337824904 19.9337824904 19.9337824904
1192 262144 128139.973 128139.973 128139.973 4.87709870206 4.87709870206 4.87709870206 19.5083948082 19.5083948082 19.5083948082
1304 262144 146364.927 146364.927 146364.927 4.67100668181 4.67100668181 4.67100668181 18.6840267273 18.6840267273 18.6840267273
1432 262144 161187.172 161187.172 161187.172 4.65781740994 4.65781740994 4.65781740994 18.6312696397 18.6312696397 18.6312696397
1568 262144 167021.036 167021.036 167021.036 4.9220361919 4.9220361919 4.9220361919 19.6881447676 19.6881447676 19.6881447676
1720 262144 189658.165 189658.165 189658.165 4.75474050906 4.75474050906 4.75474050906 19.0189620363 19.0189620363 19.0189620363
1888 262144 202674.866 202674.866 202674.866 4.88395904009 4.88395904009 4.88395904009 19.5358361604 19.5358361604 19.5358361604
2072 131072 113298.893 113298.893 113298.893 4.79406597556 4.79406597556 4.79406597556 19.1762639022 19.1762639022 19.1762639022
2272 131072 124747.992 124747.992 124747.992 4.77435474873 4.77435474873 4.77435474873 19.0974189949 19.0974189949 19.0974189949
2496 131072 131679.058 131679.058 131679.058 4.96898621495 4.96898621495 4.96898621495 19.8759448598 19.8759448598 19.8759448598
2744 131072 150367.975 150367.975 150367.975 4.78375223182 4.78375223182 4.78375223182 19.1350089273 19.1350089273 19.1350089273
3016 131072 162437.916 162437.916 162437.916 4.86725219991 4.86725219991 4.86725219991 19.4690087996 19.4690087996 19.4690087996
3312 131072 177088.022 177088.022 177088.022 4.90276484087 4.90276484087 4.90276484087 19.6110593635 19.6110593635 19.6110593635
3640 131072 197023.153 197023.153 197023.153 4.84310673883 4.84310673883 4.84310673883 19.3724269553 19.3724269553 19.3724269553
4000 131072 211920.023 211920.023 211920.023 4.94797983294 4.94797983294 4.94797983294 19.7919193318 19.7919193318 19.7919193318
4400 65536 117348.909 117348.909 117348.909 4.91454760777 4.91454760777 4.91454760777 19.6581904311 19.6581904311 19.6581904311
4840 65536 129438.877 129438.877 129438.877 4.90106600662 4.90106600662 4.90106600662 19.6042640265 19.6042640265 19.6042640265
5320 65536 140414.0 140414.0 140414.0 4.96605067871 4.96605067871 4.96605067871 19.8642027148 19.8642027148 19.8642027148
5848 65536 157400.131 157400.131 157400.131 4.8698120588 4.8698120588 4.8698120588 19.4792482352 19.4792482352 19.4792482352
6432 65536 166662.931 166662.931 166662.931 5.05844400396 5.05844400396 5.05844400396 20.2337760159 20.2337760159 20.2337760159
7072 65536 185871.84 185871.84 185871.84 4.98699095032 4.98699095032 4.98699095032 19.9479638013 19.9479638013 19.9479638013
7776 65536 204178.095 204178.095 204178.095 4.99179832195 4.99179832195 4.99179832195 19.9671932878 19.9671932878 19.9671932878
8552 32768 113734.007 113734.007 113734.007 4.92784776325 4.92784776325 4.92784776325 19.711391053 19.711391053 19.711391053
9400 32768 143326.044 143326.044 143326.044 4.29816091205 4.29816091205 4.29816091205 17.1926436482 17.1926436482 17.1926436482
10336 32768 133922.1 133922.1 133922.1 5.05801578679 5.05801578679 5.05801578679 20.2320631472 20.2320631472 20.2320631472
11368 32768 150616.884 150616.884 150616.884 4.9464125682 4.9464125682 4.9464125682 19.7856502728 19.7856502728 19.7856502728
12504 32768 174468.04 174468.04 174468.04 4.69691838115 4.69691838115 4.69691838115 18.7876735246 18.7876735246 18.7876735246
13752 32768 195312.977 195312.977 195312.977 4.61439421918 4.61439421918 4.61439421918 18.4575768767 18.4575768767 18.4575768767
15120 32768 208869.934 208869.934 208869.934 4.74412138226 4.74412138226 4.74412138226 18.976485529 18.976485529 18.976485529
16632 16384 114125.967 114125.967 114125.967 4.77540204325 4.77540204325 4.77540204325 19.101608173 19.101608173 19.101608173
18288 16384 125548.84 125548.84 125548.84 4.77313198593 4.77313198593 4.77313198593 19.0925279437 19.0925279437 19.0925279437
20112 16384 135361.91 135361.91 135361.91 4.86865186817 4.86865186817 4.86865186817 19.4746074727 19.4746074727 19.4746074727
22120 16384 150677.919 150677.919 150677.919 4.81044711004 4.81044711004 4.81044711004 19.2417884401 19.2417884401 19.2417884401
24328 16384 164575.1 164575.1 164575.1 4.84386704915 4.84386704915 4.84386704915 19.3754681966 19.3754681966 19.3754681966
26760 16384 178989.172 178989.172 178989.172 4.89902081898 4.89902081898 4.89902081898 19.5960832759 19.5960832759 19.5960832759
29432 16384 202483.892 202483.892 202483.892 4.76298517612 4.76298517612 4.76298517612 19.0519407045 19.0519407045 19.0519407045
32368 16384 224870.92 224870.92 224870.92 4.71663754477 4.71663754477 4.71663754477 18.8665501791 18.8665501791 18.8665501791
35600 8192 123054.981 123054.981 123054.981 4.73991702945 4.73991702945 4.73991702945 18.9596681178 18.9596681178 18.9596681178
39160 8192 136511.087 136511.087 136511.087 4.69996579838 4.69996579838 4.69996579838 18.7998631935 18.7998631935 18.7998631935
43072 8192 145973.921 145973.921 145973.921 4.83436796906 4.83436796906 4.83436796906 19.3374718762 19.3374718762 19.3374718762
47376 8192 161108.971 161108.971 161108.971 4.81790914052 4.81790914052 4.81790914052 19.2716365621 19.2716365621 19.2716365621
52112 8192 176503.181 176503.181 176503.181 4.83732362875 4.83732362875 4.83732362875 19.349294515 19.349294515 19.349294515
57320 8192 194430.828 194430.828 194430.828 4.83015419756 4.83015419756 4.83015419756 19.3206167903 19.3206167903 19.3206167903
63048 8192 212604.046 212604.046 212604.046 4.85869601936 4.85869601936 4.85869601936 19.4347840774 19.4347840774 19.4347840774
69352 4096 126868.01 126868.01 126868.01 4.47813112226 4.47813112226 4.47813112226 17.912524489 17.912524489 17.912524489
76280 4096 125744.104 125744.104 125744.104 4.96950346077 4.96950346077 4.96950346077 19.8780138431 19.8780138431 19.8780138431
83904 4096 141210.794 141210.794 141210.794 4.86748603651 4.86748603651 4.86748603651 19.4699441461 19.4699441461 19.4699441461
92288 4096 157360.077 157360.077 157360.077 4.80441615442 4.80441615442 4.80441615442 19.2176646177 19.2176646177 19.2176646177
101512 4096 168527.842 168527.842 168527.842 4.9344149556 4.9344149556 4.9344149556 19.7376598224 19.7376598224 19.7376598224
111656 4096 189368.963 189368.963 189368.963 4.83017880813 4.83017880813 4.83017880813 19.3207152325 19.3207152325 19.3207152325
122816 4096 207040.071 207040.071 207040.071 4.85948766894 4.85948766894 4.85948766894 19.4379506757 19.4379506757 19.4379506757
135096 2048 112397.909 112397.909 112397.909 4.92316290332 4.92316290332 4.92316290332 19.6926516133 19.6926516133 19.6926516133
148600 2048 123947.859 123947.859 123947.859 4.91065844066 4.91065844066 4.91065844066 19.6426337626 19.6426337626 19.6426337626
163456 2048 140008.926 140008.926 140008.926 4.78195065935 4.78195065935 4.78195065935 19.1278026374 19.1278026374 19.1278026374
179800 2048 146636.009 146636.009 146636.009 5.02237346081 5.02237346081 5.02237346081 20.0894938432 20.0894938432 20.0894938432
197776 2048 162010.908 162010.908 162010.908 5.00022193567 5.00022193567 5.00022193567 20.0008877427 20.0008877427 20.0008877427
217552 2048 182655.811 182655.811 182655.811 4.87853623228 4.87853623228 4.87853623228 19.5141449291 19.5141449291 19.5141449291
239304 2048 201016.903 201016.903 201016.903 4.87615304669 4.87615304669 4.87615304669 19.5046121868 19.5046121868 19.5046121868
263232 1024 168762.207 168762.207 168762.207 3.19443046867 3.19443046867 3.19443046867 12.7777218747 12.7777218747 12.7777218747
289552 1024 119467.974 119467.974 119467.974 4.96369425332 4.96369425332 4.96369425332 19.8547770133 19.8547770133 19.8547770133
318504 1024 131827.116 131827.116 131827.116 4.94811850394 4.94811850394 4.94811850394 19.7924740157 19.7924740157 19.7924740157
350352 1024 142253.876 142253.876 142253.876 5.04394619096 5.04394619096 5.04394619096 20.1757847639 20.1757847639 20.1757847639
385384 1024 164973.021 164973.021 164973.021 4.78421518389 4.78421518389 4.78421518389 19.1368607356 19.1368607356 19.1368607356
423920 1024 175922.871 175922.871 175922.871 4.93504997426 4.93504997426 4.93504997426 19.740199897 19.740199897 19.740199897
466312 1024 204928.16 204928.16 204928.16 4.66020373188 4.66020373188 4.66020373188 18.6408149275 18.6408149275 18.6408149275
512936 1024 247925.997 247925.997 247925.997 4.23712293471 4.23712293471 4.23712293471 16.9484917388 16.9484917388 16.9484917388
564224 512 124010.086 124010.086 124010.086 4.65901923494 4.65901923494 4.65901923494 18.6360769397 18.6360769397 18.6360769397
620640 512 133694.887 133694.887 133694.887 4.75362502083 4.75362502083 4.75362502083 19.0145000833 19.0145000833 19.0145000833
682704 512 147234.917 147234.917 147234.917 4.74811892616 4.74811892616 4.74811892616 18.9924757047 18.9924757047 18.9924757047
750968 512 154054.88 154054.88 154054.88 4.99167070852 4.99167070852 4.99167070852 19.9666828341 19.9666828341 19.9666828341
826064 512 170948.982 170948.982 170948.982 4.94819873218 4.94819873218 4.94819873218 19.7927949287 19.7927949287 19.7927949287
908664 512 188970.089 188970.089 188970.089 4.92391119105 4.92391119105 4.92391119105 19.6956447642 19.6956447642 19.6956447642
999528 512 221947.908 221947.908 221947.908 4.61151754582 4.61151754582 4.61151754582 18.4460701833 18.4460701833 18.4460701833
1099480 256 115594.864 115594.864 115594.864 4.86988556862 4.86988556862 4.86988556862 19.4795422745 19.4795422745 19.4795422745
1209424 256 135735.989 135735.989 135735.989 4.56198162744 4.56198162744 4.56198162744 18.2479265097 18.2479265097 18.2479265097
1330360 256 143180.847 143180.847 143180.847 4.75723069301 4.75723069301 4.75723069301 19.0289227721 19.0289227721 19.0289227721
1463392 256 157725.096 157725.096 157725.096 4.75039624639 4.75039624639 4.75039624639 19.0015849856 19.0015849856 19.0015849856
1609728 256 174364.09 174364.09 174364.09 4.72678024472 4.72678024472 4.72678024472 18.9071209789 18.9071209789 18.9071209789
1770696 256 188780.069 188780.069 188780.069 4.80239443074 4.80239443074 4.80239443074 19.209577723 19.209577723 19.209577723
1947760 256 209899.902 209899.902 209899.902 4.75108902147 4.75108902147 4.75108902147 19.0043560859 19.0043560859 19.0043560859
2142536 128 116441.011 116441.011 116441.011 4.71044704344 4.71044704344 4.71044704344 18.8417881738 18.8417881738 18.8417881738
2356784 128 126485.825 126485.825 126485.825 4.76999461402 4.76999461402 4.76999461402 19.0799784561 19.0799784561 19.0799784561
2592456 128 142191.887 142191.887 142191.887 4.66741633438 4.66741633438 4.66741633438 18.6696653375 18.6696653375 18.6696653375
2851696 128 153272.152 153272.152 153272.152 4.76299292777 4.76299292777 4.76299292777 19.0519717111 19.0519717111 19.0519717111
3136864 128 168835.878 168835.878 168835.878 4.75631834603 4.75631834603 4.75631834603 19.0252733841 19.0252733841 19.0252733841
3450544 128 187440.872 187440.872 187440.872 4.7126288657 4.7126288657 4.7126288657 18.8505154628 18.8505154628 18.8505154628
3795592 128 211586.952 211586.952 211586.952 4.5923037447 4.5923037447 4.5923037447 18.3692149788 18.3692149788 18.3692149788
4175144 128 220637.083 220637.083 220637.083 4.8443210428 4.8443210428 4.8443210428 19.3772841712 19.3772841712 19.3772841712
4592656 64 119666.1 119666.1 119666.1 4.91250210377 4.91250210377 4.91250210377 19.6500084151 19.6500084151 19.6500084151
5051920 64 138220.072 138220.072 138220.072 4.67837811573 4.67837811573 4.67837811573 18.7135124629 18.7135124629 18.7135124629
5557112 64 153086.185 153086.185 153086.185 4.64646980392 4.64646980392 4.64646980392 18.5858792157 18.5858792157 18.5858792157
6112816 64 174984.932 174984.932 174984.932 4.47147328091 4.47147328091 4.47147328091 17.8858931236 17.8858931236 17.8858931236
6724096 64 178314.209 178314.209 178314.209 4.82678465629 4.82678465629 4.82678465629 19.3071386252 19.3071386252 19.3071386252
7396504 64 192374.945 192374.945 192374.945 4.92139198272 4.92139198272 4.92139198272 19.6855679309 19.6855679309 19.6855679309
8136152 64 215447.903 215447.903 215447.903 4.83377856781 4.83377856781 4.83377856781 19.3351142712 19.3351142712 19.3351142712
8949760 32 124315.977 124315.977 124315.977 4.6074901539 4.6074901539 4.6074901539 18.4299606156 18.4299606156 18.4299606156
9844736 32 133790.016 133790.016 133790.016 4.70934321437 4.70934321437 4.70934321437 18.8373728575 18.8373728575 18.8373728575
10829208 32 151196.957 151196.957 151196.957 4.58388399973 4.58388399973 4.58388399973 18.3355359989 18.3355359989 18.3355359989
11912128 32 165117.979 165117.979 165117.979 4.61716038809 4.61716038809 4.61716038809 18.4686415524 18.4686415524 18.4686415524
13103336 32 173066.854 173066.854 173066.854 4.84560436974 4.84560436974 4.84560436974 19.382417479 19.382417479 19.382417479
14413664 32 194096.804 194096.804 194096.804 4.75265165108 4.75265165108 4.75265165108 19.0106066043 19.0106066043 19.0106066043
15855024 32 207133.055 207133.055 207133.055 4.89888750977 4.89888750977 4.89888750977 19.5955500391 19.5955500391 19.5955500391
17440520 16 114315.033 114315.033 114315.033 4.88209315392 4.88209315392 4.88209315392 19.5283726157 19.5283726157 19.5283726157
19184568 16 134653.091 134653.091 134653.091 4.55916883482 4.55916883482 4.55916883482 18.2366753393 18.2366753393 18.2366753393
21103024 16 144626.141 144626.141 144626.141 4.6692580147 4.6692580147 4.6692580147 18.6770320588 18.6770320588 18.6770320588
23213320 16 161568.88 161568.88 161568.88 4.59758240572 4.59758240572 4.59758240572 18.3903296229 18.3903296229 18.3903296229
25534648 16 217986.107 217986.107 217986.107 3.74844409694 3.74844409694 3.74844409694 14.9937763878 14.9937763878 14.9937763878
28088112 16 205296.04 205296.04 205296.04 4.37816328069 4.37816328069 4.37816328069 17.5126531228 17.5126531228 17.5126531228
30896920 16 205867.052 205867.052 205867.052 4.80262106245 4.80262106245 4.80262106245 19.2104842498 19.2104842498 19.2104842498
33986608 8 112038.136 112038.136 112038.136 4.85357707129 4.85357707129 4.85357707129 19.4143082852 19.4143082852 19.4143082852
37385264 8 119530.916 119530.916 119530.916 5.00426370028 5.00426370028 5.00426370028 20.0170548011 20.0170548011 20.0170548011
41123784 8 134947.062 134947.062 134947.062 4.87584193571 4.87584193571 4.87584193571 19.5033677428 19.5033677428 19.5033677428
45236160 8 146982.908 146982.908 146982.908 4.9242362248 4.9242362248 4.9242362248 19.6969448992 19.6969448992 19.6969448992
49759776 8 162918.091 162918.091 162918.091 4.88685087772 4.88685087772 4.88685087772 19.5474035109 19.5474035109 19.5474035109
54735752 8 177378.178 177378.178 177378.178 4.9373155248 4.9373155248 4.9373155248 19.7492620992 19.7492620992 19.7492620992
60209320 8 194731.951 194731.951 194731.951 4.94705216608 4.94705216608 4.94705216608 19.7882086643 19.7882086643 19.7882086643
66230248 8 217250.109 217250.109 217250.109 4.87771432142 4.87771432142 4.87771432142 19.5108572857 19.5108572857 19.5108572857
72853272 4 117467.165 117467.165 117467.165 4.96160928035 4.96160928035 4.96160928035 19.8464371214 19.8464371214 19.8464371214
80138592 4 129150.867 129150.867 129150.867 4.96402967237 4.96402967237 4.96402967237 19.8561186895 19.8561186895 19.8561186895
88152448 4 142657.042 142657.042 142657.042 4.94346142408 4.94346142408 4.94346142408 19.7738456963 19.7738456963 19.7738456963
96967688 4 160011.768 160011.768 160011.768 4.84802782755 4.84802782755 4.84802782755 19.3921113102 19.3921113102 19.3921113102
106664456 4 180640.936 180640.936 180640.936 4.72382211306 4.72382211306 4.72382211306 18.8952884522 18.8952884522 18.8952884522
117330896 4 201627.97 201627.97 201627.97 4.65534205398 4.65534205398 4.65534205398 18.6213682159 18.6213682159 18.6213682159
129063984 4 210140.944 210140.944 210140.944 4.91342549599 4.91342549599 4.91342549599 19.6537019839 19.6537019839 19.6537019839
141970376 2 114847.898 114847.898 114847.898 4.94463994456 4.94463994456 4.94463994456 19.7785597783 19.7785597783 19.7785597783
156167408 2 133450.985 133450.985 133450.985 4.68089187952 4.68089187952 4.68089187952 18.7235675181 18.7235675181 18.7235675181
171784144 2 139125.109 139125.109 139125.109 4.93898319965 4.93898319965 4.93898319965 19.7559327986 19.7559327986 19.7559327986
188962552 2 153668.165 153668.165 153668.165 4.91871695091 4.91871695091 4.91871695091 19.6748678036 19.6748678036 19.6748678036
207858800 2 179221.153 179221.153 179221.153 4.63915774496 4.63915774496 4.63915774496 18.5566309798 18.5566309798 18.5566309798
228644680 2 228357.077 228357.077 228357.077 4.00503777687 4.00503777687 4.00503777687 16.0201511075 16.0201511075 16.0201511075
251509144 2 202343.941 202343.941 202343.941 4.97191352026 4.97191352026 4.97191352026 19.887654081 19.887654081 19.887654081
276660056 1 111919.88 111919.88 111919.88 4.94389479331 4.94389479331 4.94389479331 19.7755791732 19.7755791732 19.7755791732
304326056 1 144403.934 144403.934 144403.934 4.21492749637 4.21492749637 4.21492749637 16.8597099855 16.8597099855 16.8597099855
334758656 1 154917.002 154917.002 154917.002 4.32178071714 4.32178071714 4.32178071714 17.2871228685 17.2871228685 17.2871228685
368234520 1 166079.998 166079.998 166079.998 4.43442346381 4.43442346381 4.43442346381 17.7376938552 17.7376938552 17.7376938552
405057968 1 199476.004 199476.004 199476.004 4.06121999516 4.06121999516 4.06121999516 16.2448799807 16.2448799807 16.2448799807
445563760 1 180075.884 180075.884 180075.884 4.94862221529 4.94862221529 4.94862221529 19.7944888612 19.7944888612 19.7944888612
490120136 1 203425.884 203425.884 203425.884 4.81866050045 4.81866050045 4.81866050045 19.2746420018 19.2746420018 19.2746420018

META_DATA
ERT_VERSION  1.1.0
HOSTNAME  ('e828f4ff7df7', [], ['172.17.0.2'])
TIMESTAMP_DATA  1620700567.97
OPENMP_THREADS 1
CONFIG  {'ERT_WORKING_SET_MIN': ['1'], 'ERT_CFLAGS': ['-Ofast', '-march=native'], 'ERT_CC': ['cc'], 'ERT_MPI_CFLAGS': [], 'ERT_MPI_LDFLAGS': [], 'ERT_MEMORY_MAX': ['536870912', '#', '512MB'], 'ERT_LDFLAGS': [], 'ERT_LDLIBS': [], 'ERT_RUN': ['export', 'OMP_NUM_THREADS=ERT_OPENMP_THREADS', ';', './ERT_CODE'], 'ERT_FLOPS': ['1,4,16,64'], 'ERT_OPENMP_CFLAGS': ['-fopenmp'], 'ERT_MPI': ['False'], 'ERT_TRIALS_MIN': ['1'], 'ERT_DRIVER': ['driver1'], 'ERT_RESULTS': ['OpenMP_4'], 'ERT_OPENMP': ['True'], 'ERT_OPENMP_THREADS': ['1,2,4'], 'ERT_KERNEL': ['kernel1'], 'ERT_GPU': [False], 'ERT_LD': ['cc'], 'ERT_NUM_EXPERIMENTS': ['1'], 'ERT_OPENMP_LDFLAGS': ['-fopenmp'], 'ERT_ALIGN': ['64'], 'ERT_GNUPLOT': ['gnuplot']}
UNAME  ('Linux', 'e828f4ff7df7', '5.4.72-microsoft-standard-WSL2', '#1 SMP Wed Oct 28 23:40:43 UTC 2020', 'x86_64', 'x86_64')
FLOPS          64
